500 10000
67 343
2 153
210 296
400 463
196 485
361 365
290 342
232 318
294 425
84 209
400 403
89 92
149 387
205 250
139 444
456 497
90 96
194 215
41 50
327 388
92 470
178 307
140 490
180 353
35 498
3 313
152 439
84 306
83 270
107 324
181 375
149 318
58 237
320 372
277 313
9 258
92 402
290 365
203 394
91 456
194 429
90 394
168 373
160 274
41 449
277 463
299 374
366 380
320 425
48 160
4 55
114 424
232 355
135 411
51 338
74 103
329 406
328 459
339 496
236 333
429 475
101 280
212 372
80 104
91 342
110 318
298 356
316 403
168 290
81 451
165 486
81 293
9 234
49 242
136 152
235 269
119 182
89 213
157 248
104 259
27 174
446 482
212 409
318 320
457 489
155 244
76 97
84 314
113 477
85 468
16 404
87 300
166 252
14 308
133 262
8 464
182 313
101 332
190 248
327 485
207 262
202 447
235 483
129 346
247 377
56 98
19 195
225 377
249 378
196 239
86 482
238 260
10 31
106 173
150 380
6 128
268 490
25 90
12 432
266 477
188 428
410 443
140 172
210 377
117 423
320 355
329 371
196 222
145 429
226 268
117 209
343 378
322 494
204 383
240 278
157 410
159 284
19 182
410 465
60 280
36 226
382 446
85 339
418 442
407 496
36 391
338 354
221 424
378 436
34 154
50 296
102 167
251 278
127 464
26 407
221 430
125 163
198 337
6 69
3 323
85 363
154 470
5 257
99 427
20 66
179 497
45 218
256 362
436 489
36 286
367 399
38 163
12 319
40 477
196 492
83 357
161 293
103 406
280 427
38 469
41 261
45 256
53 368
391 417
49 199
61 294
44 362
86 416
103 468
284 316
44 309
30 203
317 342
179 351
440 468
384 476
88 207
12 83
262 404
165 381
320 379
314 458
89 153
48 234
372 409
96 292
54 94
28 168
336 438
188 208
360 492
57 451
47 287
50 203
83 245
63 89
109 488
53 267
132 280
122 391
247 270
440 459
234 259
6 285
308 453
60 478
256 394
186 495
74 228
163 269
384 430
383 458
223 408
51 459
115 122
11 153
37 141
32 97
35 165
332 349
309 363
170 259
107 446
112 144
90 176
4 397
61 453
48 174
205 291
38 372
70 377
28 248
269 328
308 451
152 457
86 232
338 399
55 401
149 410
74 175
227 488
36 408
82 397
151 230
6 459
117 191
339 479
312 418
257 405
358 361
323 417
295 411
317 339
23 226
199 311
369 449
286 480
135 431
285 311
108 329
164 463
317 393
109 431
17 477
16 223
91 184
435 450
232 249
230 412
30 84
316 331
332 462
348 390
215 296
266 378
75 157
457 480
243 423
137 333
109 458
92 438
76 391
11 93
317 370
289 414
152 188
176 468
243 403
169 400
194 243
258 292
161 267
84 303
6 68
170 393
277 472
3 169
133 236
85 246
90 216
275 453
21 367
104 436
148 381
77 472
1 112
348 428
208 393
239 328
325 371
90 401
36 393
181 475
47 397
3 367
107 169
203 357
422 477
390 403
138 147
167 349
44 246
95 400
295 306
251 432
177 273
433 500
46 386
98 181
149 303
40 229
261 498
93 447
138 391
104 261
163 340
140 380
51 77
105 311
287 292
338 438
483 489
301 332
246 335
146 334
172 398
42 411
398 490
65 254
39 410
264 450
177 420
16 40
32 169
238 497
485 493
255 359
129 407
83 100
272 314
137 202
15 162
44 231
316 484
24 400
111 315
7 35
34 417
35 67
162 472
364 381
137 215
114 460
424 445
79 149
385 417
57 61
95 156
161 259
169 265
156 325
39 172
350 403
30 265
6 63
168 495
176 278
101 352
154 432
260 280
224 389
152 420
70 467
466 491
22 111
338 388
231 331
310 319
198 217
71 277
203 413
130 242
308 500
164 178
408 422
180 387
224 409
6 198
68 484
76 466
26 354
318 357
107 334
174 366
378 462
74 83
254 399
203 221
295 353
148 262
45 466
88 481
108 449
196 477
231 463
332 441
202 315
145 382
184 425
162 325
186 380
13 29
91 261
308 418
19 353
59 277
351 430
118 233
185 279
30 278
49 306
42 222
281 495
12 269
135 432
398 485
205 341
10 40
317 429
474 488
21 258
65 295
337 387
102 361
245 429
144 146
153 184
211 477
315 350
108 421
19 488
49 392
162 197
429 483
6 62
73 205
156 339
207 251
261 438
185 286
91 295
189 372
5 452
266 447
306 412
153 252
42 182
168 196
40 320
187 378
427 490
24 484
214 239
87 246
279 373
177 234
24 398
435 496
43 165
97 100
187 431
130 199
92 107
12 416
38 147
159 308
78 191
78 335
204 484
69 197
200 368
124 256
49 218
261 411
184 394
8 486
126 469
417 480
191 288
54 468
213 231
409 419
131 239
98 196
8 323
125 141
202 316
96 133
58 444
36 138
1 418
241 319
235 282
121 441
12 153
109 185
75 380
223 251
202 230
135 340
209 269
190 203
61 168
39 201
98 486
35 107
315 442
13 243
319 417
367 397
138 402
141 312
58 136
14 375
212 396
192 399
3 272
34 484
417 468
275 352
87 214
294 362
347 430
97 219
312 423
434 458
88 469
275 417
391 438
68 369
56 486
47 71
244 490
9 16
4 482
315 321
224 492
109 457
60 113
55 261
105 110
114 147
168 492
81 158
438 489
50 57
48 493
136 412
165 364
102 409
155 499
66 422
1 433
418 488
160 199
204 447
128 295
258 441
314 387
51 456
81 96
175 334
363 438
18 22
158 441
177 430
234 424
102 204
227 260
89 264
390 474
155 230
281 345
141 436
181 429
159 277
170 296
12 70
111 408
97 251
39 148
248 285
290 442
250 252
134 156
175 434
319 342
332 431
48 151
131 393
293 297
153 354
325 375
125 437
28 106
325 344
323 353
242 271
332 434
125 220
110 348
273 490
87 344
32 359
254 367
269 456
388 450
84 302
15 177
12 203
401 419
108 180
343 472
32 84
21 226
69 429
141 419
154 243
208 400
332 430
248 310
239 396
298 364
362 435
335 478
182 466
68 307
126 410
235 236
391 487
157 202
187 227
158 176
101 229
27 154
111 495
41 318
59 100
164 442
87 146
140 249
78 213
106 388
224 287
306 372
108 163
48 459
11 255
12 335
87 108
368 426
388 412
55 402
112 244
52 100
108 166
69 169
324 369
97 243
239 301
121 217
307 380
37 138
211 341
201 243
36 466
81 99
7 460
74 320
124 458
209 233
223 233
206 492
90 296
263 461
72 122
276 368
246 308
248 287
58 164
15 383
178 340
63 401
75 468
207 317
130 280
25 61
39 394
153 227
279 338
335 447
21 360
144 484
240 259
72 238
20 272
39 42
130 484
357 389
189 331
61 140
72 392
278 429
473 478
311 443
250 431
32 469
228 257
173 393
205 459
272 419
36 458
57 133
103 126
4 443
275 371
239 260
250 359
35 391
216 463
214 409
11 368
143 443
136 296
93 387
140 494
57 215
113 467
142 162
324 408
139 458
172 374
217 410
345 412
382 492
117 363
256 485
242 359
24 419
144 216
53 241
213 369
28 120
308 346
63 465
331 336
351 452
281 472
104 257
147 236
1 426
388 498
39 260
57 373
269 479
254 474
16 436
84 324
25 300
69 405
123 371
84 319
7 102
305 392
203 350
209 230
15 463
456 476
15 295
159 397
22 352
96 223
365 450
43 202
60 422
427 466
311 389
3 128
93 180
68 131
27 347
150 269
370 412
124 304
28 376
111 186
104 422
149 471
131 389
129 460
16 299
128 444
89 215
80 133
138 398
91 325
41 84
78 345
2 393
164 457
224 482
257 383
197 276
160 214
201 207
163 189
94 389
55 282
100 391
340 344
192 465
166 424
184 428
400 417
128 282
224 272
297 403
136 140
370 404
315 329
97 137
228 328
20 261
317 467
121 191
35 362
81 177
76 436
39 106
292 408
366 477
165 278
88 217
323 351
223 303
110 459
200 443
64 486
13 70
20 147
312 468
161 286
170 336
88 354
62 416
73 384
265 359
411 479
319 482
114 132
16 69
333 376
181 456
166 411
303 306
289 296
321 499
383 432
12 489
230 436
14 482
42 311
72 348
88 339
235 459
254 314
28 357
309 326
15 241
200 486
430 490
146 230
31 433
376 385
194 402
240 420
166 373
322 415
19 462
107 343
273 297
204 417
300 422
20 379
35 367
327 342
245 248
49 338
410 464
50 493
116 146
33 466
49 470
114 282
96 402
279 454
273 310
24 369
401 411
78 498
73 195
70 343
134 455
46 432
33 215
132 270
153 190
318 381
320 491
115 262
10 54
289 466
7 412
423 448
416 422
264 271
207 232
36 339
225 333
15 44
20 466
17 162
38 440
128 326
167 418
225 418
44 174
405 471
194 200
91 230
63 273
37 333
48 401
31 427
416 429
49 140
362 419
4 196
426 460
28 201
205 479
58 59
213 401
178 188
28 128
44 150
245 282
308 482
318 487
139 418
403 488
113 463
178 306
275 325
84 443
274 317
282 292
145 320
399 460
271 331
271 459
142 413
23 488
183 394
344 437
57 361
42 110
311 388
239 468
21 81
152 446
326 427
303 386
74 179
98 238
165 180
91 250
287 394
12 453
34 69
135 243
40 198
47 151
191 278
231 328
348 364
216 456
102 433
74 287
397 439
286 309
119 146
173 285
145 424
279 304
362 400
105 279
211 331
27 81
121 316
51 245
45 376
232 418
79 92
26 398
158 285
24 263
424 497
92 432
267 418
268 269
134 164
9 320
84 410
197 270
220 376
428 472
145 470
21 356
335 484
80 498
236 335
129 202
410 444
8 444
121 398
7 33
206 348
10 276
263 291
96 273
232 447
194 368
223 306
395 404
124 475
140 208
116 348
237 471
220 372
324 386
120 311
72 434
18 133
208 321
178 468
341 400
166 256
156 195
465 499
346 425
77 87
17 221
266 421
241 450
42 322
268 460
115 470
58 243
224 281
312 419
390 446
84 212
30 477
46 135
27 251
203 212
216 237
249 495
251 416
279 474
353 445
282 320
350 358
189 407
169 440
271 489
126 207
57 258
98 348
141 302
276 285
35 129
87 348
174 413
84 494
8 289
227 397
172 408
417 463
82 99
97 154
272 390
111 392
15 108
254 495
90 425
451 476
377 410
223 476
32 357
207 381
323 403
174 302
60 128
143 240
48 236
141 484
60 211
82 328
13 465
105 236
280 434
91 466
219 494
133 156
35 476
49 80
144 194
192 345
45 334
133 388
120 436
162 296
61 491
315 396
332 366
134 319
18 141
236 435
266 460
297 352
302 441
137 424
338 439
155 487
318 369
308 364
168 207
38 456
333 396
154 216
87 430
366 443
96 110
176 385
198 233
300 339
38 175
370 382
11 469
165 169
38 168
94 213
200 285
440 444
61 111
66 373
365 495
50 462
339 458
92 481
339 420
96 201
307 471
161 260
110 467
436 498
90 199
394 474
207 319
448 472
76 432
26 127
5 380
170 494
69 396
27 127
152 312
196 491
86 147
9 191
179 406
66 312
27 334
51 316
30 269
55 368
305 347
265 293
147 217
213 247
59 64
123 136
170 340
8 470
20 344
308 313
7 235
86 163
203 440
66 428
238 242
258 491
241 433
117 137
81 271
190 247
419 477
100 382
379 415
406 468
97 372
57 464
37 49
8 304
307 355
15 194
331 432
79 267
76 96
96 329
44 268
177 261
242 488
142 457
117 349
40 165
231 419
139 462
365 404
107 394
50 481
166 342
362 380
105 359
8 54
122 427
138 401
207 452
78 97
23 475
51 438
89 125
22 135
188 280
411 485
307 358
219 309
99 418
28 491
101 146
60 248
357 416
81 455
231 279
441 447
443 492
81 416
264 361
370 494
235 245
267 332
180 445
106 317
315 352
394 421
128 354
84 90
322 337
308 426
55 228
178 226
20 113
35 499
115 214
162 215
92 232
229 384
312 374
216 407
214 238
43 491
162 384
103 256
91 319
232 377
330 486
1 428
77 361
384 437
76 405
31 368
235 317
483 498
285 321
234 325
219 305
158 228
104 143
317 363
69 271
121 367
247 328
152 477
144 330
102 391
65 477
242 366
121 481
262 327
1 279
62 115
173 214
178 362
87 185
228 454
11 435
45 336
171 433
26 272
150 326
90 289
60 252
22 477
48 274
195 355
35 323
44 214
364 395
74 248
408 481
442 468
76 153
148 252
67 453
208 314
28 122
148 276
339 469
382 498
296 391
431 446
50 438
304 456
279 409
109 188
241 249
146 419
124 239
73 443
75 81
75 269
59 184
334 393
19 153
64 454
162 451
51 220
239 338
128 186
157 163
207 274
398 438
220 269
241 323
9 292
112 138
16 145
291 449
386 493
179 363
463 471
268 347
141 325
100 487
241 437
60 110
106 365
256 328
325 346
93 276
317 328
177 294
65 370
105 278
152 225
77 198
15 279
350 386
463 488
79 428
38 190
230 321
244 273
99 467
106 237
423 499
316 474
78 296
235 386
257 453
73 362
338 499
167 291
221 485
100 481
24 111
69 107
31 252
190 449
114 181
286 360
289 358
227 415
428 496
5 334
264 383
33 416
37 102
21 445
205 235
117 296
173 423
103 459
179 452
46 123
183 276
168 364
142 201
363 463
127 158
201 276
91 434
301 479
354 485
109 283
235 286
118 449
237 455
192 435
249 384
8 263
330 372
258 413
115 147
284 476
245 468
154 411
411 450
263 312
36 309
90 279
74 196
164 239
246 365
371 423
125 249
127 376
139 495
47 242
390 418
37 391
234 476
329 423
256 355
222 453
38 488
58 351
385 496
62 193
88 102
82 292
37 233
302 303
103 421
35 426
34 334
32 407
172 372
278 315
289 439
276 440
181 388
22 33
78 85
132 376
152 236
225 266
470 475
286 490
307 454
19 309
2 472
48 207
121 165
21 211
110 123
22 373
250 366
210 483
275 471
72 240
50 182
151 458
167 236
23 495
93 292
298 379
262 394
91 222
192 372
41 149
440 483
272 411
11 84
120 206
266 329
16 329
14 197
127 212
140 227
69 461
7 259
223 412
284 349
172 371
143 162
25 196
263 284
142 333
45 437
117 422
79 486
170 444
183 307
308 373
313 450
86 498
148 159
124 245
478 498
82 481
49 168
41 115
406 451
248 301
26 128
21 101
52 192
116 467
134 370
47 230
256 367
45 107
197 224
12 390
198 485
442 464
35 330
10 243
110 345
70 231
283 284
62 421
262 393
362 378
105 241
138 234
141 460
81 341
209 387
230 463
59 177
151 351
36 47
128 313
20 294
74 338
210 327
27 80
381 474
76 440
254 319
6 234
444 495
153 194
126 407
126 347
154 320
224 488
18 223
125 329
433 489
81 435
227 292
62 397
378 434
427 472
62 355
165 469
209 305
192 396
80 321
34 198
44 421
344 478
303 427
121 158
145 249
207 466
19 475
52 421
68 217
101 481
428 470
46 124
394 448
262 320
107 215
146 329
242 318
100 395
225 437
250 490
94 207
229 241
283 302
4 205
250 367
201 430
23 197
65 119
231 273
122 306
28 249
58 228
139 318
92 300
226 319
334 389
26 339
68 452
194 495
253 388
271 394
269 487
16 154
403 468
358 417
68 203
184 494
4 348
49 364
29 240
39 108
189 374
266 278
229 318
492 496
162 178
257 468
109 410
298 495
43 317
165 312
3 78
99 446
217 431
408 485
384 491
21 50
266 369
214 421
17 309
76 374
158 290
31 407
1 304
366 372
12 63
132 257
302 479
338 381
198 316
86 285
265 325
100 251
138 217
2 331
255 406
1 446
406 493
131 488
112 436
352 405
151 403
72 203
405 464
94 268
325 459
15 490
253 359
290 308
372 492
138 189
224 233
315 451
96 197
89 476
141 381
123 155
35 439
47 291
204 500
24 481
200 325
11 334
347 450
174 248
8 177
417 491
450 466
21 77
117 311
292 409
117 207
143 469
314 389
325 370
66 303
309 450
36 98
202 392
237 324
17 80
54 309
312 330
165 315
276 460
62 197
366 478
22 41
149 235
292 311
45 47
92 264
292 467
53 126
65 248
119 444
25 96
263 412
275 466
138 486
431 461
36 211
89 93
107 150
172 332
277 448
114 345
221 407
294 356
255 489
139 422
171 446
60 226
198 462
45 167
263 368
245 310
5 347
117 467
374 402
92 134
11 426
146 153
201 289
86 173
55 354
14 305
231 364
159 482
460 478
98 421
180 340
158 420
377 484
50 92
349 421
322 489
32 49
99 310
16 161
385 452
179 196
134 255
24 108
33 219
145 426
26 42
251 301
340 355
166 186
134 239
57 371
317 330
146 264
374 489
132 283
97 222
22 243
302 459
290 339
49 145
230 269
386 482
250 436
103 496
392 479
407 475
423 436
121 412
135 323
17 89
17 419
137 283
289 413
363 396
405 459
456 463
187 297
38 373
6 416
212 344
198 356
15 233
5 367
253 332
136 349
59 321
340 420
37 39
155 475
11 258
94 191
27 112
117 340
291 477
326 471
27 101
407 408
359 408
82 95
161 183
34 222
193 326
267 413
81 410
53 423
84 88
147 276
186 242
44 211
206 319
415 467
332 373
196 405
203 220
58 118
85 91
109 372
346 407
284 345
71 183
135 159
427 494
198 449
80 306
123 260
123 368
150 189
117 373
390 439
158 443
12 100
212 328
103 378
141 173
3 388
15 73
147 266
179 268
63 256
30 292
69 238
184 454
19 114
18 104
108 477
158 357
175 201
150 200
91 111
81 314
23 206
37 204
230 387
139 231
252 297
18 313
64 259
363 381
76 472
222 395
77 251
79 357
19 394
24 273
14 473
140 339
227 436
239 313
285 305
350 388
124 392
272 323
44 121
83 260
147 367
94 488
99 405
112 154
194 375
40 215
36 423
18 298
190 460
354 394
110 181
26 115
356 468
161 292
220 325
15 359
122 232
234 433
83 116
126 215
179 376
211 405
330 396
14 317
49 315
154 297
116 366
50 385
67 254
107 499
108 293
6 314
338 465
66 185
330 364
39 140
1 183
181 345
355 385
327 470
420 484
155 284
169 275
68 86
134 202
80 325
8 208
237 481
123 469
3 217
46 276
279 436
84 227
33 393
203 483
284 483
113 184
183 242
278 411
13 296
89 164
132 346
130 479
99 282
185 320
115 458
220 449
137 331
288 434
3 119
112 381
38 326
454 456
131 201
45 292
20 149
229 231
135 448
193 419
401 484
55 252
65 396
63 300
55 406
241 492
464 479
152 175
379 445
208 474
43 200
461 492
48 72
130 461
212 490
84 248
398 401
297 411
143 472
12 197
39 171
94 219
53 441
224 371
38 121
77 117
146 297
33 223
241 495
228 235
148 351
51 106
174 252
122 213
181 277
103 315
108 215
4 224
139 201
18 321
454 499
179 216
38 474
14 93
264 341
147 243
24 333
104 340
75 402
37 93
102 197
444 484
269 400
352 382
293 490
414 427
1 175
125 343
349 484
70 111
61 162
155 203
306 470
4 267
65 129
274 441
60 109
93 317
208 500
245 493
89 206
261 469
415 430
246 395
31 281
49 85
105 254
130 237
155 173
357 392
30 404
97 235
177 298
375 490
38 438
166 351
198 213
210 331
114 329
6 124
9 239
116 287
339 340
95 410
145 297
155 222
205 283
251 397
269 417
43 375
3 45
107 500
175 243
152 411
364 383
87 244
146 243
246 485
285 292
24 130
224 378
402 420
43 237
289 483
108 255
212 237
184 186
59 191
460 464
209 443
265 344
62 453
159 449
2 458
173 498
11 244
185 356
48 295
257 445
73 444
413 438
64 493
285 487
273 317
97 361
89 400
201 419
152 337
5 189
133 455
323 495
224 401
269 413
160 195
335 451
64 399
152 405
345 362
225 263
264 348
272 437
202 377
138 424
60 66
18 419
294 398
37 322
22 168
239 279
256 442
236 291
5 191
223 332
132 401
306 431
7 212
111 355
63 131
363 453
145 154
72 233
155 267
225 448
5 434
224 306
188 222
264 461
151 295
182 185
100 499
405 414
159 371
69 369
6 398
229 385
295 440
192 259
205 436
3 413
219 441
69 438
100 113
178 279
53 372
84 183
229 281
376 428
366 457
68 181
214 329
230 280
146 177
200 302
11 17
475 476
36 425
357 500
175 360
211 234
341 378
124 150
129 498
312 352
117 371
8 164
85 110
233 476
4 372
181 362
128 275
20 404
180 262
426 440
158 199
139 294
65 169
4 204
111 319
78 126
390 497
218 274
249 357
6 89
42 43
180 490
367 452
127 178
277 300
97 474
38 179
8 334
334 468
28 355
216 281
241 422
43 342
133 172
17 54
187 490
181 324
347 388
93 137
75 86
2 489
243 314
277 316
201 202
50 445
168 363
317 453
189 450
184 346
301 344
202 431
167 483
336 488
1 384
9 363
441 470
110 455
412 491
120 387
312 391
133 426
117 452
172 337
138 483
330 384
3 136
203 238
176 500
129 163
178 184
66 151
1 479
50 283
190 490
208 227
307 322
275 309
35 168
6 58
176 249
211 483
302 433
386 456
213 411
1 431
358 359
18 96
213 361
231 468
277 468
7 122
329 464
60 301
5 260
134 222
429 488
16 143
39 170
43 296
245 393
470 492
160 243
343 358
140 278
260 262
438 473
135 264
204 292
166 278
246 456
265 290
45 204
486 494
19 107
256 292
59 455
17 45
36 177
385 476
59 262
33 296
193 263
371 407
257 428
18 112
50 108
3 395
360 391
166 379
5 470
200 374
14 130
143 204
257 437
177 449
176 351
334 473
449 476
26 361
425 476
127 457
61 327
177 324
434 477
66 387
374 474
208 350
357 359
405 410
278 398
172 258
1 320
66 180
283 349
166 228
76 88
15 436
237 266
164 266
42 488
257 474
130 491
332 402
389 403
8 34
113 306
149 281
273 334
55 293
149 196
223 325
142 182
36 359
293 462
2 131
64 146
307 429
223 485
336 340
165 395
155 432
36 124
62 479
17 189
430 492
125 254
90 448
57 107
235 439
127 413
171 409
453 465
51 79
263 324
107 342
330 468
7 79
44 499
167 321
175 192
43 454
346 401
175 266
184 397
314 434
312 433
6 401
67 266
31 329
221 419
14 442
215 436
59 178
28 427
406 423
207 450
233 272
62 102
270 464
307 353
150 402
385 494
91 194
357 426
203 312
102 357
174 179
73 223
176 486
269 341
152 210
2 173
88 255
270 465
44 294
179 404
110 126
43 229
17 331
205 411
10 51
8 429
175 242
189 251
246 358
112 331
201 464
242 457
331 369
14 125
226 277
183 494
222 299
295 359
350 478
182 368
51 370
361 500
73 378
96 408
125 344
228 468
78 318
30 46
55 248
313 486
250 405
134 339
267 468
322 468
17 257
60 236
155 209
125 433
17 179
112 477
452 470
356 422
172 228
203 442
56 482
404 472
90 288
191 443
84 404
41 120
340 394
51 298
127 448
260 409
297 339
221 246
101 166
97 197
246 304
247 405
273 451
72 162
214 369
1 180
22 444
175 422
12 404
289 437
107 476
13 209
475 480
213 409
3 319
191 332
12 449
82 308
131 195
23 303
280 347
391 490
87 268
205 301
176 377
209 412
322 393
479 484
20 89
67 412
38 301
222 321
288 443
221 292
33 237
101 260
66 147
59 271
148 359
257 364
215 493
164 338
11 92
109 231
256 286
51 287
6 186
373 421
250 256
290 462
331 428
93 488
81 187
249 279
296 374
21 382
243 470
309 316
98 461
15 188
10 376
389 408
366 375
177 219
41 185
309 313
388 391
241 392
186 192
316 358
280 366
11 133
49 335
393 446
234 242
117 384
243 256
161 204
96 414
47 82
462 477
230 366
177 398
61 385
93 281
70 279
315 429
212 335
74 323
301 317
157 206
244 395
175 499
223 346
259 314
139 442
190 227
170 465
145 326
118 179
13 193
351 413
216 478
26 304
48 102
147 244
111 200
126 459
282 484
84 409
65 445
312 415
138 191
202 372
67 159
328 488
252 499
46 89
158 472
30 100
143 252
116 154
136 419
212 377
14 376
246 384
119 471
216 363
89 410
107 365
84 213
53 391
132 436
11 151
24 482
16 93
40 50
339 429
199 200
328 353
136 383
47 239
176 457
315 380
156 171
130 500
33 465
419 499
349 441
6 16
57 220
15 222
47 399
241 297
127 214
152 317
308 372
365 370
314 471
217 319
379 472
49 343
198 426
115 399
241 487
20 365
341 457
146 148
56 401
100 120
265 379
250 379
417 458
9 350
118 415
115 371
235 463
278 494
62 461
226 372
177 236
70 473
101 467
128 187
183 237
35 378
211 367
57 289
244 385
129 431
347 423
152 449
95 315
288 442
49 331
145 191
360 443
284 499
183 273
456 457
54 343
82 430
62 269
62 147
161 173
31 71
183 267
278 341
150 227
381 492
206 308
67 448
285 392
75 444
248 250
41 87
106 485
104 404
160 321
129 428
254 346
101 418
23 342
80 492
78 101
19 84
25 396
243 326
28 391
178 458
94 434
160 263
11 262
45 481
126 390
128 299
335 456
147 259
292 313
155 184
303 358
112 431
249 277
224 319
136 179
15 432
41 235
304 483
81 382
133 436
70 476
311 409
363 456
82 447
88 394
206 384
44 152
94 346
12 160
64 473
203 289
57 262
94 315
24 234
233 333
236 398
122 177
16 231
55 220
278 314
202 236
108 472
139 295
152 322
100 156
358 472
26 491
124 425
80 126
27 325
58 81
162 477
134 327
80 92
331 351
215 475
86 101
11 123
136 441
425 487
179 467
405 474
39 281
37 263
155 394
277 398
151 237
62 244
45 183
204 402
222 464
127 388
46 365
6 153
62 127
18 368
87 376
3 382
239 336
160 436
103 418
44 359
48 439
233 247
57 166
287 426
341 467
58 478
103 446
103 392
105 433
216 432
253 364
106 343
95 139
164 306
25 287
32 460
205 206
105 310
29 361
204 213
160 314
139 260
158 252
225 315
226 493
221 490
191 323
47 460
229 386
83 310
263 431
73 301
253 455
162 258
329 489
197 431
84 344
113 267
21 210
114 392
95 345
149 289
161 209
354 480
255 391
259 266
124 163
374 388
63 424
350 401
74 246
17 478
366 384
64 183
191 435
373 438
314 328
62 95
28 454
20 242
280 376
73 430
263 278
306 450
271 387
323 325
226 292
76 379
39 300
270 398
93 179
77 138
70 109
143 356
94 109
227 485
154 241
278 283
17 313
277 380
68 468
198 404
20 188
129 131
24 144
149 409
174 345
56 267
18 410
3 259
317 474
8 431
154 324
254 462
175 376
216 266
116 144
320 440
320 439
287 320
167 245
122 363
105 243
280 329
165 473
194 370
322 451
139 361
249 450
108 187
325 479
231 471
195 216
311 370
288 374
10 133
307 422
9 20
46 450
116 298
42 256
185 244
109 407
207 394
352 400
230 350
159 266
269 306
218 222
181 488
55 176
294 418
2 239
203 270
263 494
26 442
86 243
12 266
244 349
280 305
406 442
57 72
49 287
342 469
260 290
260 274
203 278
281 427
67 72
95 453
183 202
154 385
108 170
300 385
325 429
397 490
137 145
31 240
103 500
50 455
190 274
3 286
96 472
54 483
127 489
167 172
47 164
187 355
223 273
210 306
219 397
244 391
437 450
136 175
31 265
271 312
36 322
300 441
216 409
54 497
92 259
412 497
18 328
194 244
140 319
151 173
240 500
115 342
394 471
4 360
87 291
7 116
190 341
149 179
154 469
368 372
255 414
99 460
378 454
19 206
64 285
285 410
42 318
71 176
44 162
218 363
97 292
250 479
96 324
61 266
100 321
16 478
7 388
32 379
217 491
29 440
206 341
280 439
370 427
94 411
110 169
167 367
84 481
102 300
240 306
58 339
78 458
34 178
33 309
256 342
70 125
195 401
149 500
78 168
58 299
18 19
88 290
38 91
194 237
452 458
320 400
386 406
395 481
64 431
280 450
19 231
82 487
235 314
202 464
40 76
117 299
51 248
193 462
17 415
135 210
373 499
103 296
215 236
4 481
266 476
33 499
40 192
97 349
248 270
36 304
55 234
119 466
125 204
232 495
48 67
46 478
45 335
106 424
115 348
144 394
106 307
406 499
19 365
35 40
119 199
322 334
142 176
27 276
234 472
468 484
63 339
24 114
40 433
389 440
127 369
54 249
99 281
143 416
67 368
46 197
152 280
154 480
45 131
5 405
177 492
154 389
119 468
217 475
4 222
131 499
159 445
155 211
100 385
184 365
137 460
184 354
57 321
196 398
36 354
394 494
84 133
320 402
126 159
15 448
173 233
272 318
25 239
223 448
33 146
161 430
14 53
52 277
339 385
420 495
270 438
217 379
169 250
223 292
146 258
35 337
439 497
305 366
93 360
177 246
401 475
219 352
27 451
370 491
83 203
277 348
42 101
12 140
326 364
39 430
246 285
337 352
149 157
450 494
119 147
187 348
254 442
299 377
206 436
141 461
149 164
78 235
316 321
224 297
171 463
189 283
21 36
310 433
99 192
199 369
342 495
139 363
115 241
7 378
142 307
115 266
122 150
22 132
228 386
138 239
174 200
290 499
76 461
7 133
135 249
151 423
363 426
70 183
195 484
482 497
180 198
239 439
305 459
42 469
102 240
18 134
131 226
271 386
260 384
251 438
239 445
314 477
33 320
52 110
63 323
106 250
381 412
304 415
289 494
189 461
104 496
55 398
5 361
6 273
418 420
195 250
157 207
79 375
47 443
152 319
36 300
64 230
77 234
249 290
85 366
7 181
270 286
164 466
33 428
11 396
217 481
250 389
287 385
76 484
83 93
287 421
157 368
22 163
270 298
326 429
366 464
182 367
163 331
180 191
276 412
125 262
226 370
212 260
64 108
116 202
296 497
155 452
383 435
352 374
228 272
15 138
119 492
30 304
394 433
25 309
323 360
285 368
272 308
212 331
54 291
243 465
297 432
274 395
257 467
282 335
169 173
108 209
172 475
4 498
2 296
22 128
131 217
87 373
30 183
152 239
29 429
102 296
176 305
156 333
163 460
383 468
15 493
154 194
21 369
133 187
8 362
47 189
230 441
101 420
121 355
72 232
24 358
7 361
86 399
131 159
45 422
329 491
415 447
98 103
160 279
64 110
85 231
167 342
95 452
17 135
111 439
1 344
201 239
89 420
49 215
200 416
54 266
315 480
88 152
185 310
21 454
142 425
254 411
33 238
25 351
116 382
41 274
34 337
184 324
270 392
198 421
108 429
418 428
187 456
105 353
436 454
241 425
125 286
123 470
385 416
196 353
136 481
368 392
175 354
23 27
303 470
124 303
31 394
22 498
148 361
24 394
78 338
295 305
116 207
175 367
297 366
93 363
125 142
12 42
253 318
24 414
20 125
193 262
93 492
171 293
92 431
226 314
79 81
148 207
248 314
150 341
194 206
138 315
65 382
40 244
26 287
372 482
57 155
416 486
44 127
354 427
150 487
228 317
256 396
34 364
416 426
249 288
56 59
114 143
186 438
343 435
262 364
215 288
38 406
39 245
304 390
20 448
393 409
54 281
19 40
159 355
217 325
295 304
165 206
181 211
338 371
185 348
32 497
193 447
110 129
51 256
216 500
261 458
384 391
188 432
233 346
90 217
250 302
152 381
196 500
192 488
139 312
24 164
79 275
106 180
237 282
135 284
78 484
141 323
32 147
259 356
188 413
131 280
251 262
110 290
378 410
233 400
162 283
456 478
176 276
146 486
197 299
102 483
174 288
84 300
391 473
140 425
125 170
111 135
106 398
249 459
44 109
110 182
11 440
84 452
54 449
10 86
78 305
78 202
124 260
196 315
113 115
133 485
199 436
229 373
45 407
24 492
278 365
208 462
165 350
137 481
266 295
300 458
175 230
166 294
252 300
341 440
26 413
152 244
100 316
178 185
79 499
4 437
254 402
69 372
120 427
54 66
327 406
115 282
386 483
97 313
80 490
263 369
218 473
324 329
149 251
200 473
348 454
253 267
401 496
11 472
12 206
267 428
460 488
259 282
216 347
114 261
171 225
28 351
50 118
182 336
203 328
74 168
25 39
194 387
49 475
291 487
87 372
30 344
184 185
329 419
118 420
28 182
405 437
222 403
91 127
474 493
58 247
50 260
1 108
75 271
25 390
39 496
12 80
155 302
294 404
118 268
192 376
228 357
237 413
295 379
37 347
312 406
172 416
190 236
107 433
120 134
5 495
443 486
163 180
25 170
207 278
189 475
120 154
102 485
198 308
38 283
228 309
281 313
189 473
334 370
216 239
418 462
6 160
94 271
84 345
260 308
250 320
3 302
119 253
239 305
315 418
262 408
193 204
39 418
358 468
347 384
9 148
28 181
184 463
361 497
124 205
60 119
76 400
5 16
416 425
227 423
140 436
219 231
242 257
56 266
180 226
113 220
177 499
370 374
323 407
187 440
255 472
91 255
63 402
332 464
4 93
401 467
18 499
175 258
72 414
199 485
7 146
219 230
17 427
303 429
293 410
203 283
174 326
304 481
91 294
114 305
122 317
347 473
209 272
91 317
259 403
477 483
31 448
30 233
191 338
349 379
148 267
211 238
62 63
419 432
257 285
4 269
10 19
22 57
474 498
28 33
237 302
212 251
211 318
176 253
335 500
174 316
234 377
123 140
80 243
130 162
214 303
1 458
143 174
57 179
230 354
145 201
42 383
258 392
129 139
207 297
238 443
263 371
39 466
65 94
38 110
26 165
203 500
176 390
203 298
10 192
118 388
21 202
24 133
170 451
138 229
75 98
7 338
295 326
131 166
83 457
46 253
157 290
163 192
54 235
165 173
16 306
56 407
238 309
62 438
152 351
71 258
8 262
4 47
262 333
154 316
40 456
94 373
116 285
302 415
179 314
220 241
17 178
172 396
28 290
329 480
294 433
153 437
46 56
270 284
301 313
221 449
189 362
138 251
95 477
13 216
70 270
7 423
291 475
32 45
172 191
97 441
144 245
420 443
350 355
139 416
113 146
190 458
95 222
123 244
88 218
37 115
135 354
265 437
373 377
10 273
60 332
321 330
86 486
67 433
91 97
118 378
384 451
19 341
173 384
238 248
85 438
38 410
156 192
13 401
300 381
352 467
35 309
252 364
224 498
30 155
49 495
272 412
44 88
33 116
282 405
156 491
473 486
226 291
287 498
11 30
384 479
278 318
116 317
18 250
20 210
78 180
126 296
214 375
127 396
215 492
32 134
98 239
130 473
161 487
323 465
23 404
39 387
94 410
16 410
104 196
52 299
98 454
66 333
406 454
359 412
93 433
247 369
148 385
65 263
59 148
141 448
46 277
216 392
31 246
453 464
69 347
38 136
157 199
364 396
16 295
232 346
336 415
167 398
251 309
191 482
242 353
2 66
144 319
184 335
375 483
228 245
105 491
169 286
33 68
207 441
152 355
150 412
106 351
397 405
161 399
254 259
38 265
195 314
22 490
33 208
24 348
209 467
146 463
15 117
359 417
191 341
199 480
135 378
10 242
386 430
136 145
46 374
174 294
239 402
325 356
6 156
212 360
18 266
363 425
183 406
136 197
352 425
160 236
45 442
307 397
127 234
266 455
212 414
9 463
45 136
349 425
105 372
41 256
80 442
34 81
193 207
209 268
272 403
38 371
136 372
226 317
109 486
43 391
153 300
40 199
230 244
162 243
269 338
130 180
101 192
358 398
136 389
165 427
171 362
261 293
96 476
221 284
5 167
176 181
65 283
29 340
196 324
144 421
232 427
71 386
198 339
186 386
1 457
262 495
102 276
369 391
246 382
137 153
11 85
317 356
117 308
127 324
48 113
161 256
59 183
138 364
226 235
209 425
267 282
164 370
169 171
25 296
55 459
264 453
170 208
223 490
344 354
302 395
54 370
90 451
314 386
151 487
65 256
148 196
18 201
90 110
384 471
229 405
214 336
288 352
190 406
122 126
195 277
140 153
6 427
64 171
205 352
212 346
179 422
7 138
230 288
1 130
13 339
43 473
138 187
65 461
160 348
188 464
188 357
324 433
327 446
155 186
33 361
262 428
338 394
111 479
72 389
7 387
262 351
187 472
160 500
308 490
22 401
103 108
14 147
168 453
417 452
102 189
160 397
367 424
238 483
406 498
26 466
296 413
173 258
9 57
44 144
247 449
161 351
61 94
2 312
265 453
211 257
15 480
32 306
251 307
13 80
137 179
330 451
284 486
28 478
240 329
115 376
202 478
39 342
40 101
403 469
207 465
229 485
295 390
111 272
34 485
97 203
52 228
421 477
305 419
255 322
205 389
89 332
173 478
59 282
403 447
71 150
33 364
172 425
167 200
10 200
294 301
112 282
79 295
132 414
19 166
106 377
222 490
109 474
109 421
6 15
75 363
147 460
76 147
155 293
189 319
167 317
407 424
369 477
137 430
179 264
46 494
388 406
157 338
294 436
87 138
71 315
161 232
68 209
39 286
152 400
300 498
47 251
414 493
43 72
197 418
31 418
35 431
400 469
366 397
6 41
200 383
38 398
58 236
305 480
263 360
308 384
191 368
245 466
28 360
20 171
45 206
234 342
82 136
16 466
40 432
88 254
335 455
228 475
147 287
202 348
108 410
32 316
175 401
93 458
74 284
91 426
66 236
10 193
43 47
352 402
82 298
455 456
249 322
133 134
242 435
61 496
120 378
74 313
280 391
40 492
212 277
417 436
53 340
187 428
81 126
31 74
16 414
41 272
114 368
20 386
38 268
48 140
20 230
246 302
256 343
45 196
352 437
278 386
14 172
79 479
203 233
86 410
197 338
1 110
121 361
83 499
194 406
85 238
284 346
40 150
226 400
36 497
159 161
200 395
163 484
293 312
315 367
118 368
340 449
146 282
280 325
68 197
54 282
101 381
39 100
11 384
6 211
255 453
179 240
381 450
17 35
164 218
368 378
118 190
223 416
30 52
64 88
15 272
118 217
138 190
360 427
76 411
366 387
122 398
181 483
197 234
314 487
81 212
68 479
64 205
295 462
473 498
288 446
114 377
42 206
60 306
13 162
108 147
107 422
173 417
155 419
113 159
268 442
147 318
50 378
230 358
224 332
45 389
13 136
19 493
266 302
41 484
137 367
187 363
280 492
264 343
22 449
282 458
281 365
245 307
250 277
154 277
95 370
194 344
65 371
141 498
273 395
189 257
35 112
237 464
18 458
173 379
423 495
342 416
243 327
117 192
142 482
50 224
52 427
7 177
409 480
44 463
117 233
168 342
215 372
152 308
276 326
122 454
103 203
442 461
83 236
41 90
271 398
159 430
296 318
86 257
75 209
448 454
444 487
54 447
204 338
113 413
117 473
57 427
107 163
112 272
233 341
411 474
364 413
137 377
308 491
243 410
14 439
252 349
228 389
252 467
186 483
211 307
60 132
33 52
380 423
30 75
280 481
380 399
59 105
225 276
18 195
30 74
118 461
115 398
29 158
10 152
235 428
23 212
258 373
74 104
50 307
67 211
209 313
10 339
95 96
181 328
100 427
391 500
179 393
174 175
43 394
133 161
131 188
10 466
96 442
170 252
135 295
225 443
237 479
18 310
348 404
196 223
34 180
87 167
117 267
132 211
215 241
99 265
457 497
94 158
168 284
379 385
277 427
38 142
202 446
36 188
6 313
215 217
362 411
107 144
67 126
160 256
169 479
87 324
4 248
34 102
79 322
132 169
56 222
211 301
182 441
173 184
133 254
308 415
276 410
285 428
72 215
263 436
360 433
76 187
190 491
191 500
153 369
422 460
208 368
216 296
407 458
75 171
383 486
103 243
46 181
218 333
104 212
317 413
112 265
267 375
86 305
59 158
11 115
298 392
210 353
386 438
199 339
65 415
47 184
308 454
364 443
13 187
8 449
332 388
34 428
200 292
102 339
97 171
21 396
142 149
68 99
347 360
27 377
74 230
127 261
169 262
313 394
179 330
188 274
56 142
52 336
35 196
114 354
107 284
173 203
211 337
437 483
337 474
301 448
233 395
238 258
204 430
287 334
47 55
107 178
149 435
134 153
296 433
295 362
69 161
182 424
197 328
67 482
59 361
19 193
258 376
126 269
302 467
165 282
104 115
156 321
120 196
249 345
187 352
138 411
22 384
316 404
150 195
16 386
301 498
387 464
294 314
156 310
237 361
90 204
57 126
129 331
339 436
256 264
400 449
209 324
280 465
27 293
139 399
166 177
325 446
294 411
147 360
146 374
217 484
129 313
272 448
186 349
105 293
295 386
111 393
139 157
93 484
153 452
165 188
156 163
198 484
438 497
58 288
154 185
209 403
163 413
166 212
66 98
87 294
13 332
1 26
240 406
192 308
131 331
328 456
2 278
64 256
315 378
320 333
282 480
257 499
58 476
299 442
57 223
169 301
385 442
265 280
148 355
275 482
9 347
52 411
79 176
57 127
414 433
85 386
37 350
255 372
432 476
114 134
101 356
31 328
242 335
17 275
170 464
24 319
52 356
73 221
334 365
87 498
225 392
191 265
255 309
86 457
99 435
60 370
108 315
295 345
18 404
142 372
325 363
395 463
71 393
42 162
199 330
180 404
95 304
283 331
62 230
144 270
8 409
86 194
303 376
197 371
238 449
168 456
112 205
95 256
412 413
21 449
188 494
300 322
283 435
20 139
275 365
27 288
3 233
189 427
95 464
91 491
176 394
283 339
112 284
362 371
97 174
186 245
396 434
310 316
357 486
306 307
113 327
312 390
208 333
118 387
462 481
46 265
102 107
113 392
64 447
166 211
360 365
46 111
107 338
166 335
319 464
286 466
229 291
91 357
22 37
161 460
175 300
136 155
29 367
328 343
78 81
91 318
119 386
141 322
313 496
11 309
294 415
51 56
117 383
188 262
283 365
21 438
467 489
6 292
204 333
128 366
275 343
194 346
40 182
297 440
80 207
71 387
22 157
265 350
293 411
88 146
343 403
218 404
129 277
82 235
6 133
410 414
210 315
38 96
182 309
224 337
332 423
334 493
259 398
155 248
18 45
5 37
443 449
377 455
83 371
351 356
264 485
244 401
47 255
41 404
99 167
144 335
436 496
3 445
31 383
113 191
430 480
210 437
441 479
207 360
151 466
16 182
149 468
148 247
137 399
480 494
176 469
258 462
214 314
90 92
372 410
91 368
76 494
171 309
311 369
325 472
340 342
302 488
15 371
225 402
172 281
164 490
133 395
222 401
185 448
39 484
40 326
262 356
131 233
144 443
35 232
131 438
115 452
72 488
231 254
161 375
18 444
20 98
161 360
133 252
190 245
11 427
44 487
30 222
169 340
204 335
358 498
90 380
33 214
85 455
44 387
338 429
107 310
195 291
107 486
176 331
181 349
387 477
96 375
287 295
312 346
212 492
72 374
65 406
247 417
74 413
76 314
379 466
7 262
72 362
97 133
347 463
178 410
4 172
342 432
168 239
448 497
97 202
59 73
290 436
352 436
57 118
83 383
229 425
120 421
257 324
178 323
217 259
314 410
366 404
168 275
145 197
224 479
310 369
263 383
131 472
59 399
186 319
210 452
31 179
192 202
187 470
76 246
191 286
480 486
58 171
111 170
105 411
457 469
32 326
317 457
158 172
66 394
182 207
177 226
123 213
24 102
149 321
18 62
357 477
27 121
200 227
290 444
85 148
343 365
119 218
223 409
228 488
278 489
35 169
239 498
109 229
44 260
133 249
163 362
18 239
263 454
264 337
272 476
54 209
264 330
93 182
209 227
61 405
252 487
276 416
291 492
53 416
100 295
231 291
158 309
426 473
9 446
100 117
145 325
57 150
199 430
437 449
23 154
217 376
203 418
313 443
74 438
226 391
403 473
258 469
264 377
173 324
18 172
335 393
90 255
51 496
232 497
124 344
329 492
38 73
155 163
357 462
59 81
94 121
92 216
78 472
11 177
1 255
410 472
194 436
299 335
75 462
23 103
47 285
1 127
37 420
362 465
71 204
88 258
430 432
142 488
166 404
327 391
97 148
91 307
19 390
369 410
156 377
391 466
357 385
311 421
5 12
380 409
390 429
122 188
107 485
122 149
275 412
222 367
471 493
191 428
131 373
323 447
153 358
43 300
119 406
285 447
436 445
322 352
204 434
89 113
378 457
327 411
166 409
94 227
226 233
238 294
264 393
18 491
11 110
394 413
296 427
169 427
38 333
244 444
337 342
134 347
209 226
285 359
11 32
7 74
34 264
218 445
164 394
130 268
139 492
415 416
6 330
96 218
152 412
42 84
65 227
160 431
244 427
22 129
171 294
377 443
185 424
444 477
29 372
103 261
36 405
199 443
266 364
192 344
35 478
183 445
277 312
349 396
118 270
57 195
26 237
6 144
18 472
146 221
417 433
30 161
235 482
240 286
69 360
261 296
157 357
298 489
35 489
119 277
31 485
3 304
36 478
397 456
42 167
366 494
68 166
229 427
118 266
21 66
206 440
193 423
128 376
81 349
64 196
294 387
304 375
257 496
360 489
13 97
100 361
207 226
134 186
100 428
361 455
79 118
423 445
109 129
35 237
167 496
136 465
197 407
9 432
419 437
385 486
238 435
113 301
242 307
54 203
206 305
54 199
71 114
136 207
10 123
322 426
310 493
60 148
228 288
7 151
69 115
227 378
2 396
171 476
71 140
14 264
104 238
372 384
383 385
182 263
66 173
78 186
262 462
220 365
23 128
65 405
268 497
433 446
121 259
60 338
59 120
138 468
19 382
245 331
390 500
2 420
145 188
46 68
302 318
388 402
160 212
129 238
214 220
148 454
284 299
215 470
249 428
84 408
48 458
262 338
33 488
322 498
431 477
332 447
5 416
286 441
405 431
170 428
93 109
34 382
138 443
111 218
145 349
124 195
19 59
328 499
202 462
76 223
120 383
255 289
222 426
251 442
302 357
369 395
121 142
329 415
146 188
164 279
289 421
324 367
47 385
3 14
280 429
365 452
84 293
253 495
135 309
41 407
19 222
43 113
115 439
253 394
129 228
136 189
264 423
4 164
120 184
73 262
230 323
198 283
91 441
296 458
72 492
224 342
242 481
268 417
226 486
11 230
44 398
356 425
99 140
108 299
83 452
264 327
302 352
71 446
81 373
381 415
28 449
200 314
190 298
99 473
420 431
101 182
218 371
470 472
139 481
30 34
239 298
116 495
220 459
132 325
4 342
248 347
30 280
392 475
64 278
152 348
39 162
240 273
36 435
40 266
313 453
23 276
131 343
339 374
237 263
219 339
3 82
256 475
9 219
218 479
11 471
88 114
159 339
168 321
261 475
30 40
58 317
86 441
373 457
50 144
5 133
22 48
55 164
295 446
68 461
147 383
190 361
234 395
14 387
76 123
290 344
122 473
277 344
257 322
141 333
175 308
102 334
371 475
258 432
84 228
81 454
71 178
126 195
116 343
125 159
26 163
299 306
153 306
75 182
360 404
62 219
91 113
283 484
140 224
10 330
47 96
331 490
249 317
42 150
188 240
177 415
324 471
117 205
367 484
81 143
172 351
204 258
35 206
141 472
164 254
92 104
68 170
34 292
90 97
34 239
133 499
9 110
87 444
111 171
310 383
145 245
196 453
96 125
95 450
87 492
186 409
426 427
129 452
43 441
106 446
4 315
282 397
59 481
24 50
223 439
122 312
36 152
11 59
367 446
67 123
32 457
153 160
54 417
13 456
355 357
41 203
18 297
177 445
114 238
452 492
44 467
133 179
100 431
367 429
376 486
43 337
82 463
10 304
55 173
15 482
33 124
174 245
99 458
36 139
215 371
13 270
130 207
229 479
53 71
132 140
69 129
205 420
149 399
352 368
123 496
282 326
197 228
293 357
96 169
12 406
60 230
74 378
348 387
344 387
50 460
54 364
90 359
76 370
220 350
53 59
179 336
56 377
240 361
30 253
124 343
246 411
160 407
409 465
344 466
36 103
127 398
224 305
214 218
2 71
115 401
40 94
40 139
355 425
195 302
454 473
173 311
18 196
29 418
17 28
326 340
5 35
74 467
74 386
261 323
264 495
275 284
82 350
295 406
207 451
155 291
76 408
457 483
483 499
47 154
341 446
183 403
279 352
70 456
301 463
55 434
130 149
52 193
69 477
279 392
401 490
10 269
257 387
149 268
133 475
193 341
67 405
243 478
77 372
207 208
254 382
376 389
1 123
259 458
63 475
250 288
118 271
166 377
429 461
93 243
37 332
133 167
120 224
33 178
300 400
75 465
253 416
210 398
137 432
105 222
72 276
313 337
16 92
17 306
216 253
76 124
20 180
294 460
343 479
4 118
49 156
50 248
225 388
289 295
255 349
45 492
17 335
260 473
414 469
81 474
137 149
133 268
191 223
215 303
50 102
25 484
104 213
122 471
5 377
131 395
161 303
178 236
119 332
224 356
69 120
14 441
177 263
299 492
79 207
231 500
119 272
195 201
27 206
242 300
19 249
191 253
194 351
330 471
177 463
124 275
68 321
71 324
10 33
141 247
226 485
27 167
290 484
140 495
105 149
210 274
233 460
164 205
108 283
142 267
3 190
402 454
220 338
112 443
5 366
48 187
156 220
142 223
150 365
458 474
10 218
11 425
270 455
192 324
44 67
322 329
392 438
287 364
43 230
344 391
161 230
80 380
103 292
51 314
295 485
229 260
3 458
117 346
12 161
324 465
166 462
107 155
98 113
299 429
66 488
230 373
142 276
16 415
15 38
124 224
418 423
84 234
98 316
27 432
18 110
14 394
197 365
33 225
357 467
157 249
136 362
167 380
95 180
310 361
222 419
95 268
107 479
305 354
293 375
125 283
99 197
329 446
57 91
14 184
108 422
434 472
428 444
104 364
145 233
58 115
244 341
270 399
105 239
147 339
119 350
124 400
235 423
214 447
273 412
100 384
171 228
11 56
276 317
11 287
349 398
96 137
69 153
439 441
214 269
99 447
134 354
26 132
127 479
327 414
134 324
170 194
205 443
332 364
325 383
31 192
152 323
269 494
72 432
289 379
6 35
477 491
150 454
389 409
46 139
220 411
203 310
60 327
187 492
88 209
106 399
35 253
6 122
113 333
278 389
42 72
163 323
3 252
23 298
196 433
256 465
243 458
49 381
244 423
208 421
123 192
111 429
120 460
123 241
219 357
318 417
21 457
5 234
72 181
127 183
277 331
155 336
276 294
273 380
13 446
313 359
90 324
75 400
269 442
61 469
131 319
82 220
403 415
49 138
186 263
183 447
34 497
388 431
279 393
361 453
10 282
26 105
342 384
331 471
14 312
391 463
75 382
411 418
71 427
33 94
209 301
13 408
2 287
298 497
153 316
10 434
139 194
383 411
331 415
167 491
83 446
136 258
38 131
189 284
17 463
99 448
175 331
109 459
227 438
229 326
109 335
205 383
135 257
37 111
110 190
81 153
288 481
356 402
77 452
256 459
45 405
5 355
406 415
462 467
230 411
141 336
7 248
18 179
258 448
269 374
25 151
25 370
404 489
84 411
254 301
55 190
222 334
214 233
253 472
373 416
90 367
374 440
24 317
211 469
167 325
254 288
158 277
6 219
126 358
103 386
22 151
147 489
89 269
205 255
157 271
135 145
341 455
343 495
157 457
241 489
57 376
267 352
367 395
171 428
267 336
399 440
125 435
121 358
37 243
46 150
301 427
37 254
21 260
71 441
449 491
380 413
53 451
114 342
154 303
43 139
298 339
31 83
396 422
392 496
157 340
11 25
74 350
33 451
27 91
147 157
76 206
170 235
390 426
78 450
149 192
255 481
39 471
71 253
228 466
163 320
226 261
94 262
65 238
11 377
255 387
14 180
187 220
78 179
223 368
68 483
260 275
184 322
63 275
432 455
18 126
115 500
161 436
194 411
120 477
323 422
121 389
85 208
107 201
96 259
226 393
205 219
51 209
86 431
233 365
346 469
23 275
29 88
27 193
187 289
166 172
146 394
121 491
139 169
111 414
378 464
224 354
81 335
306 329
263 388
37 262
219 313
380 453
102 306
117 350
387 457
4 197
180 430
175 202
95 219
135 318
259 406
34 282
61 123
16 219
359 450
6 451
309 422
211 244
8 342
152 345
104 172
134 464
179 192
336 420
263 315
310 339
272 489
191 462
113 116
60 107
141 256
360 420
220 268
9 295
295 415
251 275
20 133
315 366
43 262
273 307
36 345
8 337
219 247
192 269
376 470
53 415
40 218
169 359
300 457
258 330
228 283
136 218
189 196
65 351
76 348
267 289
123 285
82 390
347 447
23 391
304 439
218 457
305 348
243 319
180 266
55 83
95 225
301 329
112 364
129 239
410 490
48 61
88 336
84 359
105 299
11 352
42 92
318 430
265 400
39 101
151 183
18 193
214 260
113 222
116 313
160 227
201 253
187 475
169 370
1 333
44 153
151 336
71 73
245 298
403 475
131 281
169 198
156 281
233 376
73 140
362 406
53 424
113 286
98 149
400 404
186 215
210 357
202 253
307 473
65 429
428 463
1 49
35 103
366 471
18 398
375 450
373 478
361 484
39 189
181 383
183 489
224 257
94 187
56 184
245 316
30 198
155 194
10 415
457 486
273 341
217 444
232 364
100 500
34 479
324 338
189 217
242 410
108 416
133 416
122 175
317 470
130 360
126 156
96 407
44 365
99 351
112 157
450 493
297 378
44 417
113 308
188 493
103 298
221 474
347 365
50 279
361 436
431 442
113 217
294 306
245 352
131 363
62 289
108 349
32 276
234 438
243 414
256 338
25 279
11 493
399 453
19 239
182 423
26 464
44 272
7 325
473 500
71 390
56 337
387 395
50 128
286 311
237 391
266 292
82 477
195 288
316 352
96 152
346 448
151 366
137 168
88 349
7 114
100 405
71 145
195 455
218 317
247 252
322 470
234 388
138 163
157 489
224 302
287 332
144 300
256 295
33 457
263 474
302 452
151 300
106 316
229 299
307 414
112 190
154 402
413 422
34 153
26 393
77 246
153 463
107 438
58 68
426 433
322 469
54 104
230 306
151 325
86 296
350 375
74 134
306 498
359 373
171 496
95 255
99 291
189 393
185 246
465 476
207 415
314 316
293 298
74 336
58 385
91 209
232 259
43 220
114 462
224 310
4 463
86 468
12 264
127 138
372 469
178 466
142 242
327 423
192 468
44 130
290 380
421 484
123 345
86 393
15 109
91 120
271 352
23 192
17 487
125 486
96 107
161 380
29 460
116 254
320 344
92 291
158 328
145 373
99 429
182 307
300 373
39 428
32 100
2 62
128 211
290 490
114 386
109 389
55 249
277 375
212 280
194 310
205 281
13 389
268 305
74 459
250 421
108 447
421 492
12 57
125 324
183 288
121 434
19 393
257 450
230 479
188 252
298 349
61 163
391 404
233 240
221 314
12 351
40 164
12 465
40 132
312 493
45 471
88 413
358 451
118 499
48 442
67 358
2 222
64 484
118 441
228 344
342 366
159 364
181 243
284 469
73 483
296 368
83 286
87 173
442 485
59 309
100 461
162 214
340 413
141 451
183 427
44 457
225 336
212 445
311 454
116 137
146 443
53 492
450 458
13 176
387 476
94 459
47 263
123 154
2 238
143 370
360 367
42 478
108 462
108 361
253 297
206 452
399 482
11 308
153 199
59 135
194 428
295 432
406 481
206 250
157 235
125 247
24 128
257 482
187 445
452 478
238 406
168 242
159 209
50 228
95 384
279 413
151 371
241 333
386 464
284 487
287 449
63 243
264 328
38 419
386 390
171 337
411 442
200 366
192 317
51 444
237 397
7 471
238 272
350 498
108 249
210 221
404 412
285 291
210 346
26 151
360 477
262 266
270 480
30 225
135 260
200 202
418 479
237 487
70 370
65 315
28 193
87 113
122 200
197 458
269 466
65 211
108 344
353 420
302 413
97 249
37 184
106 368
386 394
306 336
39 357
119 188
72 205
54 400
270 303
73 218
158 386
108 257
284 357
26 92
127 318
70 233
85 436
204 374
39 415
172 308
18 358
256 288
122 151
318 361
395 418
28 432
281 440
143 460
153 438
264 448
316 497
394 411
275 280
159 451
450 457
52 197
19 468
321 357
275 413
326 377
44 482
52 274
412 485
177 305
280 462
62 256
94 251
50 350
254 438
290 482
191 226
238 399
369 457
213 322
122 182
469 483
267 416
197 333
209 476
209 400
239 323
21 317
162 309
143 357
142 417
52 422
16 133
311 451
186 358
143 153
18 278
208 270
122 203
245 473
115 184
206 349
1 430
24 356
54 231
14 486
213 379
77 309
205 338
264 280
287 371
262 486
240 440
286 469
135 373
112 289
197 460
89 210
234 309
134 468
9 257
82 108
119 352
182 380
75 418
302 316
389 499
7 157
346 410
88 287
6 272
219 419
192 418
113 307
429 464
115 374
148 342
122 239
109 400
168 249
46 346
317 482
39 67
196 377
97 274
64 117
203 276
257 315
129 274
106 164
148 307
94 113
281 392
167 294
173 497
115 230
168 348
221 432
18 20
21 311
22 27
12 359
446 498
60 256
68 480
328 370
161 479
176 328
115 207
202 302
148 368
88 192
450 492
63 479
75 329
14 329
100 332
175 346
46 468
198 216
280 370
226 278
119 368
373 380
3 357
18 168
25 176
83 450
6 137
201 227
46 163
338 395
208 390
95 403
199 281
49 492
218 436
80 123
171 300
297 441
226 464
203 335
21 439
36 411
398 451
90 238
52 305
70 364
186 227
50 468
269 409
274 430
110 319
431 473
53 365
219 322
277 311
321 493
75 163
74 377
181 416
83 423
18 71
283 424
342 464
268 472
45 409
132 432
224 439
61 393
42 485
128 231
145 489
60 371
32 76
70 248
129 189
114 417
71 117
298 384
280 292
163 327
157 302
3 472
77 334
188 330
208 275
413 459
45 56
211 470
36 41
38 216
239 373
115 318
177 291
98 169
418 450
190 414
30 398
60 253
129 424
258 484
56 298
272 280
50 450
210 500
23 417
60 172
240 370
258 498
76 492
81 364
167 338
35 425
326 392
410 446
250 348
188 275
81 375
454 474
117 457
16 417
93 213
71 108
117 131
191 255
143 445
98 357
21 120
63 237
83 266
88 346
24 147
74 144
162 225
389 436
131 396
50 474
250 312
151 395
56 60
100 355
176 222
128 165
24 169
376 458
91 170
1 32
286 474
105 340
187 240
48 375
7 113
171 247
117 162
4 13
29 49
69 71
64 236
177 331
409 474
225 249
267 374
210 234
59 244
59 384
204 429
104 144
3 240
443 493
58 377
247 303
167 440
90 277
376 494
259 323
9 264
297 359
97 418
114 372
90 223
20 437
188 297
100 359
21 91
156 362
245 293
12 41
159 366
307 383
90 402
131 180
212 214
8 358
40 85
120 338
230 476
170 241
156 182
36 338
260 484
126 153
133 243
232 384
169 474
34 499
133 458
139 282
38 221
4 355
164 291
220 239
69 100
160 309
140 363
157 418
279 456
114 290
198 425
206 444
93 412
212 440
403 481
35 106
131 385
160 479
29 494
23 405
126 488
131 346
128 200
54 73
33 162
387 403
332 482
79 221
101 478
10 38
211 426
49 426
190 304
78 382
186 216
475 495
186 301
134 211
243 244
273 294
314 461
164 237
73 365
86 142
64 365
111 126
169 224
162 372
230 388
411 492
24 142
164 263
64 312
201 356
75 362
242 365
212 249
197 324
176 223
222 445
376 449
145 311
26 495
144 218
435 440
210 252
354 414
122 240
187 298
316 444
318 363
137 201
144 449
106 201
169 435
49 498
254 455
161 331
113 163
193 367
348 365
131 500
97 396
237 260
428 495
305 397
136 273
86 124
119 241
89 421
158 298
394 497
321 389
147 465
7 321
155 305
263 309
61 329
156 486
247 284
54 496
12 33
470 477
83 123
67 188
29 212
323 486
96 320
88 329
250 464
386 500
167 183
81 420
160 498
86 470
97 437
177 374
6 382
57 135
4 484
335 361
123 229
310 406
94 368
137 209
48 202
49 299
70 368
349 440
287 497
212 444
64 461
39 311
76 178
24 219
274 406
441 445
338 487
119 407
68 450
194 420
326 498
217 277
88 183
97 483
78 371
163 168
27 30
13 92
16 192
104 157
380 383
172 341
237 349
285 313
79 313
234 451
123 271
45 73
228 377
136 448
243 306
34 240
328 336
94 287
393 436
142 206
118 121
64 279
171 172
283 478
40 440
161 238
295 328
436 476
327 448
83 128
124 323
180 297
49 361
22 475
393 403
172 229
101 132
191 273
75 264
267 340
69 340
41 108
248 463
275 477
168 226
22 259
19 220
72 306
158 232
382 481
42 472
154 477
281 412
39 71
270 376
25 325
151 456
143 197
97 147
156 439
384 385
132 350
368 469
170 425
253 360
7 382
236 471
9 67
92 158
231 261
124 172
168 225
189 300
465 490
237 469
24 415
185 467
283 475
113 364
154 440
79 296
58 101
163 475
4 145
10 278
88 130
82 274
314 317
321 417
390 425
173 297
197 374
258 293
228 243
334 378
287 333
222 363
201 434
77 427
34 182
132 151
376 424
149 269
90 191
2 306
353 490
275 415
305 487
189 446
159 427
140 191
80 297
103 220
73 347
11 283
351 414
262 410
199 490
157 425
85 389
160 165
87 114
52 209
425 431
440 486
2 136
331 333
231 346
386 392
140 401
386 444
167 177
229 376
179 180
98 397
464 488
266 285
151 374
348 489
112 401
81 350
109 418
213 454
330 494
198 364
341 367
106 258
74 291
46 467
385 453
79 344
144 360
224 282
24 467
18 409
362 432
71 212
39 454
36 455
8 165
289 338
87 417
93 214
149 200
52 119
191 407
186 284
118 445
86 448
240 411
242 354
92 447
26 196
68 437
90 487
360 459
247 378
45 96
131 248
187 331
393 434
120 265
95 182
204 457
285 355
192 390
253 413
247 439
39 500
361 472
119 179
54 356
229 362
290 465
5 432
376 419
130 187
14 423
232 239
291 405
130 291
24 291
184 471
267 379
228 356
82 192
29 366
129 242
2 302
152 168
135 335
137 239
249 368
405 448
128 201
79 200
226 498
69 127
52 326
111 203
162 267
310 455
34 339
191 211
199 256
132 158
39 449
41 286
416 421
292 458
198 396
245 497
131 243
43 151
109 464
98 424
60 311
81 329
183 441
320 432
286 341
4 236
38 470
52 324
33 173
20 354
212 356
48 219
166 313
137 286
345 434
163 246
371 424
221 445
129 378
234 347
180 210
253 368
4 31
26 159
53 134
291 474
164 168
65 71
276 322
123 248
52 114
241 324
126 141
45 305
40 304
114 466
297 434
225 226
187 210
194 245
76 427
157 434
276 436
79 470
315 331
61 384
192 319
8 162
195 443
328 332
194 408
154 180
415 454
182 445
143 458
182 212
256 320
27 229
14 403
235 287
122 341
268 333
133 204
136 397
64 482
235 260
113 379
308 343
37 70
112 379
341 370
250 447
176 291
22 465
85 476
130 329
245 260
69 402
255 378
141 348
236 241
36 308
147 422
162 295
210 497
153 257
414 479
9 255
60 255
313 497
140 387
316 347
316 401
44 355
41 143
206 353
37 178
90 301
208 475
272 454
262 440
47 113
295 468
52 66
326 384
280 488
267 492
377 494
145 354
342 360
214 474
187 452
271 327
52 401
100 318
302 367
9 29
81 170
159 314
145 146
187 197
283 406
217 242
47 205
341 459
163 365
225 375
123 129
181 264
34 374
3 344
121 376
335 337
129 419
16 188
152 349
281 332
28 465
130 407
36 415
46 54
67 411
239 329
103 363
8 56
242 263
15 474
149 212
362 410
111 431
227 267
383 470
268 396
62 175
273 278
459 461
71 249
277 469
122 342
110 457
337 478
12 263
359 368
191 379
160 230
200 222
491 494
310 350
29 442
356 470
12 220
158 453
132 156
83 108
211 437
26 434
193 434
2 164
97 446
220 474
107 294
62 278
386 434
12 327
258 279
55 149
394 417
50 457
182 410
199 466
107 130
71 209
137 280
27 456
26 490
28 379
261 496
186 238
283 317
114 213
54 292
218 448
171 412
149 362
226 309
43 87
197 409
71 308
216 482
54 455
35 409
59 332
169 421
61 149
314 332
107 411
128 226
78 336
123 466
368 448
201 459
421 438
213 472
123 178
248 446
133 321
15 346
15 128
100 497
14 438
145 158
221 374
185 453
197 285
153 325
388 467
10 262
183 475
291 358
273 456
118 228
351 398
247 356
331 497
410 495
31 389
289 457
146 416
249 444
41 53
136 265
347 380
282 462
65 267
68 241
86 358
131 199
306 487
139 409
272 344
101 224
238 350
113 358
191 433
113 242
31 90
193 483
81 142
6 190
35 116
204 271
228 459
137 172
182 333
247 275
188 403
350 440
355 393
31 466
231 376
153 224
214 492
63 203
293 349
91 93
280 401
44 184
93 335
284 409
109 346
93 373
263 330
251 386
36 370
199 423
40 347
183 398
41 269
232 401
161 448
241 311
406 464
71 184
194 400
358 492
98 278
162 235
47 130
214 332
39 81
38 297
286 333
473 496
165 457
148 344
178 373
192 211
317 365
185 247
49 460
224 448
178 452
96 166
153 189
184 395
154 340
47 112
47 491
55 366
55 430
324 378
70 405
160 412
150 339
58 438
138 347
59 431
197 202
126 285
104 498
189 500
84 262
349 384
127 267
241 284
180 312
96 335
211 423
289 390
105 444
265 496
135 342
228 364
156 213
280 457
309 452
27 97
322 486
150 479
126 267
103 188
3 145
250 455
68 242
28 157
362 461
80 409
354 390
100 406
219 332
107 191
401 470
74 354
171 283
88 445
132 416
354 472
200 382
167 268
121 456
309 490
115 139
269 454
162 263
198 350
27 157
83 281
69 182
24 207
211 474
171 485
295 334
71 270
128 370
147 371
52 350
365 473
256 421
11 145
28 99
12 383
114 167
88 451
11 387
216 388
23 494
209 252
486 489
75 187
264 351
36 181
256 257
46 433
49 220
154 160
326 412
298 485
17 413
22 452
10 316
62 89
172 490
191 414
232 345
209 420
95 421
165 307
28 473
113 144
160 381
112 397
226 275
102 331
99 110
158 370
209 320
46 397
266 393
181 250
247 436
422 475
238 247
361 459
2 423
52 166
12 412
231 303
102 258
256 294
91 138
6 456
198 218
288 323
224 254
331 434
102 440
82 320
207 439
344 499
55 221
16 351
58 380
435 454
46 234
14 390
393 489
30 177
347 414
410 481
192 254
222 365
209 452
268 463
238 414
451 482
51 398
244 433
408 499
43 304
72 415
12 127
5 96
420 483
120 242
177 289
265 412
13 412
361 370
153 209
148 316
71 300
5 22
243 292
229 282
72 265
437 475
476 496
267 461
33 395
335 394
81 296
265 285
406 497
133 165
408 423
54 185
417 447
87 238
117 128
444 494
84 180
239 497
7 213
351 436
257 306
107 141
251 437
59 88
147 253
54 463
246 328
8 27
319 470
173 273
224 239
89 283
434 494
401 406
405 498
133 476
67 352
271 485
287 372
127 447
191 371
221 277
133 289
55 463
111 137
320 461
17 356
405 485
462 492
11 499
383 481
140 144
253 281
326 468
112 158
145 192
247 253
266 319
311 397
23 125
284 286
165 346
56 472
231 238
224 271
329 333
144 175
212 323
23 53
342 407
276 371
78 343
174 458
242 305
198 265
88 103
146 391
328 469
14 440
220 478
187 195
210 392
288 468
210 376
144 278
100 276
5 348
191 345
18 390
232 266
380 475
370 473
195 278
21 115
65 488
112 330
73 104
153 162
298 340
384 483
282 433
22 167
67 158
306 392
60 412
318 456
131 327
216 390
82 380
37 271
2 155
8 33
131 222
299 471
349 366
10 76
94 483
125 391
464 470
375 398
146 439
2 234
188 444
421 469
124 426
210 464
385 412
39 65
157 171
340 492
9 352
333 482
50 196
127 358
276 402
106 223
100 482
205 211
21 193
193 427
58 95
284 366
170 261
307 476
135 189
354 498
187 232
89 279
36 161
275 431
134 169
438 449
96 127
185 482
399 415
143 200
338 498
270 316
17 185
25 171
357 437
281 400
240 325
197 242
270 413
423 441
193 471
390 394
141 213
33 189
173 459
300 432
39 432
407 413
259 324
34 481
100 452
20 67
356 375
45 116
202 276
100 172
93 418
225 401
134 493
404 488
51 199
291 399
40 134
31 236
29 475
32 249
68 295
85 190
297 488
12 337
146 174
170 228
11 114
149 441
206 224
221 251
19 416
78 366
168 367
163 285
353 424
110 340
418 444
95 252
30 210
452 456
139 335
304 387
37 331
181 309
202 311
234 243
147 189
257 379
222 384
167 454
236 453
109 272
100 104
256 380
182 295
62 489
128 233
26 205
27 245
19 289
105 459
157 387
323 499
25 328
201 415
29 473
143 358
41 446
305 325
1 126
320 473
8 481
418 441
427 467
371 401
70 168
291 483
96 488
359 404
301 450
286 489
54 257
191 364
46 207
137 259
8 190
148 360
51 484
217 365
104 378
66 267
94 253
69 305
489 496
260 353
317 476
278 377
90 183
41 86
262 442
158 169
48 400
259 473
399 498
244 466
71 482
402 481
392 492
73 428
35 190
42 98
79 453
260 352
334 482
53 331
99 112
7 304
66 155
431 458
131 456
131 372
343 369
246 420
215 247
173 242
66 238
361 368
111 340
141 416
271 438
61 215
24 59
294 343
256 413
437 470
57 388
245 483
9 201
27 252
201 500
24 176
374 424
67 359
130 346
320 490
5 124
217 348
26 33
281 299
367 420
469 471
53 379
299 419
20 430
121 297
443 491
56 480
174 353
262 403
229 422
243 455
229 345
340 463
81 109
373 470
113 382
401 485
292 337
326 352
72 230
14 447
179 282
191 444
70 323
51 228
77 213
321 423
402 484
21 328
167 235
203 342
192 426
198 413
92 195
60 93
143 318
120 355
218 345
155 430
148 458
91 440
139 428
135 311
26 173
65 123
39 50
264 426
309 423
51 138
78 341
252 326
79 333
213 462
228 414
111 313
23 379
131 409
363 446
176 295
205 236
103 240
61 452
31 189
151 331
69 447
192 467
193 465
305 428
51 282
315 479
119 412
34 384
224 442
365 427
109 312
36 486
161 402
38 172
252 278
89 297
119 428
129 318
213 475
179 385
13 426
397 460
199 497
5 176
226 271
174 320
313 352
108 443
116 448
159 399
89 194
190 309
206 222
151 380
157 305
136 233
132 495
452 461
81 188
68 421
258 299
381 485
304 405
303 492
141 167
79 183
83 291
144 266
25 31
320 478
250 443
57 463
8 9
25 155
154 433
101 419
111 324
312 339
243 343
128 448
30 352
318 499
214 241
99 257
233 448
199 381
115 268
189 462
34 212
86 153
158 203
140 434
208 425
17 408
226 490
252 304
33 500
481 492
111 138
40 399
232 496
102 196
18 132
34 190
10 280
284 297
32 46
98 160
129 266
24 306
123 489
397 485
177 380
186 293
114 124
35 370
80 219
165 451
205 378
27 356
188 483
168 232
199 455
356 421
166 336
117 211
265 349
254 421
308 318
26 421
256 419
132 365
256 352
3 324
85 367
77 437
46 102
16 62
266 435
140 351
42 190
28 331
73 164
82 479
56 260
30 221
48 214
259 375
229 273
130 302
290 447
72 494
279 469
5 190
94 347
320 349
125 319
327 437
3 358
333 488
215 432
307 365
165 464
428 499
158 398
473 490
314 324
185 199
101 134
170 491
341 347
282 489
346 374
145 309
222 434
98 338
34 302
157 174
127 191
237 325
39 59
82 414
56 226
72 345
54 232
285 306
287 313
168 406
410 445
166 358
92 271
100 371
11 328
37 63
59 393
158 249
147 478
336 435
66 360
187 477
411 452
109 204
149 227
47 69
219 278
127 230
269 495
244 378
219 436
362 379
388 436
164 430
48 131
221 377
119 187
45 306
252 485
240 310
71 364
74 215
74 296
320 352
212 460
296 328
364 375
247 432
211 306
65 342
42 465
290 311
433 461
42 194
142 375
343 352
317 408
145 457
180 200
201 380
242 472
143 392
127 423
167 350
13 362
35 214
194 324
240 354
147 470
73 167
449 454
354 401
315 325
201 266
23 371
176 425
252 257
219 253
216 362
242 486
193 435
137 360
49 235
210 367
84 493
285 474
44 232
159 406
106 202
151 172
200 456
423 482
83 227
204 422
132 298
173 186
61 128
1 385
54 300
236 408
136 214
3 219
245 315
270 294
394 432
156 285
107 223
10 315
217 392
114 254
64 425
334 366
228 486
300 443
35 416
4 441
52 378
23 161
46 114
227 364
155 227
148 492
70 291
316 382
95 472
380 480
119 191
383 449
372 391
111 471
128 472
205 312
250 499
168 347
192 323
37 164
258 315
27 301
315 449
263 438
232 435
22 391
184 225
448 471
380 436
16 57
73 383
240 298
275 393
54 158
121 218
135 500
397 415
336 500
106 295
413 492
340 453
213 406
7 313
328 360
398 488
104 149
67 193
7 110
190 204
54 248
259 471
17 353
2 102
312 387
163 198
39 181
330 411
271 466
90 169
340 483
136 153
114 362
131 251
350 490
45 288
212 258
290 492
101 472
342 451
94 264
55 223
165 305
47 273
347 472
435 451
305 471
11 376
277 299
51 485
72 398
49 243
43 432
167 499
122 493
13 350
7 370
31 391
150 491
142 484
253 396
98 165
161 308
374 407
225 306
298 469
258 280
286 298
17 25
440 500
115 366
27 411
177 488
275 392
377 447
113 387
383 391
126 391
55 396
305 373
235 410
337 472
412 432
307 337
230 272
61 136
11 187
236 485
93 193
216 307
244 297
273 436
17 206
255 459
165 322
123 390
137 350
416 494
323 370
127 473
110 500
154 295
85 384
162 234
153 178
174 478
225 305
192 314
46 223
301 389
1 86
187 346
4 446
90 265
157 283
289 475
55 73
165 495
247 413
215 497
259 345
100 232
20 486
31 94
109 347
363 372
98 282
114 182
198 398
191 463
11 301
10 445
35 215
75 276
101 325
62 108
37 190
29 168
37 379
211 283
13 345
345 355
229 243
243 398
45 214
198 471
62 146
52 161
459 499
402 476
84 305
146 293
191 309
90 94
200 417
29 304
39 180
60 364
119 180
225 314
187 491
92 489
179 396
166 494
209 390
224 398
292 468
54 372
69 486
301 369
148 192
256 315
407 467
176 271
246 258
43 409
70 192
116 204
15 297
19 377
240 416
220 384
355 398
116 239
140 173
177 216
178 433
347 465
156 242
20 53
21 416
119 454
176 477
23 415
292 497
38 104
338 471
137 298
172 182
197 331
94 307
281 378
120 128
43 194
86 338
9 80
89 322
115 315
423 461
65 306
58 304
219 486
4 167
89 247
167 335
118 212
25 308
273 497
361 482
359 445
218 487
364 397
194 257
113 151
59 102
8 446
75 410
129 360
144 447
59 492
281 425
327 459
228 420
190 299
127 343
104 454
49 224
51 449
93 356
213 248
155 455
73 200
409 416
484 490
80 139
277 461
284 355
280 360
41 466
9 365
217 271
322 478
180 282
10 420
266 338
99 263
291 448
40 149
299 401
58 181
79 366
155 280
108 248
314 485
41 486
312 344
128 334
107 260
15 354
146 492
78 413
5 268
114 491
250 399
223 453
18 373
52 494
42 406
142 302
62 149
388 489
128 383
57 443
314 481
341 434
10 168
29 175
14 285
112 304
266 414
133 237
53 86
57 474
52 355
315 361
15 26
10 210
292 500
111 405
87 164
179 204
54 473
274 414
289 357
393 476
266 420
79 262
129 180
130 364
324 488
47 314
21 402
1 14
5 252
148 318
205 276
166 286
72 308
12 368
152 383
51 488
315 486
184 433
120 255
123 259
314 364
377 387
471 485
208 482
196 356
420 462
137 270
196 369
234 258
485 497
290 340
249 323
309 500
179 350
396 443
183 212
29 165
99 200
10 424
311 322
11 31
216 367
205 302
126 140
5 427
112 150
373 420
134 197
11 182
411 434
410 491
238 300
323 376
410 485
264 375
79 484
70 281
78 313
344 428
229 279
289 365
90 450
252 288
133 415
321 339
95 201
32 67
271 351
74 236
413 435
38 483
221 273
355 396
172 226
125 487
130 322
73 131
14 42
230 409
82 316
221 469
141 362
10 411
60 340
77 307
343 379
253 330
348 373
421 424
155 385
189 231
270 495
202 458
261 306
95 430
304 473
199 271
192 370
385 448
276 475
119 431
92 453
407 493
23 168
234 364
69 279
427 465
213 219
368 494
6 94
65 436
303 360
36 285
50 413
100 235
173 321
48 127
8 321
318 333
226 323
304 345
163 300
127 348
15 197
48 181
36 216
197 380
221 282
395 422
151 324
60 100
9 489
108 495
147 433
41 421
244 488
50 346
19 275
79 170
410 460
13 414
301 467
116 300
196 339
360 446
34 300
354 486
170 222
243 297
107 367
138 183
115 338
61 349
250 347
141 267
64 140
78 386
383 475
257 500
87 330
281 477
42 109
351 429
140 338
85 428
98 211
31 486
105 464
353 401
216 471
440 473
13 425
304 460
232 379
237 276
181 186
259 272
47 321
113 297
8 251
403 489
82 96
140 157
38 480
310 332
117 317
123 174
46 396
333 422
270 382
82 182
126 326
367 456
90 343
38 305
137 441
215 454
62 271
269 334
252 406
242 423
101 375
172 307
330 424
230 240
108 128
189 493
143 381
113 320
432 493
295 402
64 435
112 273
233 378
98 366
123 437
5 262
104 296
397 438
318 414
112 445
115 219
244 327
56 290
80 464
44 394
223 359
295 460
7 354
102 370
322 490
217 326
253 322
42 87
111 280
61 113
340 411
142 464
424 433
370 449
227 377
72 133
416 479
88 270
191 333
443 469
76 332
121 433
205 429
43 277
203 321
208 410
221 480
116 311
362 491
37 268
109 480
154 296
10 286
433 464
124 193
29 163
60 437
161 194
18 248
79 134
213 460
33 410
33 423
46 487
68 291
8 150
340 392
264 395
238 267
293 438
13 112
174 380
317 321
158 264
75 287
84 465
155 359
196 317
21 140
252 459
388 422
411 472
95 129
291 329
54 146
310 335
366 462
122 147
310 387
25 291
123 290
80 370
288 359
434 447
311 312
244 455
80 91
418 492
133 145
2 10
279 332
298 490
242 253
90 400
32 284
226 383
105 232
225 311
438 495
46 462
131 230
86 383
184 223
249 409
198 388
209 327
290 396
18 470
172 382
426 443
319 500
8 352
117 382
111 125
35 353
238 393
80 216
44 452
162 163
281 311
277 319
276 494
9 283
73 158
157 237
128 463
59 258
30 55
292 441
43 183
294 461
71 323
8 31
192 381
270 448
86 108
292 439
19 94
190 424
72 200
11 321
239 268
265 267
56 286
55 303
411 423
166 173
138 372
52 220
345 349
16 418
131 321
76 180
159 415
91 378
130 474
58 452
98 99
253 351
50 355
49 352
8 433
285 402
208 241
306 453
195 453
172 499
149 368
14 432
129 232
203 465
9 325
193 220
26 68
433 495
98 125
175 231
193 475
218 494
238 340
70 142
92 386
273 289
317 480
390 498
307 487
290 454
72 491
130 372
63 451
428 447
382 417
247 495
4 262
173 408
286 355
175 296
310 484
166 311
112 172
252 350
34 217
159 263
48 128
24 452
229 451
119 300
47 256
208 300
163 309
68 473
200 381
350 378
117 198
318 347
265 425
243 388
58 371
292 350
185 297
128 244
18 377
292 488
54 246
127 302
261 421
196 488
133 443
167 216
278 397
407 420
101 292
280 443
398 483
307 312
330 444
203 474
317 450
17 480
84 365
219 425
118 338
164 448
287 461
150 400
364 404
101 178
93 120
247 325
118 410
256 462
161 274
49 481
203 356
44 391
111 325
62 475
65 347
43 344
182 341
227 233
255 431
185 248
376 466
39 61
422 493
138 467
322 383
106 392
59 356
232 398
340 368
87 347
17 120
330 378
222 486
93 116
178 275
124 270
370 414
129 291
17 23
173 436
403 452
179 337
137 321
100 447
121 305
317 349
434 491
173 386
229 482
40 102
218 230
208 437
133 241
18 69
198 459
363 441
278 379
311 465
63 301
172 330
143 167
249 361
230 406
65 390
88 482
41 334
109 162
380 441
121 364
342 374
129 146
284 497
53 311
312 457
79 456
272 406
392 476
188 380
224 478
142 226
114 198
7 482
91 388
191 198
64 90
141 287
181 357
345 448
60 239
38 78
71 115
80 240
374 463
314 419
114 250
118 129
366 425
262 472
154 265
83 438
331 427
95 373
79 180
138 166
154 338
183 366
255 381
165 409
256 409
215 463
192 294
118 245
106 411
210 220
429 442
92 375
45 304
364 456
180 256
226 495
158 265
263 487
303 455
44 78
171 422
166 272
191 328
27 499
57 407
165 258
26 388
229 419
59 77
35 465
184 357
118 332
133 427
202 306
24 402
265 407
182 224
55 487
151 293
207 229
92 223
96 102
26 273
142 274
20 482
92 401
184 356
219 404
220 299
212 394
255 498
86 271
113 362
18 380
298 360
92 151
171 478
404 458
74 383
7 409
143 409
118 160
82 223
61 301
83 217
299 438
254 344
212 401
240 395
3 38
265 361
306 408
357 360
347 381
114 274
262 500
136 298
105 198
23 420
257 443
39 356
174 319
279 447
246 483
106 370
94 466
167 316
46 244
84 500
268 461
29 500
65 414
77 145
113 282
179 381
388 409
113 203
231 398
280 284
480 490
23 171
181 496
116 415
83 288
107 482
138 265
72 437
16 71
289 465
354 374
266 391
111 206
152 264
431 497
78 394
165 438
216 330
461 473
76 207
44 409
62 150
193 276
322 397
105 262
341 448
183 419
189 206
70 225
50 372
398 418
111 354
83 125
142 257
260 310
237 346
167 208
113 135
30 468
348 368
133 474
89 361
255 276
59 304
38 225
240 452
147 241
50 146
33 130
95 330
145 301
108 377
281 377
14 328
33 418
42 340
119 172
198 427
142 460
25 462
152 386
17 27
277 493
322 396
143 404
244 482
256 309
340 408
444 481
171 256
112 468
99 452
112 186
341 351
274 374
285 492
290 473
74 326
9 89
151 475
125 139
137 477
277 487
175 411
384 452
275 500
186 337
39 486
94 218
254 286
353 377
266 351
196 344
402 443
148 246
260 457
56 343
16 450
125 127
353 419
179 239
280 344
219 341
200 309
245 471
49 249
161 272
143 293
433 477
410 500
63 285
82 117
135 438
235 270
137 323
78 415
168 383
243 334
12 59
120 316
27 71
127 328
234 356
157 346
384 403
64 170
281 447
292 368
145 287
212 262
59 61
419 433
66 198
293 325
169 245
268 368
39 353
304 465
173 283
477 482
302 394
154 474
322 431
106 267
251 319
391 420
34 491
33 420
110 234
357 382
349 386
135 233
162 257
245 434
122 231
37 84
75 490
111 352
93 442
201 365
435 455
158 431
155 339
35 295
56 352
452 468
298 472
6 29
284 369
248 393
94 500
388 410
77 291
291 494
194 196
144 377
158 321
418 440
351 470
449 459
292 487
293 378
55 408
8 437
199 338
175 462
169 374
249 310
189 191
217 322
254 473
288 455
4 359
92 320
65 481
3 138
128 175
64 121
175 339
55 349
24 73
91 457
136 475
10 32
117 179
254 332
71 392
63 324
152 427
42 66
147 327
43 485
71 284
266 411
360 414
388 399
426 498
236 258
26 59
196 234
141 181
16 184
261 494
103 482
338 430
5 250
411 484
5 9
131 342
368 457
112 183
474 481
1 103
184 436
180 467
151 328
175 269
30 328
63 371
303 463
235 431
258 453
162 377
299 414
41 200
102 178
59 362
223 297
66 290
315 424
141 392
87 438
78 396
177 426
110 476
261 467
237 274
140 277
27 61
22 235
118 141
96 242
24 328
28 165
204 351
392 398
126 149
113 127
179 331
309 419
209 437
62 497
159 302
223 444
213 298
225 440
198 397
16 319
161 451
3 456
177 295
74 96
345 384
34 405
7 207
90 369
240 387
367 480
79 279
258 277
258 266
169 197
45 348
137 307
103 407
4 408
55 56
146 253
14 343
92 243
28 102
4 285
115 396
90 416
361 399
280 322
23 98
243 482
413 482
84 92
84 351
57 71
78 138
420 458
273 333
62 111
63 207
117 360
159 421
177 358
40 267
367 411
130 218
29 138
335 433
315 404
138 434
175 371
283 328
152 377
280 308
213 214
318 482
61 324
99 341
340 467
469 477
121 266
130 415
116 201
248 343
55 323
214 247
76 485
30 254
229 342
88 215
144 346
219 244
116 210
271 289
254 317
258 318
160 190
225 253
178 365
370 478
37 303
242 492
113 124
319 362
189 381
20 162
66 134
76 92
51 461
40 444
248 276
144 333
358 421
20 278
3 193
321 329
72 311
142 255
64 282
165 317
275 448
392 473
69 166
226 299
207 396
65 357
225 476
104 337
181 297
60 431
216 444
142 355
157 170
222 499
86 100
254 445
305 393
31 216
63 281
147 484
95 332
71 129
51 118
291 339
185 216
302 321
57 162
133 267
52 67
146 496
288 444
115 319
67 115
98 353
19 269
245 454
340 485
25 213
114 453
239 315
340 341
291 493
70 243
153 431
167 174
240 390
208 253
95 202
275 428
70 353
85 288
261 275
292 431
42 321
144 414
282 287
100 201
86 115
365 448
267 447
74 500
202 388
178 434
67 430
73 361
145 397
99 290
110 421
423 492
228 473
82 290
53 450
19 386
147 454
18 394
133 410
168 254
92 192
281 322
217 308
31 81
332 358
91 334
230 480
29 87
395 423
20 392
5 93
207 277
39 352
247 372
30 216
236 344
139 485
186 310
149 256
65 237
253 353
62 226
263 439
397 488
302 481
277 418
91 280
200 338
145 428
321 474
178 342
290 329
143 474
316 485
132 320
313 414
208 454
6 280
31 187
400 478
88 122
176 418
186 491
170 351
205 224
296 349
14 300
320 332
45 75
150 171
76 290
170 268
82 214
169 256
199 266
141 493
300 492
97 115
121 163
40 446
239 496
114 171
10 408
43 353
455 471
373 486
26 440
213 229
145 393
63 397
32 206
252 392
17 41
159 279
131 275
475 487
293 393
44 177
91 278
108 418
64 467
10 190
384 412
26 82
55 288
309 377
176 349
161 175
402 466
292 485
304 394
266 399
78 356
138 151
94 144
23 151
418 497
324 445
112 178
447 453
159 495
38 457
226 439
37 249
32 291
307 363
339 400
223 339
179 311
156 438
93 318
144 185
369 471
181 283
230 355
154 257
400 500
254 432
331 362
368 371
4 329
308 312
223 231
19 252
322 399
163 186
128 323
59 234
28 61
61 373
120 174
148 299
373 411
309 402
95 181
3 220
7 500
369 467
392 470
70 154
239 309
353 392
143 442
30 99
231 232
150 219
107 498
288 368
381 479
102 113
235 366
379 405
225 255
85 251
375 497
302 444
42 417
145 264
136 307
91 387
270 485
415 469
43 329
242 383
47 495
178 186
51 130
85 355
93 268
82 452
47 327
83 434
32 299
45 172
343 408
167 458
59 358
77 412
193 400
141 215
203 360
275 481
441 478
432 436
68 171
433 473
104 267
60 275
346 465
390 487
48 253
204 427
204 265
73 191
133 398
102 309
346 371
105 455
218 418
482 494
49 169
266 376
321 433
342 368
147 471
224 339
135 488
272 346
165 253
129 485
258 281
123 300
133 285
174 322
13 74
136 168
58 290
214 356
18 213
25 214
152 463
64 238
230 266
137 358
202 400
75 293
3 126
24 397
10 430
23 191
147 330
22 125
313 455
8 407
50 286
22 278
191 365
104 290
116 275
128 449
73 269
240 282
433 457
225 458
302 365
31 429
233 325
488 496
51 320
89 369
345 374
65 215
80 204
142 352
244 355
241 360
328 390
428 473
89 309
124 359
110 188
48 349
331 429
339 476
208 255
106 186
320 421
28 293
66 350
301 326
387 419
5 138
48 394
23 282
398 432
154 156
83 141
131 465
70 319
273 462
347 457
223 340
310 466
264 389
102 108
268 377
138 348
195 448
72 247
149 347
126 211
122 456
228 286
171 224
269 424
255 423
188 454
216 368
97 231
143 173
155 299
33 136
211 222
276 465
64 451
356 411
98 168
162 176
244 435
193 429
80 478
3 408
289 293
103 281
159 488
61 480
66 72
38 367
81 372
402 453
376 460
297 429
148 406
155 193
186 405
213 443
30 454
227 470
244 274
110 360
156 427
167 478
446 484
172 287
15 468
283 364
7 282
339 371
114 259
398 412
182 278
359 410
318 439
339 417
87 450
89 484
419 453
70 395
137 465
254 285
84 338
339 354
24 93
122 440
37 364
325 403
308 387
54 88
364 434
41 388
117 199
368 482
131 168
72 465
327 374
76 276
86 139
276 378
158 368
449 474
29 70
238 317
39 91
15 157
129 191
170 225
282 452
128 356
195 428
331 390
387 402
142 251
179 473
63 210
23 135
330 400
307 314
329 454
374 423
266 401
143 157
95 124
314 362
120 183
49 232
128 258
231 296
141 388
126 355
180 268
65 408
407 431
240 456
150 311
47 423
291 430
408 417
68 154
16 138
212 433
54 77
148 311
446 479
31 209
84 428
193 485
241 329
172 294
52 173
55 195
296 431
281 317
166 310
171 197
56 176
198 424
288 410
106 306
199 491
100 165
13 109
241 467
221 318
52 443
168 214
36 93
75 223
300 489
128 477
161 457
144 275
381 425
444 455
8 471
309 400
