500 10000
62 396
267 306
350 477
19 329
130 214
218 378
79 92
79 425
94 196
13 401
347 412
70 153
190 277
182 245
166 182
427 486
343 494
314 500
17 211
125 240
311 432
198 251
144 182
316 356
396 461
166 356
378 392
244 356
120 370
46 425
146 256
345 401
81 350
176 438
216 250
442 470
110 478
232 467
20 85
39 436
49 389
103 341
29 339
5 417
109 211
233 432
235 412
209 486
301 380
58 475
160 213
80 92
215 381
227 396
345 479
296 474
242 342
350 412
124 448
5 91
151 431
46 293
151 175
7 237
51 54
309 375
269 346
239 424
182 288
305 383
96 378
393 448
379 382
296 411
100 202
158 255
92 213
9 198
185 260
46 151
66 343
32 254
101 252
10 236
247 353
256 498
141 280
61 246
29 263
257 322
135 413
241 361
82 350
412 455
368 395
85 94
112 452
46 405
282 285
268 474
118 489
19 267
12 287
147 456
355 492
222 406
189 447
240 365
235 248
233 346
1 272
152 361
367 413
352 498
15 197
195 289
84 247
402 422
88 111
60 328
8 392
230 411
156 336
76 162
31 268
56 349
8 330
110 316
312 356
136 467
168 421
102 182
45 63
131 428
336 402
293 376
142 402
173 435
178 244
255 262
317 489
98 327
12 179
77 287
187 456
212 262
126 377
122 382
246 393
35 163
309 482
255 346
307 402
237 343
115 198
78 375
351 362
53 194
96 349
29 276
12 316
218 374
28 102
395 427
66 85
226 440
113 377
84 392
299 486
80 396
326 377
79 187
340 409
320 322
109 482
234 441
155 490
498 500
3 443
274 364
88 455
20 86
137 150
483 486
332 337
5 86
249 282
35 255
287 366
19 158
101 138
279 463
81 260
150 320
266 430
209 304
268 289
68 164
320 437
149 457
282 362
388 390
117 337
133 208
337 401
89 406
153 234
228 386
129 400
128 476
97 262
154 194
149 226
269 402
448 491
198 431
169 256
14 40
4 432
34 422
238 394
18 328
388 473
255 451
157 187
121 144
34 456
123 281
337 423
411 455
121 273
112 400
79 118
42 189
272 321
219 499
388 423
38 456
261 297
360 412
75 376
66 329
101 413
204 424
67 364
310 406
218 240
220 300
179 301
287 349
314 449
127 373
152 206
437 462
305 431
120 408
58 238
231 416
101 355
169 230
114 481
294 438
39 160
134 259
7 74
32 79
46 124
232 273
261 376
80 276
261 325
218 227
317 440
48 123
49 107
38 488
25 76
254 446
299 343
176 316
233 283
273 342
383 400
151 339
227 272
320 393
120 348
26 450
100 495
11 83
13 224
9 201
17 223
65 476
254 358
234 432
229 360
304 378
264 332
218 301
79 290
341 461
61 87
142 280
239 485
42 51
72 133
77 128
120 150
229 267
119 208
276 391
44 431
6 262
24 308
63 95
131 189
85 209
195 232
165 348
252 470
108 248
20 322
469 485
321 424
150 233
244 259
59 360
158 235
259 367
336 337
149 347
126 264
184 312
57 126
10 77
391 446
307 429
168 182
138 411
348 372
46 80
316 324
58 174
276 372
356 442
190 335
125 268
124 384
313 344
186 424
172 393
22 181
143 389
177 499
161 245
354 402
102 493
393 397
38 465
106 109
2 460
269 276
190 401
272 318
304 337
217 315
315 458
2 392
136 446
203 371
11 373
25 179
104 324
282 317
341 380
7 290
136 490
161 489
275 374
101 364
396 497
10 358
105 494
128 313
320 403
9 368
167 369
112 339
177 312
11 52
177 392
133 334
191 312
33 235
231 465
3 462
179 221
105 148
104 136
225 260
2 178
101 204
266 365
276 421
221 340
249 269
288 311
46 234
30 423
196 199
2 74
86 126
174 327
81 254
217 307
175 415
187 274
53 150
269 345
289 456
76 274
9 76
116 437
304 414
92 401
31 441
16 430
158 194
200 227
130 256
102 164
286 500
180 275
227 243
75 83
231 495
193 450
4 452
200 207
215 274
42 326
88 98
146 357
182 338
342 456
6 60
351 395
80 229
146 218
135 451
157 204
258 269
200 230
33 278
125 379
40 492
14 365
274 432
126 136
8 90
253 360
140 351
441 488
184 194
244 291
14 73
65 458
140 436
249 294
73 221
167 365
83 264
251 263
247 259
86 116
235 270
81 224
302 480
331 341
66 77
35 386
321 396
218 396
146 412
128 400
180 258
8 156
145 408
154 343
2 251
212 387
344 487
178 266
65 317
225 481
14 349
14 39
353 492
175 263
10 336
237 277
124 192
111 325
104 129
141 272
179 457
221 434
60 62
83 495
270 455
50 228
1 222
44 81
180 302
297 355
409 481
273 390
282 397
274 318
481 495
13 151
50 218
61 260
296 299
6 436
59 85
131 232
309 460
293 356
246 351
75 447
108 263
120 133
186 441
313 346
7 115
248 268
238 483
251 353
186 479
272 459
273 312
385 456
164 280
49 409
434 480
133 158
313 354
27 198
102 408
154 350
176 436
1 449
67 119
253 271
39 344
176 332
124 371
322 382
55 216
79 199
135 406
32 461
70 323
65 388
92 180
118 224
397 422
191 318
286 437
301 450
86 165
208 319
194 380
99 131
75 298
47 435
4 274
70 73
162 223
9 330
318 324
147 162
282 395
414 448
174 207
328 421
99 185
229 384
28 336
51 84
213 306
203 330
47 182
37 44
244 426
74 433
114 275
91 225
104 323
53 479
319 351
99 470
99 486
154 182
383 459
196 284
39 204
10 119
210 321
271 461
458 495
96 188
77 168
139 360
26 140
16 203
115 459
18 389
82 90
46 158
88 101
41 336
194 298
194 301
128 486
6 104
410 413
302 457
162 215
2 112
174 449
23 134
57 315
258 479
25 479
148 297
158 334
257 390
61 282
54 293
254 339
120 303
160 321
322 329
8 252
134 168
120 253
201 279
206 241
125 465
75 193
95 445
388 420
100 478
117 221
278 474
90 210
12 216
93 385
300 435
175 394
338 377
48 138
80 431
145 279
46 407
199 381
80 412
83 117
336 471
341 353
38 433
281 410
75 244
357 495
197 323
290 403
158 190
126 328
64 70
157 409
139 222
152 349
68 170
20 138
112 417
12 350
134 372
20 412
109 332
394 407
23 244
62 493
211 458
23 227
127 468
165 300
179 265
203 466
214 310
134 193
147 320
111 439
51 92
91 473
54 482
138 346
280 435
219 229
120 241
262 270
99 251
359 409
75 323
116 172
415 460
186 295
63 272
70 265
262 401
160 448
132 311
47 70
87 384
263 353
371 424
286 349
128 322
193 399
150 268
175 212
281 440
263 357
129 295
274 392
80 452
84 92
93 399
237 404
21 373
47 183
287 353
168 185
68 278
247 386
215 325
61 166
224 492
155 497
211 365
111 327
134 335
25 269
60 156
253 276
98 219
146 352
211 338
353 396
93 99
138 233
2 220
402 407
94 282
230 271
56 240
56 175
245 270
62 315
280 462
146 368
30 269
198 370
64 194
250 417
260 446
242 301
259 276
171 292
13 67
219 282
90 315
177 495
286 319
162 367
182 207
143 317
150 212
131 486
97 445
256 347
237 338
42 247
65 83
8 106
27 259
383 467
280 488
115 224
61 339
305 325
53 278
27 477
90 321
331 495
88 153
191 243
17 96
313 347
73 255
406 473
49 66
3 412
70 441
412 435
192 452
94 297
89 251
220 322
74 104
353 401
193 308
211 472
64 237
450 500
1 246
11 48
112 487
66 99
264 389
77 234
225 360
262 387
142 189
417 492
174 181
52 336
121 327
79 456
84 326
20 499
354 481
274 355
155 408
125 203
219 225
467 500
148 337
78 184
245 485
392 422
2 332
226 495
8 20
320 433
243 488
11 24
25 449
209 363
267 286
311 415
37 321
31 401
114 375
277 323
6 283
32 292
25 391
122 272
1 166
98 414
322 398
153 275
100 267
1 91
192 232
145 292
274 475
42 362
17 395
424 439
124 360
160 174
4 27
140 465
102 173
256 370
129 341
475 490
270 273
13 191
389 419
53 477
342 421
247 450
295 477
357 429
144 446
351 430
16 218
351 493
3 54
209 451
126 391
273 287
96 427
89 409
64 463
119 319
181 322
90 354
19 473
342 371
90 298
140 331
274 305
91 342
158 168
375 443
275 478
306 418
76 390
379 495
374 437
179 190
16 105
264 484
354 449
72 254
476 497
399 414
26 110
118 355
169 234
227 493
157 441
183 443
112 500
33 354
9 387
59 387
11 418
30 142
223 460
163 373
161 222
230 455
104 353
20 358
156 367
356 398
87 175
46 340
122 159
31 447
243 495
139 447
115 289
27 306
405 443
23 176
85 232
17 117
210 452
71 456
290 415
295 398
135 434
141 460
393 450
275 460
158 320
267 359
154 446
65 463
57 311
72 215
233 352
139 317
275 375
56 96
138 424
212 395
48 364
11 43
404 440
93 97
35 54
379 403
6 393
107 142
73 384
176 461
273 449
66 92
192 483
69 460
384 445
243 260
92 112
44 156
12 112
17 291
15 359
60 388
242 360
54 356
454 500
254 443
91 314
83 362
131 336
4 163
5 118
350 462
411 478
12 67
105 269
89 485
280 346
282 386
226 287
106 352
48 149
243 365
142 190
15 242
25 420
47 468
358 496
299 480
67 91
100 316
273 431
55 224
164 471
71 149
249 486
119 261
181 262
69 117
272 421
312 477
319 421
345 431
285 368
18 346
196 317
210 236
287 380
191 439
332 349
142 482
409 428
401 460
129 418
12 440
166 327
456 469
259 316
190 416
383 398
218 482
306 357
28 131
70 333
82 152
165 486
143 388
40 436
246 465
8 61
416 472
195 352
20 417
235 244
204 342
52 153
210 398
88 163
303 392
200 358
42 477
302 449
62 407
91 291
77 426
29 403
445 475
24 357
372 472
31 399
67 95
187 455
223 415
156 360
211 412
63 318
416 452
181 259
170 304
182 321
80 267
111 301
105 410
6 318
8 11
32 422
139 465
58 208
85 113
293 456
37 443
29 233
289 401
379 460
201 332
30 246
397 500
21 449
254 375
89 420
154 430
190 388
14 30
212 305
306 436
130 390
274 453
144 177
79 234
285 302
14 321
296 364
100 321
397 406
80 374
251 264
403 454
103 423
66 79
64 173
34 193
48 470
252 420
137 252
114 478
430 451
8 397
199 283
138 476
151 428
374 401
138 344
407 442
240 243
83 223
174 491
23 298
87 367
139 227
445 479
64 206
396 427
206 365
114 160
181 416
6 382
243 300
82 270
73 274
291 296
270 441
218 403
64 147
36 275
2 97
90 110
277 365
255 494
243 475
96 290
110 493
71 493
153 371
308 457
52 479
286 423
368 448
156 303
305 416
146 246
296 375
224 335
55 128
78 467
121 195
43 466
147 407
251 346
331 426
69 100
55 459
220 236
11 289
66 373
74 382
32 368
124 460
155 482
52 162
97 248
182 476
163 344
45 150
251 305
168 497
171 179
7 453
248 275
273 316
165 395
194 383
272 445
198 315
177 273
228 239
86 222
213 435
297 420
413 498
82 377
268 462
270 332
385 457
35 157
459 495
335 469
43 230
127 143
96 133
83 145
145 165
110 351
96 401
26 309
171 258
365 367
42 257
156 262
61 129
300 334
84 124
129 327
338 346
325 450
103 107
95 113
289 489
87 241
343 477
168 414
126 204
46 114
208 249
94 120
1 499
45 175
211 229
91 442
32 278
93 391
25 36
255 280
33 381
15 184
283 378
206 339
256 459
75 484
125 225
301 427
70 132
18 195
165 185
205 347
97 381
431 446
306 345
381 419
38 148
255 279
476 485
442 489
376 400
62 439
203 266
24 118
208 241
482 489
126 346
224 405
62 106
164 355
168 224
22 236
69 198
197 368
3 66
275 346
65 296
27 310
44 399
112 327
83 216
87 456
200 235
137 233
34 106
27 336
180 494
138 388
53 180
150 176
120 276
128 204
196 234
96 186
177 451
178 313
250 336
113 287
59 239
37 312
446 474
204 404
284 364
14 74
359 493
185 498
350 487
171 442
161 185
86 267
21 32
400 419
326 398
143 186
273 413
139 421
16 30
84 425
205 408
194 293
29 370
179 319
141 488
403 479
192 376
101 439
38 204
41 271
54 376
44 363
261 415
91 487
303 306
99 493
250 282
62 202
402 462
287 397
57 81
198 438
151 201
316 486
186 193
142 377
310 470
184 291
274 371
22 52
219 480
93 243
143 438
182 242
189 318
103 373
16 354
34 63
76 321
156 200
95 411
36 377
65 438
123 300
209 385
296 482
90 111
102 221
59 230
322 480
40 223
188 365
61 290
454 476
7 114
211 481
359 454
330 421
21 150
111 306
250 269
3 475
362 497
211 427
207 281
247 479
246 428
125 347
96 154
290 300
278 302
190 382
88 267
295 374
263 477
78 182
142 293
51 343
392 419
29 215
218 303
119 206
218 353
121 459
237 494
66 128
43 396
321 355
3 437
37 336
105 305
164 274
17 57
83 461
361 478
240 460
230 307
198 297
6 426
125 233
274 445
96 400
225 460
30 376
316 340
10 376
250 397
205 488
62 343
311 334
136 373
347 354
366 406
137 338
164 481
319 365
162 338
377 403
68 354
16 36
210 217
94 375
124 494
135 288
26 440
44 293
18 140
11 55
305 351
165 374
268 479
57 413
51 147
256 346
248 500
298 357
31 117
17 148
452 487
21 400
245 463
254 390
29 380
189 286
159 296
265 372
39 65
179 384
28 497
319 400
108 258
137 312
255 433
85 333
277 405
200 422
385 423
238 378
23 496
456 476
211 270
124 316
129 138
126 289
123 433
67 298
227 370
276 396
3 371
15 478
386 476
46 107
69 228
147 308
378 452
268 387
108 421
55 329
179 264
293 442
300 374
325 486
355 499
115 345
296 421
373 417
115 212
104 352
159 322
230 237
394 484
174 406
167 356
389 393
237 486
254 300
218 377
174 306
316 357
397 398
101 294
235 349
78 377
115 391
64 371
51 134
32 113
8 191
58 80
57 122
244 415
164 403
309 348
6 462
249 416
23 361
330 370
174 411
211 343
171 230
51 189
329 440
68 157
294 376
78 147
41 117
27 138
273 444
56 382
148 196
65 415
122 139
2 274
154 230
337 438
101 174
379 455
90 468
50 196
40 452
51 79
213 445
434 444
242 464
309 355
113 141
218 451
138 254
16 486
176 439
285 463
273 391
118 199
144 434
59 174
142 165
114 305
165 390
138 318
107 374
143 270
57 493
76 373
132 497
228 472
39 384
297 490
91 382
138 240
131 218
241 422
116 269
61 312
119 346
350 436
194 221
297 388
24 223
141 184
75 201
110 464
57 95
205 464
125 461
86 228
238 263
114 455
181 285
196 363
18 463
335 396
96 304
347 395
34 201
272 325
49 365
409 441
137 218
425 459
23 373
208 490
44 201
127 413
225 271
204 229
28 76
92 283
280 361
455 475
126 139
96 428
288 431
55 256
297 329
18 404
234 288
92 239
124 435
183 347
147 228
255 347
257 456
3 28
43 136
217 426
323 464
149 498
247 447
254 486
45 338
209 352
229 331
10 370
160 422
103 474
120 417
162 317
117 381
417 458
123 164
219 302
132 412
349 420
381 399
217 327
123 264
93 494
26 330
237 250
464 493
96 285
161 467
59 90
72 352
120 494
8 79
179 373
205 416
323 449
10 16
211 263
38 421
254 284
190 227
208 314
6 454
44 82
81 143
35 351
149 415
102 389
229 273
376 493
345 400
465 476
286 479
384 385
258 474
326 420
1 103
247 473
186 352
189 421
195 236
88 414
240 248
36 93
28 195
277 284
257 369
4 341
249 450
19 66
109 176
260 294
70 266
44 323
47 420
431 481
250 286
6 418
331 401
56 91
247 384
417 463
270 292
39 393
69 114
16 118
16 204
134 167
35 60
1 286
169 205
201 397
50 56
179 267
43 80
54 340
20 129
307 440
157 411
415 453
331 399
343 495
134 493
97 348
37 411
55 408
110 449
124 161
285 355
264 432
126 258
339 491
253 476
229 305
262 482
299 428
126 232
66 110
212 485
176 424
163 476
345 348
98 162
114 214
283 420
90 417
78 165
38 137
116 340
190 271
5 125
321 401
53 322
142 481
10 379
287 370
328 493
41 257
193 266
55 376
224 255
129 476
218 289
217 357
262 390
69 301
305 387
211 393
258 366
54 331
114 459
376 443
177 441
32 280
27 150
134 304
302 497
104 218
175 308
205 214
43 429
111 398
162 208
203 223
374 453
326 328
120 326
108 444
63 442
7 271
20 310
239 460
141 429
18 165
24 356
237 423
152 490
192 331
367 390
342 500
243 487
9 313
190 237
79 203
66 254
244 273
51 62
109 346
413 478
247 292
120 281
305 496
334 498
402 430
352 410
122 219
145 265
54 269
131 246
88 95
98 376
91 284
122 316
55 164
163 229
247 308
274 345
298 409
24 326
131 482
37 402
12 13
311 370
215 227
370 384
198 392
216 370
349 488
202 302
16 217
136 461
90 249
162 315
28 324
233 392
404 444
34 214
239 454
89 339
425 431
195 468
272 299
13 233
223 489
99 233
248 380
84 279
85 300
60 478
43 131
122 456
423 469
93 483
30 325
102 245
76 423
206 310
201 369
141 322
127 500
362 489
136 429
105 406
87 129
104 263
270 337
95 405
17 401
38 63
319 481
81 445
90 164
163 185
155 295
109 479
9 102
312 426
255 312
96 194
296 499
60 455
213 422
247 366
68 112
268 324
127 310
396 486
51 243
104 380
115 288
118 379
129 177
51 341
99 435
3 48
296 462
28 251
124 146
17 293
206 395
11 275
106 360
41 109
177 303
276 295
333 438
180 317
193 215
129 490
246 366
269 354
164 250
41 155
60 118
119 424
89 259
371 499
208 429
20 161
87 431
119 128
166 294
7 393
270 285
258 286
101 305
360 413
11 87
87 461
66 198
50 101
26 374
135 163
287 451
406 498
25 34
150 399
13 296
67 468
252 437
138 331
353 428
89 111
295 465
12 452
430 440
122 131
64 435
393 451
372 420
264 470
190 361
84 281
90 155
89 283
84 407
54 252
65 124
303 319
190 438
142 231
166 488
59 361
154 196
194 214
107 124
81 173
75 140
428 456
477 486
13 408
149 482
288 388
27 287
327 457
320 408
116 425
404 408
249 335
67 98
208 235
299 426
183 356
88 499
227 305
233 312
174 219
173 300
106 493
218 358
31 78
53 171
140 410
79 300
376 486
241 500
119 300
24 182
300 449
313 395
316 475
167 340
276 430
330 439
298 466
38 155
140 411
200 489
78 481
24 331
333 343
32 497
203 338
303 422
195 469
328 343
121 190
235 288
110 163
74 90
175 388
311 353
72 494
45 79
189 453
131 262
126 153
119 221
243 297
86 253
151 500
439 476
141 235
122 280
298 473
251 402
115 134
45 349
200 343
66 292
166 478
3 357
57 128
356 380
295 496
255 372
61 92
279 470
356 490
71 197
197 242
251 425
112 138
23 292
35 434
108 431
364 442
15 344
115 249
60 390
60 470
33 165
53 366
99 243
164 461
126 477
321 486
139 251
298 314
166 369
256 272
363 391
186 489
257 344
105 362
76 218
159 354
286 402
169 462
373 482
114 212
152 328
147 161
215 335
254 448
148 484
151 243
41 456
335 443
43 152
160 348
284 320
204 392
176 295
348 485
485 490
87 396
198 490
248 456
254 289
155 466
78 278
77 218
318 441
219 264
75 161
136 394
123 165
247 498
260 449
151 197
184 437
172 279
55 124
335 374
15 25
56 201
180 245
137 485
102 324
434 488
80 82
250 301
99 296
141 211
77 119
444 496
302 304
26 141
467 470
46 227
161 438
283 381
10 321
156 208
85 484
195 431
14 69
217 291
191 258
29 193
104 241
18 416
277 288
349 407
172 208
290 423
53 263
261 360
111 253
112 405
298 499
181 467
368 430
40 184
238 371
21 459
87 273
196 416
180 183
207 244
8 63
119 347
17 429
323 355
114 463
76 260
101 497
122 458
52 420
8 429
244 369
222 262
99 441
119 403
186 227
119 306
318 377
240 422
165 391
233 344
82 161
134 247
342 343
132 419
292 459
103 320
100 223
354 447
50 82
425 436
249 344
179 296
184 259
164 252
52 383
375 385
113 277
308 460
92 125
137 262
116 215
206 485
253 288
193 439
68 489
432 452
193 357
40 331
101 191
363 419
2 16
53 474
192 268
154 463
456 498
333 369
215 492
40 405
57 272
250 292
367 465
109 173
75 162
31 58
15 199
121 325
200 465
225 443
196 415
64 144
95 407
346 363
264 346
51 370
121 405
125 464
195 200
21 377
261 424
258 351
93 269
99 145
151 207
231 368
419 483
358 437
413 429
5 153
130 216
12 82
118 172
227 302
208 226
250 469
175 409
214 281
42 160
53 56
392 464
26 323
110 237
90 304
221 500
81 363
143 492
130 248
236 267
31 244
36 276
94 361
135 241
74 311
24 358
96 351
351 441
165 473
91 197
301 499
126 259
186 344
55 251
142 463
23 332
454 486
112 418
147 470
144 148
219 333
103 386
213 415
100 440
25 40
78 381
304 399
48 172
37 243
316 453
72 235
170 349
229 231
134 290
28 349
102 147
34 482
50 114
47 344
390 406
21 417
197 405
191 368
184 418
109 366
25 296
440 448
319 357
172 405
91 480
176 278
256 402
6 413
103 134
134 136
84 246
189 348
59 358
294 429
314 442
129 282
255 396
101 454
6 421
71 247
90 106
371 375
223 472
101 398
403 455
42 117
327 339
354 393
40 149
223 442
79 385
202 368
37 256
218 343
280 426
268 484
267 301
90 219
47 305
9 463
227 260
1 123
43 45
325 442
206 253
177 419
60 419
211 247
212 324
74 298
69 159
315 484
309 364
57 144
83 290
33 76
123 357
351 471
32 395
153 388
201 231
144 151
318 380
6 84
181 436
47 411
223 359
211 231
63 105
115 312
254 491
342 486
239 452
1 314
279 417
2 324
297 433
245 289
271 493
189 352
53 471
232 332
120 167
121 336
54 95
154 383
194 399
213 216
22 480
365 396
214 391
243 248
25 258
128 227
38 254
392 489
451 476
32 465
255 439
98 236
489 492
282 404
352 455
24 229
24 246
40 183
75 157
58 195
312 457
138 204
59 464
317 367
171 261
336 357
83 440
205 450
57 329
151 264
30 304
56 339
218 492
32 274
183 296
4 348
233 310
249 250
67 390
237 456
130 281
9 316
5 266
248 323
332 406
93 368
154 212
116 389
74 263
127 167
172 274
144 459
463 500
88 233
135 405
338 371
197 334
350 399
196 386
337 443
311 416
164 324
104 386
59 163
332 496
12 355
230 408
312 392
132 391
103 361
339 382
33 430
271 442
154 409
465 471
50 358
386 430
399 405
85 186
70 116
291 413
25 71
33 470
125 310
291 310
99 176
112 120
190 295
266 488
79 319
94 409
299 397
83 190
47 436
246 453
70 435
152 461
325 425
262 375
40 116
223 247
81 229
102 326
62 175
1 55
345 483
18 75
188 455
162 286
53 409
273 394
302 396
62 310
469 484
26 35
68 452
94 104
83 276
358 482
37 52
159 450
352 438
195 452
269 370
371 401
273 298
43 54
237 290
158 318
176 276
173 304
221 322
11 286
72 399
128 447
203 230
122 500
71 431
64 106
325 413
103 472
73 106
16 325
245 280
103 351
226 261
52 318
390 452
30 251
29 290
165 454
234 325
4 272
307 408
121 189
126 375
80 346
358 391
381 397
150 296
247 300
269 351
281 307
140 159
317 456
131 485
45 469
208 455
194 307
201 361
7 457
143 376
186 473
47 295
439 494
49 121
27 364
40 461
103 454
20 74
418 454
188 349
215 465
37 230
196 460
252 271
123 259
454 493
365 423
27 167
8 409
73 148
53 273
429 465
154 251
379 493
488 492
340 458
196 354
281 483
438 463
282 374
203 422
7 106
124 220
36 402
139 163
157 249
349 354
302 394
186 482
168 326
18 489
197 466
264 278
211 311
47 137
88 178
9 281
11 98
113 460
166 414
289 466
169 258
15 475
302 485
160 340
134 350
240 431
16 69
154 386
27 166
165 224
42 416
74 229
78 441
168 476
14 219
219 457
80 91
17 135
147 494
90 273
21 70
214 417
72 128
244 373
10 380
371 428
73 419
309 312
3 194
371 457
77 261
231 339
85 276
151 491
213 349
84 141
303 327
198 321
195 275
366 390
251 415
67 305
105 328
87 350
267 459
152 313
220 407
293 305
298 458
360 460
216 233
388 449
214 324
8 64
87 483
166 377
4 26
377 492
191 301
41 420
31 256
92 170
183 219
112 415
296 310
423 461
300 481
27 417
222 393
106 499
251 384
126 395
359 391
91 235
426 493
98 451
28 119
156 373
116 435
466 475
170 440
258 435
182 379
271 431
267 467
269 409
291 397
431 492
30 473
199 401
44 483
405 469
159 176
29 495
16 297
68 310
137 255
372 421
41 480
125 144
149 391
254 421
271 406
271 345
36 69
446 479
107 329
468 499
226 360
146 255
19 217
221 405
339 371
141 415
352 486
12 326
381 431
56 152
88 97
19 241
50 166
77 115
134 339
45 333
186 252
117 410
13 80
232 428
151 436
129 293
118 420
94 470
385 445
22 424
41 368
216 432
181 350
151 348
222 320
408 437
309 422
23 232
336 379
54 88
152 263
244 265
94 358
84 275
89 316
112 280
478 499
480 487
75 361
108 464
99 462
53 142
131 182
387 466
90 448
441 449
55 367
375 447
180 405
270 283
279 396
76 456
224 444
61 483
231 356
218 348
180 463
359 415
362 426
120 203
213 322
37 116
114 498
34 111
331 368
181 193
371 500
55 405
40 274
340 469
277 493
275 298
196 287
224 456
290 318
199 428
380 470
140 367
72 207
143 366
193 209
123 236
63 149
273 380
135 155
7 103
208 284
21 138
146 422
95 282
125 391
367 392
140 257
258 458
129 317
242 352
112 478
71 106
449 493
146 498
131 299
14 272
124 162
301 335
331 414
192 205
148 383
108 167
291 429
186 388
196 251
345 429
374 476
404 467
16 429
182 257
79 124
26 63
32 135
9 401
409 412
212 273
186 375
186 336
352 382
171 293
1 337
56 212
265 468
312 413
305 476
207 324
194 490
29 51
115 486
208 218
269 326
30 182
218 384
316 496
210 465
122 386
23 188
146 483
171 220
141 251
229 254
129 298
173 393
75 421
202 430
124 266
389 396
358 497
211 435
332 398
241 448
387 450
58 280
226 343
459 470
265 373
123 233
185 217
75 410
25 424
64 459
142 382
247 363
290 451
431 457
2 397
56 71
206 423
56 192
14 137
198 296
233 250
53 73
4 71
167 173
255 464
61 75
293 426
53 413
23 385
241 408
121 382
202 206
108 428
64 466
167 298
197 234
385 408
375 418
193 336
68 204
2 301
28 282
199 361
213 250
107 264
83 423
204 242
116 239
55 182
32 400
61 387
171 321
24 321
216 286
237 264
28 415
452 475
70 158
295 386
240 385
39 258
2 311
331 473
441 466
111 197
129 393
299 427
201 374
38 299
10 150
107 480
268 439
209 467
326 438
15 205
266 378
4 492
60 420
137 407
371 388
16 372
92 212
21 333
177 219
204 427
14 399
5 431
85 128
235 323
414 444
162 200
305 409
113 424
138 229
95 439
118 368
198 421
393 490
310 431
72 171
58 243
59 156
133 377
54 373
210 345
209 417
300 384
19 94
197 309
219 220
385 448
91 192
195 387
197 277
63 117
393 466
121 425
92 226
144 288
476 480
144 336
191 396
164 293
15 251
19 175
175 222
261 280
189 357
129 196
272 311
181 483
124 476
339 399
278 379
178 405
226 425
210 218
1 29
33 442
244 268
81 383
255 486
79 176
68 168
194 455
146 417
212 479
256 458
31 235
165 347
79 207
143 217
32 265
32 128
146 363
155 190
224 449
36 465
416 494
29 149
218 317
116 483
58 339
161 207
200 278
343 428
220 432
222 324
398 415
476 494
46 483
67 218
128 224
365 372
221 401
62 354
302 358
135 220
28 132
50 107
39 268
43 207
194 416
156 433
110 150
176 336
96 456
33 121
414 455
150 471
45 378
204 289
163 175
373 475
85 454
222 257
207 258
28 114
134 312
124 168
9 403
420 441
116 179
10 369
240 387
152 472
146 334
374 430
13 122
162 307
5 175
26 314
302 500
80 119
91 117
146 470
172 317
238 248
166 413
214 407
282 462
245 465
324 427
13 316
122 486
117 317
80 207
298 424
156 403
197 494
18 128
268 374
115 203
203 414
31 456
44 105
67 316
162 283
124 217
26 45
266 383
193 268
216 303
204 360
5 174
96 291
255 285
244 437
51 242
71 345
300 399
82 117
377 392
35 409
17 371
222 313
235 311
133 185
117 343
281 360
265 319
77 280
99 230
89 162
295 486
302 322
58 480
84 376
246 342
7 330
371 391
48 461
108 147
40 83
335 450
141 472
68 86
164 500
22 402
174 247
64 254
78 384
61 407
150 368
215 430
118 405
439 477
96 222
242 305
63 474
201 410
16 104
221 335
265 463
123 494
98 347
339 479
304 403
219 234
234 360
291 433
195 348
299 472
43 85
204 213
55 443
288 373
269 496
100 132
135 213
264 324
51 458
35 224
25 101
73 154
450 451
63 124
128 238
29 65
367 476
10 207
381 499
253 388
74 75
133 255
148 429
86 184
253 311
5 492
234 454
166 391
175 292
412 466
309 406
3 52
383 480
328 444
270 389
384 471
250 495
290 491
94 259
128 406
73 417
60 346
127 492
411 459
285 410
4 415
28 273
7 312
83 395
304 483
122 182
48 375
193 244
175 265
171 384
274 418
275 383
195 439
191 442
473 496
110 290
189 394
9 369
131 163
198 379
367 494
227 489
22 380
269 477
246 294
187 423
38 161
343 398
268 286
337 477
97 386
228 318
256 415
141 151
60 171
174 459
297 309
8 466
68 225
190 454
376 469
42 483
21 359
188 359
159 212
247 372
74 259
68 171
110 236
88 358
117 487
8 415
303 337
127 286
75 377
123 294
21 326
216 491
264 273
263 399
84 499
229 352
199 422
394 425
3 278
10 401
34 135
142 344
2 56
300 333
70 301
233 484
200 240
17 125
59 237
226 241
76 396
47 373
186 222
251 419
160 229
309 405
151 421
123 336
368 376
33 179
193 389
48 345
244 455
296 442
156 427
132 338
261 363
201 346
35 82
349 463
288 290
138 347
4 278
237 414
40 42
392 471
361 394
187 245
42 202
367 435
172 438
90 281
453 464
124 387
236 240
183 476
148 276
433 464
14 343
36 392
317 430
151 443
187 399
347 433
239 419
14 53
147 179
115 420
106 476
287 357
13 157
204 387
386 450
186 216
347 350
348 477
170 482
33 221
217 331
44 215
66 307
42 314
42 102
465 470
43 379
43 419
45 414
218 464
407 424
101 216
83 300
325 494
348 400
246 249
155 397
53 410
399 440
118 484
275 480
96 153
26 406
137 302
203 484
119 451
291 313
391 393
7 104
90 103
297 473
226 482
12 183
163 270
8 294
231 449
131 305
65 394
44 319
186 403
185 311
134 300
130 393
123 440
53 112
44 445
297 481
87 363
358 438
354 500
119 453
27 144
197 422
273 491
166 400
368 460
92 273
239 268
68 244
48 300
409 447
262 305
34 232
290 437
170 179
95 319
16 460
114 286
33 317
232 336
6 87
324 352
314 316
357 403
139 208
393 494
32 65
249 468
293 371
190 420
94 163
157 384
398 409
168 249
9 275
136 147
77 100
155 385
469 474
228 375
342 344
232 463
171 326
267 470
66 386
95 195
30 397
84 320
369 487
289 362
123 137
85 137
10 471
288 496
204 484
8 218
132 466
30 336
80 433
39 298
7 458
318 332
190 464
105 382
24 482
46 74
177 365
320 475
373 456
187 275
67 470
93 342
320 346
207 405
222 398
145 357
65 180
114 123
69 130
128 341
305 397
6 333
188 234
286 487
28 129
365 378
233 457
26 155
95 160
176 178
82 451
395 407
90 402
28 402
88 239
197 269
216 356
44 114
120 175
312 472
12 118
68 470
82 361
229 390
154 348
53 87
315 323
183 467
36 174
168 445
310 369
195 368
13 384
315 341
80 456
43 332
382 462
179 462
301 459
220 421
235 332
58 371
106 193
231 425
73 360
280 436
155 311
156 275
8 304
361 389
28 127
70 404
159 397
313 340
211 462
176 376
338 487
156 488
101 193
317 350
382 418
8 229
4 140
174 223
79 122
41 245
279 436
123 414
60 163
159 286
97 146
317 321
464 494
4 367
172 440
242 299
12 472
16 269
391 420
285 337
162 456
317 331
171 428
186 469
116 405
88 204
123 409
275 284
325 447
212 303
308 486
410 470
182 405
49 451
229 402
38 404
390 493
277 334
296 331
196 487
7 217
354 366
264 412
407 410
373 468
338 355
327 470
464 479
109 224
194 195
177 233
426 480
76 118
152 473
210 224
402 445
179 404
243 277
268 477
225 256
197 418
364 385
153 496
320 467
43 476
88 335
283 313
135 328
51 249
138 457
315 356
103 249
21 140
318 429
54 397
105 309
73 261
196 489
338 431
98 423
157 412
11 129
69 161
103 167
41 438
78 466
257 324
304 470
142 341
356 411
443 477
34 45
290 347
150 191
452 473
70 434
194 354
32 496
323 438
172 247
174 310
279 290
58 330
198 426
74 175
427 471
26 108
57 145
182 436
164 256
269 313
386 392
116 481
88 203
71 210
339 424
129 164
194 262
10 181
44 178
389 422
74 237
140 154
63 192
96 112
115 160
42 153
9 354
221 247
23 260
212 383
24 306
16 42
178 229
266 288
283 402
41 435
56 232
35 106
309 446
63 207
395 430
197 499
294 327
66 389
46 210
70 125
389 495
168 433
114 157
210 346
227 454
386 408
199 214
151 185
229 245
154 438
80 356
172 419
77 225
41 266
246 318
241 268
252 288
50 470
20 142
318 403
322 484
266 477
253 398
188 309
331 439
223 425
371 399
153 380
260 332
77 182
259 394
188 205
279 282
213 341
197 295
14 67
269 348
23 365
105 342
88 158
111 381
7 79
75 224
74 139
123 274
149 399
193 276
304 440
9 226
492 498
84 456
243 483
94 333
285 428
258 307
417 433
50 359
226 232
67 279
294 345
49 209
124 483
358 376
74 222
140 419
359 450
296 399
190 396
353 485
39 167
124 176
86 429
387 404
229 429
148 213
304 436
248 381
194 299
333 337
123 275
133 321
120 346
243 292
28 89
103 280
266 358
53 330
116 428
95 279
238 395
11 500
20 165
15 480
11 198
210 226
203 403
253 337
113 293
115 281
201 419
152 337
51 453
70 224
117 300
38 442
335 477
48 196
124 240
377 384
154 399
356 427
32 229
344 400
178 402
19 314
290 482
354 412
247 255
431 456
293 307
255 290
79 438
229 372
140 258
273 411
282 336
14 203
196 248
66 111
326 430
264 445
282 283
57 235
134 261
278 381
283 426
151 433
155 256
121 169
178 239
113 126
73 168
377 485
271 453
402 426
22 462
363 378
7 288
305 362
8 365
37 193
137 344
319 443
105 421
310 432
133 361
43 236
58 162
276 365
18 300
196 349
422 491
287 493
206 476
354 394
62 293
7 455
134 308
40 360
294 403
452 491
132 142
92 161
196 423
207 230
197 450
182 401
84 475
118 374
341 384
419 434
326 447
163 197
206 347
254 418
14 246
178 400
151 255
93 199
30 382
68 226
26 439
364 493
327 379
165 458
243 257
4 469
74 475
245 308
39 163
78 304
15 258
296 342
22 148
151 399
318 358
138 492
303 450
5 397
238 412
112 193
185 385
125 293
58 303
299 404
30 490
382 476
161 369
180 367
179 461
60 358
60 399
165 353
376 445
301 478
97 352
245 334
91 411
253 495
44 53
119 343
39 395
134 216
124 372
77 85
209 450
63 381
174 189
266 462
144 462
229 348
194 267
124 399
140 359
332 401
162 348
182 282
56 310
67 71
1 254
219 435
238 485
96 115
21 181
50 404
281 460
239 449
181 315
273 371
59 432
49 302
203 331
190 291
124 186
173 321
183 367
416 437
427 483
13 481
16 119
196 380
139 166
224 454
118 318
81 106
180 435
71 234
6 281
45 384
78 428
294 449
249 438
293 348
266 412
239 400
277 369
77 82
174 433
144 429
317 426
132 295
60 128
253 396
24 227
72 305
99 127
47 103
82 403
69 342
257 270
97 356
285 489
10 145
323 424
288 494
87 147
301 474
363 418
129 250
192 388
124 391
46 212
182 223
199 262
84 390
15 238
180 265
39 318
425 487
83 105
45 172
154 278
75 334
40 203
178 305
56 358
132 489
84 228
56 324
47 90
228 348
120 301
145 491
355 430
147 340
1 312
175 239
285 382
18 498
287 383
340 466
181 336
162 288
38 64
169 197
20 104
84 165
21 198
298 401
264 498
482 484
244 405
83 135
53 159
257 261
71 131
418 423
17 70
171 306
123 333
355 416
18 393
167 224
84 361
88 127
182 349
84 231
91 489
268 347
119 196
191 192
204 439
89 366
11 145
35 411
433 492
145 476
1 211
3 155
116 282
26 234
57 88
306 336
53 311
107 455
305 453
114 396
8 387
102 303
146 403
107 425
419 447
357 425
270 474
4 37
212 293
74 436
128 457
385 483
55 210
311 457
213 386
273 437
155 300
135 160
12 395
44 275
40 55
56 248
113 366
94 348
234 478
3 453
194 358
142 236
74 106
96 264
416 485
5 78
95 220
258 284
55 444
117 453
324 388
54 250
182 277
101 343
72 390
139 219
317 393
41 182
212 320
268 476
292 403
166 223
60 251
119 290
6 96
86 92
24 499
40 233
59 265
217 358
327 359
407 452
273 384
220 441
32 344
197 324
244 278
4 143
93 256
260 437
303 347
73 459
143 363
73 247
135 495
108 188
62 102
78 416
117 494
91 477
28 370
27 153
348 401
77 431
13 103
136 230
71 130
247 490
86 121
68 467
384 423
410 483
67 237
83 487
158 204
344 495
184 455
170 337
94 372
383 419
73 455
49 126
17 469
53 139
14 318
311 465
172 316
167 308
163 426
365 455
287 429
307 414
77 500
166 247
305 326
146 318
231 455
13 320
237 394
53 401
383 453
106 372
236 293
165 283
211 329
208 428
154 351
119 334
161 215
34 204
5 403
96 278
73 432
17 380
189 356
117 482
189 479
91 177
299 318
170 454
429 442
224 280
314 437
251 394
322 374
42 224
192 468
292 404
36 191
74 100
86 385
40 193
201 294
5 229
22 270
249 337
220 255
168 294
87 424
91 164
289 379
451 456
138 194
174 403
264 382
84 239
5 160
358 382
59 212
103 238
87 275
121 269
1 210
371 463
79 205
70 87
97 288
116 174
196 362
65 331
95 212
341 451
18 231
245 263
59 337
214 421
140 227
331 467
176 221
409 444
6 349
43 421
157 394
191 280
8 164
239 499
98 342
195 267
120 172
293 323
85 364
6 266
408 432
255 351
326 442
63 345
78 294
24 152
357 447
267 410
110 305
4 322
247 265
33 188
101 237
145 414
92 208
438 441
129 493
28 268
133 376
460 470
243 426
71 499
151 214
298 500
10 197
350 356
190 418
48 339
355 372
145 345
137 442
175 499
138 279
317 386
291 410
88 220
5 404
189 470
370 490
16 142
146 275
18 103
294 442
49 444
59 422
105 251
248 344
14 389
119 286
225 280
23 466
101 473
318 460
81 464
358 380
2 235
45 283
56 391
313 352
137 313
9 247
122 444
347 479
43 394
25 26
218 360
229 398
369 413
275 388
316 323
35 99
268 372
188 312
208 390
76 492
147 313
96 261
105 359
10 462
128 334
81 130
95 390
149 436
320 453
214 475
371 386
21 154
404 421
389 446
30 75
301 338
63 458
115 147
187 493
123 482
89 429
349 388
266 499
294 492
179 416
265 341
186 210
33 248
120 412
46 398
115 377
265 443
2 258
164 441
142 373
74 117
59 198
262 422
147 473
179 460
282 297
127 443
183 210
329 466
98 267
254 389
58 110
156 243
241 365
110 291
138 306
111 462
65 227
204 381
179 376
263 362
21 424
355 449
434 487
241 244
47 377
205 239
156 302
7 170
356 465
133 422
62 359
257 287
129 437
184 274
149 481
32 437
147 413
154 239
41 491
214 383
307 392
123 303
349 437
45 464
105 212
33 183
85 174
178 344
5 162
199 476
172 221
19 159
360 377
170 265
448 489
366 373
65 401
195 292
56 217
257 406
426 485
125 434
146 261
191 435
325 373
10 151
50 424
252 422
169 452
51 160
342 359
446 480
254 416
45 213
55 185
308 360
437 498
8 75
86 182
57 418
362 495
119 409
104 242
17 197
108 348
34 352
281 283
204 462
9 320
13 322
129 371
242 405
266 436
244 367
165 368
39 337
121 440
364 408
250 289
12 396
67 453
402 489
289 424
322 449
408 481
176 476
37 222
299 434
2 265
126 240
63 138
162 477
150 382
343 401
69 469
51 138
96 407
182 352
291 301
43 226
79 325
183 244
62 366
172 324
20 168
4 28
378 482
40 460
219 470
35 226
205 443
3 163
96 348
394 495
96 263
188 394
400 423
224 402
271 416
8 342
184 203
30 83
62 230
122 140
449 494
140 187
12 195
247 424
158 241
74 368
217 444
286 471
150 489
204 231
186 383
70 117
2 241
231 273
174 462
31 322
2 293
219 353
45 298
138 500
423 480
140 174
153 330
44 354
131 441
260 350
40 332
42 342
31 153
151 382
334 350
306 378
208 332
274 322
29 306
221 455
121 285
186 353
253 431
345 418
153 307
65 146
59 135
69 389
126 255
201 420
261 334
54 366
66 206
45 484
287 310
14 488
349 421
439 452
157 457
413 458
53 354
3 298
122 420
305 380
205 398
290 366
445 483
239 409
76 357
321 461
114 349
301 333
28 163
217 359
135 487
91 372
117 454
65 118
155 488
361 366
143 397
24 425
301 431
204 259
75 91
1 395
162 280
45 312
114 232
290 333
56 412
187 368
211 296
112 358
10 324
20 103
49 380
236 347
77 164
153 341
9 465
103 192
473 486
183 189
184 209
193 327
62 181
74 473
8 333
290 418
111 361
39 200
32 365
118 359
236 454
244 328
227 286
292 325
5 148
151 221
60 204
33 413
11 366
89 384
211 252
94 484
75 431
28 123
108 469
8 367
152 266
128 471
106 349
76 293
84 226
96 323
208 472
35 181
200 328
217 375
450 474
109 475
36 52
130 400
123 279
291 347
295 466
117 213
10 315
58 157
202 280
55 229
14 353
187 388
96 471
147 167
175 276
74 92
56 168
101 131
44 299
394 417
391 410
345 353
218 370
115 332
274 399
205 418
245 399
199 499
261 265
81 499
9 306
261 422
49 200
67 303
40 283
183 323
91 193
71 214
51 124
156 251
85 239
126 316
234 429
12 398
58 68
20 48
242 444
232 400
66 422
193 270
169 264
12 314
70 119
210 416
20 285
187 356
152 383
183 341
18 61
131 358
40 325
221 453
206 368
43 391
195 308
102 330
16 107
8 335
38 117
27 459
98 135
12 34
333 472
75 313
179 369
283 397
65 307
96 171
72 160
342 469
137 257
68 101
310 428
177 297
94 490
4 226
362 457
137 193
390 404
10 330
243 338
362 493
327 368
167 346
96 398
208 341
308 472
276 289
162 374
372 432
114 133
198 391
301 356
353 436
144 453
269 465
256 266
46 336
136 214
102 411
34 90
95 243
105 252
420 488
182 301
116 490
49 408
3 121
433 438
190 500
137 298
98 435
101 457
259 381
112 321
68 321
246 273
215 226
6 145
168 302
444 464
73 331
22 289
25 69
23 257
110 256
29 445
7 259
208 454
309 358
25 194
72 268
71 91
41 152
72 162
153 278
3 398
293 454
66 356
350 458
68 371
171 281
141 491
174 353
62 435
10 286
121 457
53 478
73 397
185 379
1 410
189 199
4 196
6 201
43 141
213 373
116 165
128 292
190 405
103 405
475 498
143 223
260 394
321 394
157 206
399 453
164 469
445 499
371 413
38 388
349 477
330 338
106 129
135 337
174 393
85 220
4 312
136 419
20 174
117 171
65 469
78 218
70 455
391 454
64 281
254 497
16 452
296 483
141 168
309 376
22 420
211 415
74 215
217 321
259 349
230 262
360 400
291 450
50 124
106 419
312 325
83 399
273 278
260 315
74 273
171 481
365 380
215 218
87 156
266 323
252 452
196 384
184 255
172 281
52 487
35 152
120 142
47 494
164 300
236 355
310 353
221 474
330 411
280 391
44 255
238 455
2 359
31 71
48 234
243 306
23 495
355 396
95 436
185 259
241 287
15 38
47 77
44 269
140 312
464 487
7 296
377 387
181 335
139 464
274 379
39 82
139 473
266 389
168 310
326 373
259 431
17 106
72 483
113 156
93 357
143 401
226 247
378 456
50 133
86 306
285 346
177 397
128 312
8 412
320 382
304 402
234 263
46 303
313 443
186 292
23 412
61 422
126 433
10 267
318 331
18 283
41 365
305 396
142 355
356 436
148 299
258 400
118 357
173 368
355 411
99 174
158 189
147 361
141 254
389 441
181 303
79 263
58 63
151 209
67 472
141 227
25 124
267 432
220 288
472 476
226 380
129 152
35 492
114 322
48 147
332 449
30 458
179 474
135 500
111 477
38 314
17 348
47 274
118 396
103 208
148 442
61 471
302 317
333 456
49 330
59 454
160 334
242 419
5 250
5 462
99 448
209 239
206 450
23 104
159 292
44 474
105 115
108 370
468 490
339 470
220 273
159 174
2 27
169 416
136 378
71 222
45 451
25 361
73 375
23 266
265 435
206 287
336 441
97 260
15 204
238 243
249 283
22 394
71 75
344 488
152 334
80 352
427 452
141 391
207 390
6 379
29 335
186 242
18 355
283 442
145 246
52 121
150 333
343 410
133 469
91 302
274 451
192 378
181 205
306 324
174 485
306 384
3 474
442 500
325 452
86 463
402 492
300 443
102 370
68 325
153 318
391 411
136 262
276 333
16 323
117 255
199 456
92 484
201 393
72 169
147 233
100 283
172 482
250 449
21 426
242 372
21 124
118 391
65 295
180 263
127 274
144 358
139 309
150 279
270 471
57 447
177 272
113 313
131 245
266 309
463 491
123 318
221 255
43 219
305 436
118 176
326 350
2 236
306 310
115 269
61 493
28 335
154 167
238 318
77 188
155 486
350 419
261 372
150 231
309 415
24 407
18 156
50 290
112 286
44 70
188 236
100 403
161 412
381 472
372 490
325 329
108 266
239 265
246 413
5 197
14 159
81 90
112 440
4 78
267 298
27 371
118 272
117 293
31 424
37 144
179 283
85 418
288 419
169 299
156 305
249 256
164 299
221 417
127 201
422 467
136 362
207 407
173 312
151 473
67 477
323 489
138 311
323 332
214 228
106 358
2 129
277 464
150 263
38 494
192 406
49 117
191 239
95 421
108 451
103 462
119 456
221 323
267 423
117 192
411 491
3 452
325 338
89 247
122 393
305 427
151 430
414 422
386 487
358 375
257 267
158 443
210 400
120 230
366 493
44 273
194 410
100 138
178 180
291 363
356 428
186 236
446 476
3 324
198 206
63 455
207 415
166 198
319 470
221 471
430 489
314 393
47 287
14 215
92 493
172 284
63 481
321 323
221 382
188 413
284 328
416 453
86 288
264 409
286 412
85 158
346 398
303 315
4 449
362 400
85 299
419 435
252 416
133 448
161 380
104 109
189 482
299 455
190 239
33 161
327 388
256 319
57 113
31 370
319 328
74 385
290 456
17 433
10 231
167 412
72 397
24 370
37 263
36 84
302 420
55 191
60 344
95 464
220 338
107 467
61 439
433 456
78 411
34 269
279 388
26 397
11 321
300 349
243 438
439 486
2 351
197 500
235 494
242 362
270 311
400 441
44 142
316 405
22 376
295 307
353 389
278 448
94 121
351 364
191 271
129 383
14 414
221 282
26 185
383 406
73 364
177 446
137 320
293 295
197 214
31 429
222 399
92 424
22 185
134 230
460 479
96 114
239 491
72 462
228 262
157 239
205 286
223 402
138 473
372 484
230 460
40 137
330 449
281 324
87 324
364 484
2 294
221 384
17 82
173 335
272 284
137 432
254 409
59 444
3 109
89 449
22 330
62 107
57 156
80 145
324 358
19 220
149 353
94 239
115 390
196 308
310 401
227 343
67 413
131 295
78 131
184 300
7 147
218 323
97 216
168 186
131 354
300 357
444 489
5 347
221 359
112 416
174 397
347 473
52 255
91 320
86 480
39 255
358 416
100 215
297 429
82 237
86 170
123 369
41 281
233 327
144 450
77 248
135 235
203 415
286 294
107 226
323 331
161 296
25 406
41 116
297 346
259 345
14 211
46 220
52 436
169 427
160 309
69 494
249 383
32 255
80 447
191 466
46 313
158 244
336 468
374 444
309 352
77 290
174 305
53 152
243 354
169 270
218 359
237 297
21 474
40 241
204 493
93 441
36 192
23 103
71 359
227 415
59 308
196 253
44 353
56 437
39 336
73 147
73 489
345 356
395 467
107 484
130 269
107 212
13 41
130 174
173 232
285 344
11 382
132 330
158 490
66 333
455 482
211 268
80 417
137 215
380 489
456 472
58 273
97 256
133 487
7 60
340 389
8 254
269 462
62 269
230 323
68 155
150 435
140 180
1 247
153 274
52 241
298 384
79 362
184 327
275 416
316 456
206 308
129 356
438 462
377 389
286 478
10 347
380 444
342 383
50 388
75 315
50 492
148 261
60 220
90 118
138 151
430 500
358 445
148 362
464 480
46 401
72 307
121 497
12 400
270 359
439 455
57 216
377 439
48 391
153 385
212 489
38 253
149 458
129 269
59 391
82 435
57 200
236 331
144 474
10 457
15 100
243 430
129 240
385 400
288 344
9 185
205 262
256 268
85 162
277 289
325 423
14 314
305 411
200 462
17 389
122 222
91 341
6 247
259 365
203 419
412 482
37 422
179 247
372 386
234 384
376 465
344 418
113 440
314 383
401 499
3 378
48 184
235 433
17 54
68 296
150 487
99 383
238 326
102 174
163 206
331 494
288 302
249 251
203 449
100 474
12 268
319 414
89 398
43 46
351 391
144 454
417 451
103 333
127 445
123 149
145 385
333 491
24 337
255 425
99 165
128 375
408 412
143 239
12 225
234 437
105 185
295 427
176 409
202 207
248 416
32 490
101 397
236 500
305 421
438 468
158 368
21 437
30 489
210 443
124 419
234 297
240 371
6 74
81 187
4 98
396 413
121 355
284 341
222 491
245 321
30 202
133 326
370 427
1 23
84 465
137 189
340 406
425 495
141 299
75 221
39 466
130 225
88 368
107 268
228 389
34 227
80 142
183 277
273 340
164 309
136 157
442 455
164 174
4 119
199 356
22 235
246 370
99 128
134 386
136 300
170 452
225 277
85 130
48 460
82 390
224 288
306 496
4 80
10 359
42 470
76 482
82 243
1 497
74 358
242 452
401 442
68 491
223 500
7 342
233 315
3 416
72 412
104 463
152 409
168 228
227 314
28 493
76 455
259 347
225 446
197 229
149 348
124 370
427 433
264 351
155 294
154 340
188 431
27 157
292 496
321 434
28 461
62 307
173 427
84 474
28 350
178 323
180 499
247 277
382 388
148 468
30 37
80 327
8 382
27 55
21 108
105 379
134 184
63 494
71 376
267 412
389 412
12 358
347 380
472 482
163 469
135 410
436 449
31 450
270 317
48 306
280 351
44 326
320 331
7 270
251 322
354 359
254 495
208 348
45 187
341 498
295 338
393 447
101 304
171 433
398 464
83 256
243 418
321 432
27 281
155 472
79 302
222 478
246 421
123 127
79 312
426 427
295 360
16 239
187 480
226 475
380 481
264 345
314 421
401 438
329 386
72 74
461 496
355 383
51 295
33 330
90 470
69 402
88 380
273 345
95 182
138 453
30 443
356 463
51 428
38 406
213 339
196 200
92 150
54 496
340 372
99 410
132 365
94 115
189 355
61 264
117 430
209 274
368 452
62 494
117 433
211 325
142 319
208 329
23 155
272 276
35 121
31 128
113 238
20 21
354 486
203 244
190 316
41 46
288 471
217 323
76 265
188 387
112 184
49 212
130 204
339 386
219 259
214 217
284 307
299 311
53 151
22 203
45 48
79 89
171 310
334 374
1 339
78 160
354 385
77 122
155 464
359 360
10 57
51 200
266 448
241 350
159 452
263 495
26 195
91 318
256 341
278 398
194 292
255 423
264 474
251 280
165 367
37 444
380 498
59 191
88 181
216 277
165 233
76 488
309 340
192 209
181 215
33 335
409 460
285 363
26 347
118 488
96 163
187 430
3 470
195 367
101 376
69 388
77 420
246 316
61 100
180 351
71 299
101 349
34 237
266 372
78 127
52 498
113 442
76 221
81 139
88 304
268 413
112 229
19 382
37 137
288 368
435 476
92 146
378 464
299 473
372 456
124 441
29 247
15 315
98 141
99 143
397 429
145 241
35 449
63 90
179 250
343 482
119 135
140 497
254 433
81 205
10 381
70 259
221 369
222 461
30 150
167 341
409 465
140 304
266 485
242 326
219 323
443 460
280 397
158 294
361 388
189 335
112 320
95 396
122 234
34 337
342 407
209 326
186 483
239 360
2 378
94 213
253 397
18 228
87 146
49 231
84 285
123 292
14 263
286 371
135 452
103 114
75 197
210 404
149 159
82 458
50 68
6 310
229 251
128 156
199 233
212 458
177 180
178 304
239 344
215 409
227 408
135 493
442 452
48 97
203 404
78 108
169 285
309 389
115 141
59 86
7 443
197 352
178 324
244 414
41 488
209 344
83 466
205 436
55 407
11 259
69 280
133 335
33 56
82 252
131 165
48 74
261 450
319 360
302 315
162 429
62 361
40 238
8 405
131 371
202 331
170 435
89 294
74 377
1 232
70 317
58 218
273 486
273 300
71 383
336 358
151 469
77 229
279 372
378 415
12 376
10 72
154 289
12 135
57 63
198 429
239 363
391 457
205 221
280 483
347 494
420 453
31 497
16 124
130 169
59 115
126 434
151 409
288 420
201 500
57 331
50 62
30 143
89 216
145 201
372 433
270 403
169 198
152 364
266 327
217 417
201 272
79 485
269 418
154 303
382 407
9 65
3 468
364 431
64 406
54 243
208 353
66 336
66 366
30 153
344 474
272 289
5 421
166 444
297 351
190 280
48 469
280 339
32 224
221 418
79 398
270 442
88 119
123 471
245 469
129 291
233 353
206 225
278 369
157 235
73 280
373 444
122 455
89 335
290 311
298 481
291 423
428 483
262 289
57 162
119 377
93 262
48 372
225 383
8 390
337 431
345 381
160 374
349 403
46 182
204 481
159 331
24 352
211 449
265 429
7 68
49 486
26 142
251 343
224 229
213 321
72 218
22 419
30 85
279 300
52 246
68 162
291 324
432 447
132 162
76 313
29 352
150 402
360 416
185 312
143 188
451 468
260 392
314 418
251 480
274 361
327 488
162 346
213 482
157 274
129 197
174 237
341 343
321 341
367 406
164 203
331 371
2 244
372 435
166 447
220 342
11 183
19 357
55 306
105 420
174 279
288 319
362 365
192 254
13 85
268 318
287 466
55 360
284 306
340 375
111 230
105 439
12 467
293 320
32 231
40 53
193 210
115 243
42 168
80 179
251 403
134 367
19 497
254 405
137 482
99 416
71 423
290 304
41 231
165 277
343 478
52 176
86 274
4 95
33 415
259 336
198 381
198 477
177 288
221 393
22 109
211 392
170 421
71 95
413 448
66 115
184 216
172 448
169 453
413 454
192 385
482 487
306 319
187 243
198 402
30 338
137 238
185 417
37 299
9 218
175 341
190 407
4 345
301 428
40 94
330 457
8 152
43 159
24 455
245 322
353 405
289 425
213 224
6 405
245 297
104 294
194 258
37 278
40 347
15 470
436 489
365 481
12 233
80 249
158 463
239 375
69 233
99 414
7 418
341 394
73 315
207 433
163 241
35 318
383 424
196 219
87 148
357 382
202 257
77 158
37 171
39 372
6 495
363 457
231 418
84 130
369 390
407 478
180 293
243 323
410 471
365 494
271 412
364 495
238 287
48 274
346 424
86 472
56 359
150 155
23 32
56 130
49 258
121 318
127 308
29 113
386 397
178 489
317 452
312 386
63 252
86 99
54 253
237 262
384 494
157 321
29 358
161 486
32 407
176 318
224 381
230 250
140 471
180 411
274 316
83 160
307 371
5 418
348 394
73 442
493 497
93 319
145 384
210 221
284 317
113 499
208 304
120 327
13 194
109 319
355 370
28 104
45 339
20 148
64 73
9 33
48 250
174 452
416 449
198 435
53 285
352 414
361 402
98 248
261 459
66 442
369 372
88 415
313 427
218 356
182 202
176 431
101 317
451 470
91 395
114 139
8 18
125 360
166 269
208 232
376 380
215 372
205 263
286 414
22 194
98 214
4 433
41 160
116 448
338 402
5 455
189 294
14 484
173 182
281 469
64 188
128 318
245 358
17 175
14 498
57 353
165 333
115 467
185 250
233 277
148 376
211 273
44 125
262 468
273 326
115 318
152 423
104 146
79 435
152 486
314 376
186 481
143 278
26 452
61 386
192 439
102 460
285 381
36 182
31 123
76 448
168 377
47 390
289 343
103 126
235 239
129 200
24 144
69 133
131 250
110 112
49 169
57 319
73 204
194 488
58 64
252 269
104 176
57 85
313 361
13 352
130 318
306 330
81 273
76 474
37 363
6 452
272 473
322 433
38 134
60 331
48 263
373 375
159 287
22 339
10 296
268 420
151 200
458 466
25 225
149 307
65 191
141 319
307 478
135 374
56 322
139 499
172 463
326 418
123 417
226 275
312 447
79 144
2 81
51 268
143 484
37 359
98 359
288 314
85 206
20 356
109 230
71 223
55 85
414 424
241 404
328 392
396 432
41 394
160 335
3 255
356 379
247 375
254 419
31 485
235 403
369 486
117 180
441 470
42 227
107 496
344 482
117 403
236 256
341 449
17 481
60 406
401 480
115 451
27 164
177 405
179 325
341 374
85 101
293 351
137 198
262 466
129 416
390 401
41 293
107 481
39 414
57 141
337 383
11 27
324 465
260 442
51 392
346 463
62 447
226 354
34 346
220 485
306 438
356 431
89 258
109 362
199 400
165 499
143 303
380 496
265 487
132 398
370 451
150 357
151 367
110 165
16 499
186 389
149 425
320 456
35 91
373 449
115 422
283 342
120 223
165 168
202 306
359 485
153 254
62 428
459 480
128 171
172 205
125 185
110 171
46 437
460 478
263 439
176 349
104 234
252 445
14 430
421 466
173 348
72 144
10 439
188 482
161 227
69 331
50 238
227 336
183 337
81 428
331 375
7 479
134 135
313 420
277 476
54 424
171 382
108 488
206 406
64 160
174 370
1 278
319 380
297 395
63 226
182 305
101 171
25 281
195 197
299 451
143 483
313 445
12 182
42 261
425 446
153 245
351 399
295 429
276 457
161 339
33 42
140 270
4 124
82 437
60 288
123 446
116 190
170 306
208 280
252 289
116 303
87 138
181 353
90 258
479 484
20 149
110 268
138 452
86 372
81 493
71 373
177 447
428 434
111 492
8 447
317 339
173 260
326 374
109 344
220 482
405 429
231 262
20 442
53 222
98 192
157 416
208 489
62 487
336 348
49 77
316 371
41 376
69 84
396 471
91 481
392 399
57 201
304 315
232 348
280 338
374 410
45 273
292 310
149 461
360 375
80 156
98 367
419 494
164 167
330 482
237 427
44 392
92 316
246 336
17 478
100 228
27 394
436 474
30 255
331 448
221 318
354 355
250 268
37 167
88 128
153 325
228 333
143 209
279 283
34 448
25 203
40 257
392 411
60 361
154 316
266 352
69 172
54 278
51 210
81 357
19 325
350 394
89 419
227 406
374 436
34 119
323 336
182 285
5 38
120 258
330 454
37 440
220 494
195 401
449 488
11 159
429 461
180 283
67 161
294 390
460 472
70 200
187 291
44 180
174 387
195 415
300 375
129 283
77 396
48 78
330 430
264 403
112 241
121 392
438 482
88 459
104 298
21 473
54 55
291 461
148 354
37 318
330 374
163 455
124 290
322 330
227 394
17 30
331 367
178 397
217 461
22 95
27 141
226 317
452 472
46 390
249 342
247 360
158 264
4 443
34 183
11 12
48 125
298 348
15 90
25 292
133 230
224 419
128 323
296 498
52 271
29 176
380 411
362 434
207 242
94 229
168 440
343 462
258 260
15 314
31 340
221 404
101 198
249 376
67 113
388 418
130 493
96 223
154 375
259 262
172 314
357 421
86 428
131 282
67 455
123 200
39 370
6 329
168 230
59 348
30 464
260 368
337 387
336 431
27 396
71 341
18 324
205 438
257 433
13 346
269 307
372 463
42 43
229 298
31 336
170 350
38 383
252 377
220 358
352 451
85 215
269 317
78 339
135 496
297 304
175 404
236 472
311 478
186 436
229 411
357 418
186 197
164 286
101 403
28 351
119 216
106 270
62 347
442 480
58 216
341 344
268 469
225 274
82 114
230 256
410 445
192 492
129 131
103 455
313 446
46 213
36 359
109 348
227 448
122 320
284 410
56 308
383 484
266 469
180 369
90 404
121 424
7 405
321 491
270 333
199 449
20 390
140 230
374 480
133 496
180 470
430 487
27 126
60 61
235 242
262 383
221 345
185 409
240 275
129 372
237 332
181 366
10 229
227 317
10 413
46 447
52 189
16 282
49 311
91 402
347 438
127 133
61 462
207 414
22 258
15 473
18 203
201 291
246 404
220 400
128 155
198 224
358 436
381 488
145 469
38 290
218 415
138 255
140 327
68 132
168 194
61 477
51 129
171 346
251 500
368 472
162 284
114 118
222 462
51 411
244 459
95 155
237 490
286 495
317 457
89 497
67 210
142 401
178 485
23 47
111 188
75 365
126 279
276 403
299 407
169 445
199 216
51 193
95 199
108 413
148 304
330 416
87 466
307 374
70 389
35 418
86 262
111 384
476 492
78 316
63 156
335 470
271 287
189 498
47 57
355 424
252 438
300 415
259 306
60 101
258 444
308 448
149 476
176 484
229 401
233 481
266 343
227 366
395 452
325 354
410 497
425 452
446 454
215 447
194 481
435 450
147 226
114 261
304 473
399 406
274 480
140 361
283 405
49 78
249 404
74 463
87 251
94 102
353 355
64 99
7 146
155 419
196 208
335 430
97 127
11 416
20 434
82 228
203 356
121 246
338 423
54 105
98 444
324 478
259 268
113 275
222 316
141 218
286 374
110 142
147 317
75 189
44 344
184 393
51 177
209 242
10 36
353 380
77 106
146 371
330 414
166 456
92 109
212 264
16 305
123 492
173 469
78 476
214 219
98 334
22 151
305 408
332 428
141 422
14 190
362 442
314 354
113 116
97 255
201 474
10 24
279 412
404 465
5 367
159 207
287 337
182 284
187 440
251 371
163 331
201 466
21 334
270 394
67 445
278 457
305 391
322 337
253 405
292 434
480 492
40 226
133 238
179 327
110 200
24 97
110 346
174 367
7 332
430 445
72 450
139 277
56 441
404 464
402 452
64 204
102 252
101 236
141 262
52 58
456 486
202 320
206 356
166 339
35 287
232 342
321 426
118 139
183 318
207 293
211 259
192 493
278 440
58 76
436 476
260 334
251 288
41 221
203 321
183 203
91 131
218 226
18 461
148 238
102 471
267 389
23 316
6 447
188 285
189 420
61 372
240 311
42 316
77 211
137 476
190 328
103 422
407 500
431 452
46 396
54 75
449 468
25 250
396 462
356 432
260 488
187 261
84 86
118 232
65 181
342 485
267 404
161 209
85 309
210 380
41 350
250 277
411 422
400 418
296 404
141 296
158 315
89 307
26 125
77 374
253 460
475 486
25 458
236 434
333 351
111 430
83 294
118 281
158 276
42 132
69 281
313 495
126 159
84 180
39 294
186 463
423 487
446 477
74 341
144 312
80 372
133 311
4 309
231 426
149 204
40 162
183 185
29 231
135 420
473 478
350 416
455 461
237 489
5 346
281 405
89 435
364 393
318 438
214 285
450 496
100 306
302 307
165 248
261 455
246 288
168 419
246 257
353 467
63 165
222 229
222 231
133 280
65 178
74 338
157 443
378 448
372 424
319 373
45 398
209 378
130 184
274 356
50 400
163 174
401 474
97 161
14 278
83 186
134 171
340 395
105 474
295 461
44 159
474 484
169 428
21 339
101 472
431 463
99 133
38 150
295 366
155 161
304 350
100 146
107 260
272 398
2 383
259 497
76 256
22 207
58 487
227 249
177 189
74 346
176 443
149 354
29 388
72 499
301 329
175 197
213 300
329 349
73 187
303 371
387 399
246 483
21 375
49 300
233 341
206 498
10 318
338 468
24 380
30 363
93 255
19 431
250 464
54 498
45 247
67 277
137 435
35 340
448 478
35 39
332 457
127 288
38 235
229 451
243 460
53 358
66 130
92 235
9 50
19 160
45 117
93 283
238 347
236 351
299 354
2 26
301 398
37 414
172 253
129 488
174 332
89 405
399 487
100 238
151 280
2 456
226 407
382 478
152 471
191 335
387 455
147 359
206 416
38 416
123 289
92 411
50 449
153 277
153 340
109 180
127 141
29 465
196 227
248 474
131 230
11 269
276 498
277 417
19 400
255 418
102 496
439 467
71 92
308 374
208 464
97 202
75 469
239 307
229 303
133 426
72 317
72 335
40 414
2 132
206 251
136 190
107 269
229 338
46 108
329 481
172 472
20 56
37 184
315 395
36 398
205 377
72 318
136 380
230 347
77 378
124 457
112 124
139 255
189 306
136 239
173 317
166 227
174 248
311 350
347 498
260 409
200 370
160 410
14 29
402 424
125 467
207 474
410 420
57 421
442 493
460 485
31 177
126 320
79 288
252 453
38 379
7 282
133 477
86 457
106 423
261 461
146 362
243 377
87 290
285 352
259 331
312 407
16 398
351 450
265 447
127 290
122 287
50 399
218 307
308 452
103 195
316 325
211 420
289 473
115 392
292 308
44 236
170 335
37 86
89 347
23 55
180 396
239 439
106 308
18 169
150 264
45 404
70 380
335 369
275 464
53 392
184 476
158 451
8 44
126 234
186 496
107 426
63 77
308 339
10 461
320 496
43 154
392 407
51 75
53 108
133 382
283 478
108 317
74 326
200 284
48 252
45 50
279 431
87 439
308 316
28 471
197 316
382 496
74 315
43 103
173 458
112 334
136 346
290 497
51 130
370 467
198 246
145 218
18 390
4 229
203 470
216 380
165 434
105 366
371 481
146 437
130 330
73 410
359 435
107 392
77 139
5 497
42 182
126 493
3 364
45 99
16 171
130 423
71 472
276 389
172 175
385 478
36 230
227 382
103 325
171 360
68 419
27 450
25 148
89 96
288 465
327 496
387 498
181 471
314 413
78 420
255 399
150 499
272 378
141 212
61 223
121 341
120 139
121 344
327 385
189 484
6 42
42 176
145 407
65 494
307 485
250 498
207 358
142 149
55 400
15 16
208 242
172 292
20 433
54 166
40 92
227 452
193 207
61 253
107 449
346 488
167 403
304 396
26 335
22 267
82 262
128 444
60 362
363 493
398 433
59 209
81 462
4 101
100 393
294 387
234 251
86 444
179 313
306 481
290 461
51 280
313 320
56 486
417 479
45 358
190 311
11 201
324 458
269 336
2 400
187 299
35 55
39 222
58 191
203 433
30 401
403 485
10 23
91 337
28 193
93 417
263 474
122 355
344 500
304 497
217 411
99 266
137 230
466 488
212 329
46 186
196 485
230 448
129 390
71 364
218 471
12 27
183 314
88 376
75 453
285 379
190 389
1 331
392 462
208 257
17 65
76 458
130 357
94 404
170 414
264 456
396 449
104 416
54 492
150 423
96 392
65 443
396 408
176 180
241 309
298 372
134 271
195 258
103 477
37 421
39 181
464 476
102 492
224 328
279 299
95 364
42 322
62 431
376 426
244 262
213 352
176 301
79 90
105 289
92 443
162 470
213 313
12 41
65 300
226 263
93 307
302 355
109 449
174 478
125 255
9 440
140 268
69 339
205 236
206 399
164 229
45 329
78 89
5 59
26 317
300 382
35 312
111 304
7 120
240 499
130 407
192 327
316 377
95 287
294 485
303 425
390 393
92 225
150 338
332 387
103 241
138 149
158 208
39 88
273 365
46 133
41 372
133 263
211 396
91 137
73 166
49 438
139 307
68 330
317 378
258 371
48 377
211 406
188 460
149 218
32 43
202 253
320 362
152 476
326 403
258 407
128 257
181 207
87 191
177 416
79 82
4 455
146 169
25 286
234 327
228 377
448 477
355 488
469 496
255 306
172 487
353 354
458 494
52 182
130 284
159 295
42 186
151 457
59 388
136 433
267 304
8 381
20 460
426 481
327 497
399 499
178 315
272 280
127 420
361 390
195 482
382 499
56 292
123 423
65 253
56 263
155 447
181 484
171 447
120 403
151 222
169 219
115 204
478 489
109 304
355 476
18 480
115 359
364 390
352 487
87 352
13 198
35 300
245 273
354 431
232 254
2 228
107 320
112 200
62 158
93 303
204 310
128 194
88 341
168 275
310 454
78 323
170 234
271 400
73 136
56 184
234 378
141 421
13 254
42 422
73 217
200 212
141 288
279 448
91 296
53 442
213 419
142 221
70 91
352 433
63 470
285 328
90 379
49 254
205 427
205 378
281 443
413 457
151 303
93 497
280 312
184 386
195 399
15 301
187 302
330 431
175 350
65 466
18 102
266 429
343 358
81 184
314 471
246 373
142 374
151 298
320 391
113 365
339 469
243 461
245 480
388 436
88 301
220 492
87 193
256 356
313 412
273 285
151 338
311 372
221 251
20 95
62 335
46 55
69 207
19 131
21 25
252 324
135 379
317 366
146 222
249 410
201 273
241 251
63 400
353 496
68 451
152 467
207 278
93 488
109 284
206 267
71 320
110 178
301 424
75 416
123 405
74 132
189 374
16 35
99 388
5 206
95 441
258 294
77 336
161 464
83 366
108 321
228 316
162 300
51 366
348 488
307 326
262 355
40 66
375 450
216 296
49 492
236 275
88 165
9 272
17 49
60 115
192 255
117 226
20 303
139 429
100 438
64 352
69 165
254 321
189 412
385 487
226 438
138 479
193 383
217 231
359 366
40 141
217 485
146 344
126 281
165 279
364 449
334 336
202 353
303 307
115 270
81 345
461 490
12 38
9 358
55 392
135 263
369 483
477 478
136 332
24 498
114 388
68 439
217 251
41 94
190 349
409 498
130 392
28 276
93 104
56 352
179 279
136 498
121 160
274 309
277 448
84 113
372 442
201 475
137 380
191 336
68 457
429 450
374 393
474 486
136 221
320 458
343 439
445 489
159 344
42 82
147 256
121 173
53 116
211 335
183 253
86 95
209 463
177 467
49 157
299 340
400 444
105 267
13 165
400 495
276 313
115 457
248 269
127 358
176 390
163 213
201 365
228 484
376 470
46 403
310 372
56 491
70 138
270 408
385 473
10 101
28 450
106 267
40 304
33 497
30 460
81 156
109 205
147 327
209 299
269 481
16 245
129 374
203 284
148 454
6 345
1 370
151 482
17 456
462 493
16 127
57 389
199 382
97 407
69 149
27 88
60 291
369 494
395 424
276 466
340 476
288 407
109 334
213 374
43 251
220 285
126 161
101 421
97 240
416 421
318 397
480 490
164 327
161 203
159 218
212 432
166 267
95 163
36 50
375 466
333 348
405 442
294 443
129 398
217 389
108 168
230 280
138 155
33 68
89 376
46 436
161 328
82 423
111 223
467 478
119 185
163 458
64 256
260 461
413 436
58 149
433 499
8 116
286 425
84 341
486 495
25 429
194 349
149 483
456 468
146 226
247 385
60 131
130 374
46 343
134 201
6 402
154 441
96 333
163 214
18 248
106 188
177 353
85 245
380 423
26 425
44 92
194 324
55 361
196 493
174 303
207 409
278 449
1 7
222 256
169 232
137 173
311 385
85 109
410 440
80 230
134 225
179 389
97 339
18 134
353 433
314 400
278 444
3 356
148 358
59 104
289 299
95 288
104 381
340 491
89 417
206 444
49 452
78 245
163 322
45 478
38 261
25 221
12 428
184 337
188 210
259 379
124 327
132 245
56 366
247 409
120 431
451 461
124 237
393 497
146 408
69 240
160 312
214 230
224 475
294 315
207 250
115 408
189 219
7 374
190 432
189 324
60 403
38 323
36 464
182 380
151 266
101 351
105 145
216 227
80 424
304 390
26 497
113 447
163 288
92 477
133 249
463 495
89 452
27 327
56 191
47 293
130 191
82 247
2 10
111 233
307 446
264 478
31 133
207 423
58 142
162 225
32 162
107 440
262 421
259 438
195 490
214 252
107 275
78 144
120 374
321 377
364 373
214 253
7 107
80 307
401 495
368 439
22 445
352 469
98 149
149 456
177 262
299 459
117 379
2 78
26 55
179 215
207 299
214 376
45 106
226 492
225 494
334 369
138 499
2 159
155 157
101 144
179 202
40 68
92 310
52 228
37 437
51 400
116 366
75 233
290 432
66 106
69 223
420 462
137 311
163 309
123 140
213 402
230 476
381 404
182 200
125 422
1 377
275 305
278 462
52 441
355 387
272 345
322 482
3 67
102 409
54 274
14 265
73 114
20 33
376 432
234 440
263 314
23 251
470 471
343 392
200 340
415 493
256 388
244 394
20 429
283 461
140 316
129 255
127 217
16 151
101 224
62 77
105 324
29 302
172 233
209 216
129 346
381 475
336 408
92 435
13 499
265 472
15 451
76 121
106 371
145 346
273 282
170 407
286 465
227 395
190 238
105 492
158 408
256 279
182 395
79 195
192 346
11 148
31 234
317 412
8 91
77 205
180 208
148 315
305 363
212 339
15 429
379 395
436 447
275 336
121 354
276 409
110 452
301 316
20 402
72 267
229 340
121 303
197 246
160 236
89 214
278 469
154 489
154 472
249 263
88 155
62 68
274 363
186 465
34 89
168 364
22 25
342 368
26 104
282 390
157 366
335 481
236 361
24 444
269 439
152 237
94 332
212 216
138 429
366 433
75 151
111 263
280 440
45 321
418 457
89 311
359 441
137 415
104 120
185 334
221 425
199 243
5 493
28 138
121 399
214 413
12 122
30 198
125 468
36 207
82 189
142 234
328 435
104 156
101 460
468 497
65 184
264 413
467 491
214 443
121 316
20 385
230 445
119 188
266 456
46 195
51 153
244 404
15 150
36 335
57 444
90 463
174 259
64 71
240 309
52 100
169 382
312 347
48 169
168 356
45 163
404 418
308 369
351 388
48 266
113 121
211 224
11 88
327 356
179 480
68 373
309 492
31 311
23 454
193 424
128 365
89 492
72 137
115 347
188 495
19 24
230 462
108 480
118 376
108 116
476 484
287 344
139 397
69 446
205 326
192 297
26 43
74 486
118 400
201 470
377 425
70 86
39 363
13 319
197 442
69 129
403 428
52 408
39 302
335 418
285 453
28 37
190 473
104 264
144 425
344 464
130 440
256 389
318 448
239 289
94 499
66 300
52 452
295 346
40 363
301 483
29 327
218 245
151 381
214 259
178 471
40 467
233 291
200 430
184 425
122 448
330 464
232 418
391 469
199 408
12 78
237 406
360 463
179 425
232 246
115 437
73 128
309 475
124 294
118 208
212 213
79 470
37 497
298 482
208 374
114 266
223 493
52 118
13 361
34 446
81 432
160 385
87 109
6 188
21 360
137 421
290 422
139 252
32 220
231 299
339 375
234 391
369 400
70 80
171 352
28 476
256 374
175 330
84 244
273 404
194 458
19 115
371 419
150 260
2 12
8 328
297 409
139 269
71 332
243 258
54 385
22 170
311 323
79 212
112 424
80 83
277 498
298 311
474 499
132 456
34 184
239 295
212 283
8 40
335 444
53 69
19 352
193 388
105 164
414 462
92 202
98 428
210 366
313 398
212 379
374 488
168 199
368 480
198 280
245 482
192 214
143 264
30 291
97 128
252 406
389 491
54 370
99 353
211 240
103 250
293 429
223 485
103 176
312 435
104 423
334 497
22 358
161 246
209 479
106 281
193 479
465 475
108 482
236 485
241 307
6 412
144 417
173 236
30 137
117 199
70 121
85 474
417 434
204 456
53 66
375 405
200 478
165 479
28 135
110 437
203 360
423 471
1 95
23 109
273 359
50 203
476 478
250 264
173 394
248 345
5 428
322 384
285 433
151 474
229 399
355 445
25 390
95 362
252 312
100 155
292 468
145 283
125 357
121 305
79 392
246 472
68 481
197 241
475 491
182 198
343 487
64 496
10 389
72 401
104 371
140 353
146 376
432 488
17 122
401 428
287 376
246 347
27 189
292 333
142 384
278 308
335 424
222 450
71 242
23 216
109 217
21 170
168 382
375 422
441 451
84 476
114 240
103 170
65 275
83 401
213 324
68 342
198 346
63 408
196 382
139 201
46 452
402 432
74 122
141 164
218 287
116 230
366 465
2 319
21 435
37 61
167 246
36 68
280 353
62 324
202 363
36 144
106 260
165 451
66 412
335 482
491 495
362 453
101 410
186 209
155 246
62 348
383 462
396 398
109 250
196 290
189 486
186 330
212 411
82 356
330 478
244 471
216 390
323 450
56 57
374 434
161 303
79 337
29 211
155 331
176 296
160 390
68 230
376 500
363 389
244 322
50 111
53 158
143 450
188 383
153 401
140 451
276 431
180 280
288 433
138 381
56 258
20 309
155 316
197 451
359 368
197 395
322 416
206 314
358 444
10 21
255 367
240 298
205 338
34 361
107 499
143 437
62 389
207 481
169 328
82 101
125 484
232 372
293 481
355 474
60 453
91 196
94 482
227 242
39 338
34 263
101 350
182 368
202 235
290 488
259 350
244 285
167 273
45 365
71 237
228 490
170 183
261 358
85 282
10 419
7 335
147 199
146 414
89 211
363 364
268 490
124 151
27 95
417 447
222 334
203 340
73 116
44 320
46 194
22 222
131 329
64 448
16 315
262 398
112 208
75 159
212 455
121 292
28 44
201 234
14 90
332 422
183 433
294 481
205 368
232 343
182 402
264 283
356 444
274 325
81 397
123 346
106 418
60 243
401 453
321 349
137 236
50 258
228 427
44 165
137 462
62 126
240 302
17 299
394 474
65 174
59 171
228 446
102 304
178 320
190 323
465 498
29 451
44 377
197 365
161 282
172 403
43 150
42 184
319 389
457 494
382 492
176 377
1 356
219 400
188 221
444 452
271 446
159 359
107 454
192 352
70 444
42 279
23 95
332 352
200 283
285 438
313 484
54 251
39 219
5 233
419 425
38 280
266 377
42 339
11 76
64 199
180 295
263 427
161 327
314 491
23 271
143 446
97 449
151 323
35 478
162 489
54 427
41 225
142 398
204 271
84 457
326 330
124 359
12 383
72 275
250 393
304 462
86 376
212 487
48 270
94 319
89 107
130 317
134 457
28 399
29 79
238 274
92 323
4 434
117 173
218 437
64 222
90 287
298 476
118 491
243 362
311 445
18 130
29 463
196 479
122 158
126 250
326 432
446 497
201 300
233 322
445 450
80 395
418 436
256 334
298 342
34 81
117 428
211 378
29 422
140 299
167 397
275 343
10 307
217 388
83 405
175 479
324 359
261 275
258 385
1 199
187 303
312 370
21 212
143 173
74 260
165 436
14 182
14 324
329 362
328 378
189 233
20 216
104 312
363 473
150 431
35 463
281 302
190 230
121 452
189 334
378 474
141 413
181 384
228 452
281 396
104 456
4 85
447 487
297 312
224 237
103 237
328 460
273 366
234 404
212 464
359 426
16 59
145 288
98 439
156 206
231 443
52 473
41 93
118 425
54 99
95 308
432 475
31 176
124 440
89 396
331 386
211 441
49 484
80 208
396 410
50 460
112 312
185 486
193 331
294 303
413 435
13 313
175 261
237 344
87 307
109 355
156 361
202 300
393 413
22 301
83 128
374 428
350 389
71 292
24 51
76 289
9 64
187 227
265 295
64 312
304 398
93 484
236 397
21 119
306 340
24 471
97 458
420 489
44 324
330 346
212 352
337 409
24 310
298 359
27 376
167 427
13 105
4 50
183 311
179 232
214 355
58 143
205 466
5 124
259 375
274 383
132 141
236 413
185 381
127 264
217 415
52 302
251 324
313 419
219 298
142 342
134 454
103 309
124 216
148 391
57 479
47 472
7 142
83 251
144 354
417 435
442 454
215 383
55 151
21 60
17 113
474 485
301 351
373 477
44 58
233 442
29 104
67 398
182 252
109 198
48 482
154 282
224 400
380 476
22 227
259 404
114 311
95 438
22 54
116 138
48 394
47 116
461 485
158 500
13 76
384 404
270 396
41 51
50 294
23 63
386 457
79 243
327 428
67 446
257 481
18 215
65 249
102 414
117 389
14 151
259 444
88 221
130 221
153 160
197 253
233 303
23 220
354 360
178 309
97 266
73 222
366 443
268 353
329 387
289 377
349 398
21 136
63 288
94 418
57 213
46 165
24 40
58 172
117 152
411 480
17 157
192 271
116 252
11 171
23 161
48 424
65 354
275 433
48 280
237 289
134 139
74 147
97 157
89 132
120 265
16 259
78 340
14 391
114 205
54 167
145 494
43 83
145 434
126 389
123 189
228 332
31 116
113 192
133 445
106 416
73 134
317 348
142 222
50 150
370 500
165 186
338 366
40 138
103 209
146 446
64 136
2 312
432 496
161 405
5 432
8 28
361 430
199 383
437 472
42 274
206 499
120 153
395 425
105 307
136 188
259 479
327 361
14 249
160 289
53 342
467 483
53 286
251 408
59 286
316 329
156 164
387 477
49 129
208 451
198 416
76 332
439 499
42 469
105 133
68 261
47 314
55 370
124 462
81 485
66 305
379 425
219 421
37 345
192 470
1 298
86 103
247 397
80 143
114 449
5 275
128 448
17 287
247 333
70 481
77 435
7 156
78 499
323 335
288 403
243 427
19 272
176 300
153 425
102 399
27 36
227 288
217 431
49 279
24 420
30 197
172 432
178 301
445 455
67 223
344 446
226 378
258 446
254 336
289 453
143 254
91 319
195 290
11 100
142 329
132 177
135 176
381 403
264 455
122 447
222 350
291 421
118 283
193 422
2 412
88 500
263 277
314 341
409 474
20 36
113 415
268 297
291 372
132 238
168 264
327 422
77 126
263 458
361 411
47 480
298 496
109 386
100 343
239 249
285 341
170 463
64 384
167 492
228 415
58 168
272 338
49 233
231 237
95 196
111 330
136 298
308 380
20 435
168 255
240 292
120 292
297 453
250 341
58 358
190 235
331 417
259 339
289 459
6 330
147 209
56 135
274 492
138 142
341 424
303 428
10 249
132 367
352 475
266 381
223 440
360 365
112 114
220 431
104 454
89 200
2 9
335 384
204 241
63 495
445 460
254 479
474 483
72 185
100 272
7 137
220 239
129 211
46 53
204 346
430 477
65 322
156 368
106 219
287 461
65 323
250 299
42 473
16 406
128 434
43 107
383 393
13 430
225 288
24 398
43 423
336 460
214 461
145 460
376 462
12 119
14 175
72 177
103 392
67 257
101 469
16 322
127 326
258 285
179 241
43 270
386 485
300 301
172 195
46 116
104 322
26 70
45 361
95 293
23 112
134 366
22 168
190 364
406 462
359 417
13 184
300 464
279 313
184 271
147 297
41 149
13 72
139 159
103 399
163 430
145 235
152 389
463 471
312 361
327 408
203 480
266 355
217 343
11 481
68 233
78 390
1 181
275 384
291 377
55 134
15 321
226 283
230 306
49 132
158 364
82 158
74 406
96 319
86 131
135 415
169 361
203 469
88 498
178 396
173 390
97 125
177 440
289 472
389 479
86 394
31 142
128 382
398 497
42 178
207 349
114 443
66 183
108 416
114 372
203 274
82 490
304 493
120 234
68 350
55 362
173 216
210 498
22 234
58 400
305 329
13 314
45 495
119 145
93 232
34 185
317 438
440 447
152 243
84 451
24 240
321 366
52 93
186 189
231 252
364 382
92 332
194 286
56 276
162 296
24 76
461 494
200 468
123 401
314 349
81 346
36 367
322 348
41 80
138 401
87 98
172 209
242 468
38 331
310 423
101 442
200 481
84 334
49 347
134 500
194 217
126 158
84 481
380 418
76 365
211 355
93 300
189 403
199 279
263 371
390 416
242 311
40 457
252 359
80 260
61 432
367 470
90 350
12 319
124 420
270 275
43 488
33 90
191 236
335 363
80 488
300 410
272 288
40 334
81 191
132 313
67 387
354 437
37 155
26 448
363 384
92 157
31 494
21 58
279 390
79 196
51 486
164 297
368 415
75 148
98 440
103 342
142 244
394 437
67 165
41 157
218 460
9 328
406 432
242 425
69 193
306 392
155 219
68 494
130 252
40 57
108 200
427 492
57 410
179 347
81 183
310 316
20 248
95 489
92 398
112 373
173 440
3 312
52 298
39 320
115 444
224 311
383 425
115 252
42 447
396 467
125 473
75 305
90 261
11 439
299 421
111 322
84 309
61 199
79 266
382 413
79 256
55 422
327 386
370 439
330 359
88 338
280 433
354 433
47 421
67 129
117 477
22 472
314 342
1 238
19 232
84 171
76 86
59 493
161 267
157 228
15 137
150 217
263 471
167 372
27 68
335 377
422 445
250 443
261 403
55 471
432 462
14 452
227 464
274 279
185 302
202 279
60 408
130 338
83 225
22 62
160 304
353 362
49 395
100 252
251 334
209 265
392 500
272 436
86 261
383 441
371 455
134 409
155 220
249 328
256 327
299 363
3 274
227 412
89 117
4 373
201 395
398 443
130 217
301 332
262 446
18 362
78 404
81 303
79 321
210 315
41 358
35 220
249 434
444 478
278 441
41 412
304 465
373 429
74 193
63 213
35 153
7 69
258 390
162 420
132 317
89 121
193 329
101 296
294 487
19 61
194 407
163 279
154 380
52 264
346 442
390 392
33 258
88 483
19 490
21 227
218 458
196 369
35 132
219 455
102 129
4 480
72 139
137 480
234 460
81 320
62 173
309 494
258 278
439 484
277 426
339 410
68 150
177 178
363 415
94 374
435 494
63 242
204 304
82 456
59 313
149 227
11 459
10 442
145 170
54 231
344 408
458 499
37 53
133 395
3 257
50 456
135 211
291 432
98 125
131 212
396 415
37 132
117 331
17 28
46 145
120 476
237 383
180 318
8 117
251 373
265 277
392 401
125 404
81 361
151 228
327 380
133 227
272 419
103 187
232 430
150 181
111 177
13 328
19 285
279 329
8 406
129 261
198 326
40 314
197 333
28 379
275 391
257 412
284 452
30 449
178 311
274 396
22 411
63 467
254 329
106 497
172 374
356 447
129 498
151 467
386 421
241 258
101 491
31 254
49 71
155 181
190 292
87 469
101 178
40 182
54 176
79 486
177 321
281 385
64 259
106 239
50 273
22 88
110 352
70 234
206 367
261 478
279 339
425 430
60 86
137 282
159 179
359 400
97 323
77 328
219 261
231 383
263 440
89 466
170 460
127 371
137 464
21 143
28 242
180 342
227 451
169 248
257 448
210 460
257 388
70 475
115 473
152 314
432 467
113 256
382 403
316 483
288 356
142 360
261 287
18 332
119 126
425 444
79 469
16 80
165 280
123 462
57 492
239 353
53 324
33 219
198 411
129 249
179 263
125 201
225 250
300 403
24 222
259 270
126 417
192 199
414 417
111 169
6 442
85 287
132 431
203 335
398 406
149 389
17 441
27 253
25 37
7 372
192 407
8 389
207 263
107 138
335 404
199 385
68 263
170 205
36 295
430 482
199 454
285 476
241 432
193 351
79 165
391 489
122 334
105 253
334 495
143 248
329 388
11 165
465 496
62 198
288 295
172 213
328 458
44 328
233 398
208 250
110 173
104 369
415 431
137 254
13 126
163 403
163 289
274 311
88 214
334 489
127 161
170 210
23 181
87 208
38 316
116 461
59 167
22 192
371 492
74 116
131 476
209 233
75 200
244 337
49 309
169 391
404 470
473 479
196 203
175 218
1 338
112 227
319 371
354 420
92 174
366 396
353 450
194 449
34 46
40 231
183 364
62 311
112 195
334 494
194 287
43 254
24 385
73 122
265 368
188 252
129 472
47 232
132 496
456 461
55 426
159 462
102 448
40 345
249 307
107 276
128 281
28 159
43 203
54 201
284 445
7 454
88 413
182 422
122 341
69 463
333 338
147 206
132 479
343 429
356 378
158 304
354 490
142 418
36 246
247 324
205 248
14 277
31 489
41 199
186 351
357 373
228 283
59 263
77 282
185 462
60 286
362 396
130 322
337 456
470 481
276 385
396 466
212 470
210 303
393 478
380 457
62 165
24 451
346 413
33 189
133 197
294 340
359 377
323 371
18 24
330 401
106 166
206 248
199 349
163 359
291 361
114 121
30 381
207 489
266 494
195 459
1 104
315 432
407 490
348 369
132 418
94 222
278 408
31 387
203 385
288 348
99 267
38 395
225 302
333 475
199 365
216 423
21 342
78 335
426 483
119 479
24 381
376 439
104 124
287 469
132 363
149 395
126 157
309 458
220 368
8 168
79 161
93 148
5 235
29 252
182 500
375 477
397 466
245 267
187 468
226 381
299 500
23 214
239 274
192 432
165 429
417 484
139 210
31 453
350 409
107 252
65 243
441 498
84 109
133 277
245 332
160 347
324 432
