500 10000
71 315
127 286
226 316
64 289
299 376
111 234
305 414
57 287
365 379
93 228
257 336
204 252
54 124
129 326
313 429
192 279
231 282
104 388
214 380
25 175
155 259
114 278
43 446
301 306
25 228
80 253
232 446
225 278
171 217
181 209
348 368
133 468
217 361
27 183
16 385
65 229
328 420
180 490
202 481
420 489
78 498
87 386
195 346
315 420
222 457
170 192
210 461
229 481
14 220
40 137
149 358
158 213
24 343
180 256
187 392
352 413
123 145
354 386
298 349
246 375
87 158
58 176
16 239
182 259
92 490
11 484
129 311
139 349
36 333
275 472
10 494
36 239
207 446
246 315
228 478
92 202
232 241
159 420
428 486
237 405
314 414
69 114
10 276
61 262
33 168
28 70
22 137
103 312
231 493
413 439
150 197
60 399
177 313
42 124
362 496
400 483
303 458
182 290
337 478
58 446
45 474
79 437
184 264
344 432
437 445
179 460
133 463
217 332
72 359
280 419
117 123
191 226
144 377
375 495
98 422
28 282
194 419
7 440
483 492
46 238
231 468
48 456
272 353
203 232
451 458
107 419
222 412
14 467
171 458
22 430
295 418
127 221
437 447
210 397
114 128
175 384
194 274
66 206
64 75
293 398
84 431
211 411
376 469
140 187
38 336
38 101
41 124
46 449
266 363
104 333
215 433
222 398
435 500
83 184
173 188
160 298
98 130
329 422
192 270
188 252
39 279
39 76
177 283
43 127
101 123
8 329
256 269
37 407
243 411
116 415
55 276
358 434
124 150
219 453
286 377
94 212
54 363
197 291
104 294
343 364
36 439
70 497
343 379
27 499
219 487
80 95
28 128
29 326
5 249
223 296
245 338
43 390
397 485
116 141
35 460
287 299
202 223
20 100
110 414
122 455
171 291
51 281
100 182
75 234
179 255
171 403
91 265
92 417
248 336
53 59
406 456
413 435
381 462
35 317
37 267
4 63
146 294
347 419
96 156
161 421
86 254
29 345
131 364
33 318
6 274
178 454
246 299
429 460
89 194
35 448
63 74
51 358
203 278
75 112
69 329
83 359
270 487
135 421
197 381
85 266
390 417
93 225
237 269
74 266
279 363
32 108
463 497
77 207
116 321
120 197
128 355
115 214
32 128
145 255
277 479
304 484
115 375
198 470
121 252
353 385
36 305
260 283
222 352
49 170
308 359
344 376
139 362
23 209
297 420
46 482
51 499
278 452
70 400
29 361
6 374
108 134
170 381
372 403
209 469
211 266
201 489
304 421
254 488
237 265
30 367
259 303
16 427
97 358
18 412
6 277
292 412
300 370
476 497
145 462
59 222
263 364
84 143
393 422
189 467
354 385
254 367
95 283
362 371
275 349
125 484
165 398
90 114
291 448
166 456
61 472
448 496
30 199
42 297
141 257
342 377
43 459
409 486
37 179
85 377
105 415
447 469
85 174
10 163
5 168
361 467
272 400
474 480
206 371
369 449
223 257
109 219
328 362
472 479
153 455
46 195
244 414
182 291
151 381
300 362
210 500
272 322
41 394
33 232
411 459
349 379
69 224
157 455
62 457
102 163
41 413
51 210
316 421
19 467
129 221
144 182
20 327
112 433
40 338
206 492
315 368
202 358
317 357
70 82
388 451
359 450
176 256
242 439
75 88
12 410
282 294
366 434
334 463
89 270
109 399
105 246
39 244
277 316
285 418
69 432
314 456
257 454
172 470
23 226
405 475
337 484
250 318
340 470
29 202
83 154
129 132
4 191
138 256
187 361
277 326
339 457
280 436
53 379
93 316
166 218
138 487
29 489
254 264
94 250
178 423
41 82
428 463
3 100
358 447
142 146
70 139
115 192
22 222
234 405
165 301
37 169
3 490
36 214
271 468
77 311
129 257
397 458
156 204
224 464
171 498
99 362
336 372
385 468
313 361
281 369
51 233
228 323
205 446
90 350
120 361
18 123
268 372
26 375
149 235
465 476
277 358
44 334
254 408
13 493
136 250
61 321
25 303
80 285
141 269
1 259
5 254
174 270
134 416
9 345
56 381
201 292
207 357
236 360
446 469
114 283
418 428
137 427
312 355
138 490
115 166
173 453
415 461
108 431
313 492
63 171
382 445
14 72
402 475
286 461
62 132
358 371
108 402
174 438
65 355
3 272
230 253
14 428
225 314
37 357
254 409
32 308
59 349
208 477
110 360
28 102
91 206
150 213
32 285
147 381
53 454
195 228
134 213
314 382
208 447
248 253
103 488
167 421
55 198
68 253
250 392
172 242
374 478
33 390
33 447
95 288
164 225
249 277
43 363
406 469
22 83
220 497
151 282
384 492
173 270
411 456
174 470
6 378
14 316
6 93
255 293
364 422
298 390
391 483
307 376
116 371
174 348
219 314
99 208
190 369
109 150
212 498
214 396
233 426
165 484
280 324
19 456
366 374
251 272
17 420
102 418
118 292
424 431
16 132
77 451
265 421
270 461
38 270
47 116
127 266
50 305
350 429
39 424
27 259
15 312
265 284
252 288
184 273
3 393
217 279
202 289
116 304
44 250
263 270
8 214
76 192
170 448
366 430
305 486
6 149
111 134
54 220
266 467
6 120
323 365
92 123
251 466
275 486
160 438
60 320
93 416
65 485
162 216
123 348
30 342
240 271
157 285
241 460
307 451
427 455
23 471
52 248
199 363
357 398
371 498
251 437
399 491
154 457
144 453
231 477
334 468
177 472
430 493
16 389
229 353
92 335
278 461
181 334
107 339
67 151
18 158
101 147
146 398
13 456
109 112
213 466
154 369
256 449
246 466
100 212
35 94
395 402
5 235
249 463
181 317
47 369
130 485
8 475
87 483
319 423
298 393
323 343
167 280
20 115
102 425
313 344
58 141
130 143
209 407
243 429
247 341
229 366
349 411
279 301
151 208
52 204
46 58
201 388
425 482
86 463
44 436
104 112
59 369
330 346
163 167
191 263
40 154
8 426
162 473
267 280
258 476
257 420
122 273
210 414
159 260
120 372
20 158
410 456
37 444
263 401
40 441
2 312
321 414
450 455
230 267
28 360
162 307
295 336
436 494
163 372
50 204
52 260
122 218
83 423
47 357
78 276
244 332
52 63
74 171
8 444
275 431
75 498
30 127
308 482
96 496
34 287
186 189
231 349
217 316
100 473
46 174
16 176
113 196
7 469
148 461
108 327
117 243
469 493
2 45
316 406
276 353
319 398
194 456
474 482
75 365
318 322
3 110
282 477
32 372
159 411
237 489
97 470
17 355
323 462
198 381
33 456
7 191
181 260
297 454
131 417
129 360
191 413
242 290
250 303
39 401
230 335
214 457
137 143
119 452
19 364
57 342
1 306
24 235
102 174
447 457
24 192
343 386
87 278
38 82
276 338
71 386
303 324
211 388
138 345
91 250
35 378
331 371
1 167
238 488
11 95
274 429
124 461
90 103
15 17
10 434
70 473
270 301
12 108
225 483
173 231
296 460
173 332
227 259
225 346
94 413
253 379
38 416
277 299
314 326
254 377
312 385
116 413
248 388
288 471
11 418
140 256
124 389
96 362
251 312
109 365
349 370
267 328
189 273
185 328
47 208
163 466
165 272
261 265
305 324
82 297
59 194
299 433
152 394
117 422
159 328
73 173
139 419
86 383
164 243
62 260
114 454
271 273
337 396
111 360
172 379
49 209
355 451
14 300
73 229
271 424
72 470
152 495
445 478
166 404
34 148
261 457
190 456
22 441
447 493
338 373
142 240
203 412
266 284
186 354
10 357
81 248
16 153
117 483
134 405
170 402
12 92
468 499
295 335
151 171
253 280
321 380
250 275
140 407
21 177
277 440
115 201
211 419
145 310
333 343
433 457
1 416
228 299
192 497
136 146
9 74
316 318
225 339
167 292
22 488
229 444
39 425
223 249
28 177
86 390
88 255
235 243
145 169
37 377
124 185
356 479
322 333
231 372
55 484
142 313
61 251
328 385
212 310
34 275
75 134
217 479
201 499
7 146
262 332
170 288
314 494
353 482
315 377
103 166
241 432
261 369
75 89
8 143
91 481
148 430
108 130
93 272
109 218
120 346
296 437
30 244
152 494
9 233
134 397
35 271
215 230
177 238
167 370
58 464
248 326
408 463
268 354
74 353
249 492
134 309
113 489
326 456
143 342
299 363
322 449
417 450
28 455
193 282
312 343
120 200
250 485
18 341
352 360
173 429
332 474
92 500
135 410
306 422
135 279
93 430
69 219
82 99
146 458
382 465
25 336
46 359
420 500
357 374
222 253
115 149
188 274
62 102
278 469
220 258
199 365
308 441
22 283
152 236
204 434
60 480
44 409
261 393
479 485
7 159
63 377
210 494
10 227
330 336
81 395
248 414
148 184
10 265
39 59
2 57
41 280
103 497
284 368
3 145
374 403
48 215
160 493
348 395
206 434
364 462
218 401
381 417
91 164
21 36
41 305
60 419
14 259
115 116
110 469
197 239
221 273
8 253
66 409
306 435
88 417
88 325
35 314
34 66
294 396
25 265
129 471
227 252
221 461
427 432
148 228
166 462
5 178
150 311
399 481
181 452
327 488
79 293
34 312
233 242
47 199
109 426
378 397
119 328
238 356
125 328
81 347
137 428
288 385
13 340
229 294
269 286
90 500
183 498
165 249
82 291
284 488
43 437
290 461
347 470
408 475
319 370
52 323
61 81
259 294
184 321
79 151
206 331
72 267
244 261
170 235
282 356
9 317
144 202
144 183
119 306
402 433
404 481
53 370
392 462
315 408
39 93
31 330
279 298
94 353
64 87
132 252
72 112
15 374
118 438
43 293
31 45
41 343
80 484
222 422
84 179
319 418
95 171
311 397
12 370
58 66
110 413
165 290
216 424
223 407
14 63
4 326
164 379
81 305
56 255
121 155
300 337
247 352
56 259
109 363
253 334
35 37
342 492
73 129
22 129
157 399
319 362
185 217
233 235
245 446
225 368
288 376
236 310
346 367
127 140
102 121
58 410
60 207
9 124
418 462
22 316
59 188
177 314
364 444
146 264
354 436
229 274
322 387
162 195
331 422
147 314
172 401
309 328
331 450
367 428
218 389
262 385
192 477
159 314
6 330
384 403
438 459
380 415
25 366
30 54
135 241
255 452
10 461
286 451
71 442
50 218
237 323
80 479
30 462
86 198
181 287
12 214
222 408
91 279
177 497
90 188
298 404
63 129
216 356
193 371
44 365
87 110
37 482
117 346
5 33
156 300
124 302
177 361
274 312
433 490
47 443
165 493
67 452
340 395
60 73
282 390
95 302
139 416
419 498
125 380
256 387
169 456
130 424
5 289
49 433
272 372
335 478
53 489
286 407
63 492
28 262
88 307
137 165
192 322
111 283
445 456
212 326
324 356
246 430
53 462
42 437
165 422
295 453
106 459
160 234
106 478
196 382
150 416
60 355
84 432
48 183
145 421
117 409
79 428
374 479
389 482
349 475
79 261
208 472
136 422
390 479
291 356
147 167
97 205
33 495
4 331
160 304
23 122
36 446
228 278
113 227
23 406
268 374
255 285
453 467
462 485
325 423
445 463
288 472
216 350
6 61
58 107
97 464
48 476
92 121
68 303
109 286
292 484
39 168
241 353
71 181
359 467
65 351
224 434
14 79
180 241
380 446
93 417
245 251
209 481
288 296
150 205
214 351
108 210
123 492
204 454
427 484
424 464
10 281
447 459
50 168
102 139
258 375
219 309
237 279
195 417
141 322
46 436
275 474
267 359
360 493
185 247
163 300
138 196
91 417
445 454
181 385
38 460
191 445
347 418
112 137
21 240
55 307
72 491
15 385
248 462
290 319
25 216
139 220
300 392
57 121
255 401
134 265
152 349
193 272
244 299
50 155
343 424
20 184
10 279
81 259
11 396
125 354
83 120
15 135
282 377
14 443
127 419
145 311
420 495
37 71
313 480
195 219
232 317
317 319
315 343
135 349
180 394
238 451
351 421
36 112
308 430
283 469
111 288
7 365
84 464
51 207
134 320
236 370
144 345
191 433
102 322
140 452
47 114
61 98
277 302
44 400
135 278
475 484
347 359
42 412
472 500
9 197
101 134
173 249
194 397
442 489
191 419
245 283
451 498
209 244
51 55
144 488
1 247
61 195
158 208
373 408
73 430
48 363
4 24
285 365
345 477
149 230
169 328
283 409
374 392
392 453
161 486
189 192
19 44
75 287
406 475
84 313
295 310
48 160
217 311
106 295
101 230
445 489
115 153
102 265
209 332
449 455
23 405
129 158
250 430
83 169
86 256
380 417
243 373
167 406
100 439
27 496
18 65
184 369
271 346
94 405
248 370
221 317
115 151
144 406
255 337
96 239
112 471
24 58
19 321
175 220
156 261
378 489
7 58
263 481
75 416
27 223
58 154
146 325
56 366
346 483
272 487
242 380
164 389
32 386
5 496
122 343
304 347
263 337
246 341
368 480
64 166
332 334
375 451
211 390
1 60
321 449
284 299
124 462
17 361
419 480
270 412
76 324
141 335
75 478
332 496
64 474
155 208
201 471
145 375
85 436
286 397
155 300
65 191
213 294
150 342
334 374
79 246
120 373
83 466
12 411
341 416
385 416
172 391
371 470
168 475
70 395
143 326
145 227
208 292
252 453
199 254
198 435
120 431
5 91
138 451
401 427
189 259
187 233
272 373
55 454
417 429
67 388
89 484
175 437
18 176
66 379
220 251
137 415
394 460
359 368
148 371
126 236
44 217
182 185
385 461
95 383
108 419
33 152
216 492
50 167
323 475
108 212
146 371
230 424
179 348
14 251
80 179
123 157
135 152
123 289
369 377
139 457
23 291
150 300
261 439
184 461
88 430
22 51
389 498
14 371
414 452
78 356
342 434
214 319
346 391
98 413
33 165
115 241
21 315
96 399
127 448
196 405
95 112
258 362
138 263
331 344
20 336
181 376
99 234
146 249
105 305
248 439
29 47
135 205
15 62
162 387
114 332
147 475
38 392
209 248
21 343
118 475
25 167
476 494
293 462
299 426
286 389
63 342
450 483
163 472
406 449
195 277
16 74
54 70
264 408
78 418
281 380
271 434
71 105
174 463
381 444
50 352
74 258
131 189
230 431
113 498
169 424
271 292
171 394
30 232
42 427
222 233
154 192
79 366
73 466
47 82
173 451
314 329
21 90
70 112
66 140
167 423
309 446
305 389
91 204
84 228
135 408
232 256
348 351
237 251
281 456
169 390
37 393
151 227
239 395
55 455
158 186
136 307
194 444
387 484
204 467
337 383
216 338
399 458
102 176
52 143
29 132
157 447
26 203
161 222
149 166
73 459
250 466
321 392
18 293
308 381
107 325
18 33
378 459
32 45
53 442
426 487
210 428
149 296
290 388
318 435
434 446
68 258
303 484
160 483
68 316
187 414
89 178
88 408
138 339
78 423
59 234
60 471
249 308
347 434
32 378
28 397
70 362
320 425
41 453
30 32
144 168
258 380
183 426
81 268
328 457
149 338
259 420
84 171
63 360
12 98
197 414
5 55
83 388
413 460
194 436
363 413
45 123
155 255
248 278
55 416
208 388
124 408
232 306
70 384
20 127
442 464
101 438
17 271
157 347
297 350
143 316
68 426
288 313
42 230
177 445
123 406
59 112
182 409
163 346
323 427
103 116
4 266
374 412
286 449
219 361
233 405
69 386
51 479
205 228
57 140
6 107
90 161
180 312
153 343
452 477
165 299
310 315
401 497
274 499
133 238
296 345
12 36
87 294
116 414
81 224
64 207
65 218
94 126
69 142
97 498
264 297
287 311
126 131
382 408
362 382
416 490
148 215
101 401
278 330
66 455
142 323
139 146
264 340
174 372
135 189
237 463
122 144
89 243
123 373
96 458
136 244
101 420
34 241
193 445
193 491
52 466
3 262
109 273
38 138
195 232
409 436
202 500
324 463
225 481
48 177
57 242
241 281
21 449
348 464
217 324
4 303
76 340
189 267
410 442
359 447
219 483
73 217
131 443
101 260
203 308
364 460
56 396
358 373
244 442
207 251
262 301
360 409
153 154
100 345
181 235
251 286
459 491
357 429
36 372
194 321
254 353
170 225
19 452
127 403
270 378
152 360
424 429
246 499
272 277
277 432
104 366
30 305
66 284
114 384
193 485
229 363
11 238
72 95
199 422
116 411
117 400
106 367
8 210
289 453
69 485
242 369
52 424
27 157
137 379
43 305
107 435
372 470
405 495
319 419
243 462
100 276
100 315
59 455
135 448
116 292
9 339
226 436
128 264
25 397
269 382
314 436
40 376
251 462
397 438
422 491
287 406
233 261
90 93
212 317
378 381
237 246
41 228
159 321
149 351
139 306
181 289
290 378
74 431
271 451
33 491
309 348
168 430
140 354
36 271
63 420
174 473
4 170
295 470
164 236
4 141
58 305
45 90
281 422
17 118
335 416
22 252
192 246
127 375
292 365
40 493
385 467
184 300
164 459
80 108
275 301
62 164
56 205
145 225
235 259
132 136
141 249
238 496
85 315
2 136
144 419
45 319
61 427
374 414
35 344
123 301
127 200
286 474
260 352
311 334
286 361
269 283
51 73
51 59
301 378
275 487
270 352
245 318
201 399
302 428
230 234
47 342
150 422
18 347
189 391
44 238
115 422
104 320
63 170
302 370
35 428
274 365
88 341
30 116
15 495
74 435
270 460
202 273
30 53
81 185
100 160
7 446
300 369
221 436
205 263
14 302
234 417
174 287
74 325
372 467
387 468
81 123
153 277
245 498
278 288
47 392
13 55
68 107
334 471
55 85
55 202
43 487
309 416
160 440
191 468
41 484
95 195
352 432
146 245
17 406
189 229
181 352
254 490
226 419
138 236
188 454
312 487
41 140
348 350
319 479
139 177
133 241
42 430
52 105
13 175
221 438
15 494
96 308
135 484
1 265
276 406
137 384
17 283
85 298
128 253
136 378
435 498
191 363
341 468
129 354
151 195
134 413
320 497
375 470
123 273
244 295
374 386
215 341
263 382
48 341
8 128
149 162
76 134
231 362
193 460
192 267
9 363
156 173
408 480
249 422
272 360
75 187
98 252
22 172
379 455
127 249
120 170
118 305
223 250
354 493
41 402
402 490
326 374
299 303
16 30
317 454
257 453
328 458
222 391
106 356
367 464
389 405
363 389
72 492
191 265
159 414
366 458
105 400
217 379
149 236
13 112
114 147
77 472
224 363
2 482
287 353
41 46
122 193
209 256
303 469
15 363
115 466
416 421
64 261
12 43
2 184
136 479
149 498
32 234
271 474
132 175
143 261
231 258
20 476
149 281
168 199
50 209
135 286
49 191
203 210
221 290
372 407
102 330
135 249
284 495
460 488
119 447
22 388
90 481
283 290
235 435
32 303
202 339
284 432
100 271
405 419
320 397
21 149
101 109
148 216
263 294
182 184
453 458
396 440
373 496
437 476
47 210
319 360
289 479
85 188
19 153
168 443
317 418
37 379
156 159
169 465
365 388
172 488
413 485
312 468
110 265
98 426
121 493
15 137
35 242
295 469
185 444
96 166
35 306
53 409
193 312
143 379
279 370
48 454
14 295
15 371
163 234
306 330
73 96
286 343
108 426
107 442
145 314
188 193
90 180
47 176
93 379
319 427
330 339
25 371
323 437
121 286
3 81
34 473
183 434
17 350
125 153
275 355
271 379
187 498
307 470
110 193
126 249
166 323
400 442
188 312
194 348
35 465
102 120
27 336
47 155
20 347
136 341
94 497
76 290
193 347
467 500
10 490
113 222
175 376
69 313
118 320
3 287
454 477
299 495
18 369
130 473
231 354
37 149
118 480
238 380
127 425
127 357
47 477
159 494
384 387
4 138
67 318
122 403
24 427
107 127
80 475
138 165
241 283
226 373
86 345
357 375
329 402
254 410
237 283
406 462
328 398
19 398
7 228
216 418
456 477
261 270
208 335
180 297
131 299
288 401
141 396
9 384
443 479
136 471
346 475
110 494
231 361
275 414
199 400
117 395
18 187
435 486
31 42
134 327
255 417
169 338
307 484
15 41
197 320
136 432
66 400
64 408
179 399
184 337
333 486
130 195
402 462
127 441
143 184
207 228
105 230
120 270
372 380
3 387
277 459
160 318
260 487
20 157
36 138
5 69
113 184
380 483
449 463
2 70
38 300
418 429
50 93
35 294
224 301
65 109
186 201
235 368
160 217
112 140
319 445
436 447
74 453
184 495
163 289
13 310
154 416
126 295
13 348
190 387
28 265
225 441
206 395
72 467
16 316
130 180
99 357
76 85
470 498
13 366
269 400
235 404
205 388
28 31
98 259
32 211
29 290
1 315
444 488
90 347
131 256
145 162
42 215
79 241
232 270
31 192
91 492
162 268
15 470
15 74
11 377
140 356
36 145
55 64
61 485
166 254
51 380
232 390
16 44
101 341
181 384
60 221
43 57
168 486
422 471
222 292
223 484
69 371
190 410
66 157
48 485
12 28
377 464
126 435
34 84
152 175
146 366
170 430
301 336
359 375
96 318
20 260
320 371
1 201
190 384
96 115
180 198
78 225
71 150
249 292
14 384
408 416
91 450
130 431
234 247
267 414
154 204
74 492
297 460
347 493
81 360
229 480
97 274
302 389
258 275
73 335
2 354
387 457
52 219
14 486
154 295
388 436
271 293
70 297
123 255
28 456
183 452
244 270
231 357
326 464
222 300
20 145
246 403
48 480
165 292
331 484
234 423
228 417
108 497
341 460
479 493
200 382
336 366
446 449
103 204
62 178
87 275
183 377
333 387
110 462
167 180
94 134
87 282
284 329
163 417
60 432
241 318
108 405
75 382
314 376
165 496
312 450
244 306
124 223
139 373
153 403
130 302
210 456
22 289
222 373
235 275
104 312
100 259
94 135
234 451
28 173
150 442
414 444
336 438
29 274
278 394
168 218
330 481
104 210
81 451
406 422
160 168
113 345
268 423
395 449
115 125
55 145
180 358
196 197
83 201
88 305
63 147
132 423
287 360
28 40
145 243
73 212
26 191
22 184
94 279
369 411
49 239
161 468
30 336
295 302
283 365
42 463
64 467
290 298
99 441
217 323
142 404
126 273
347 351
22 346
35 169
212 460
66 219
217 320
145 303
61 291
426 494
43 286
104 187
76 398
270 399
128 390
381 450
420 490
74 458
231 441
190 242
175 387
80 216
232 470
88 415
41 68
133 162
415 442
184 427
99 453
68 136
170 205
406 459
107 263
235 246
66 145
80 251
55 233
96 177
52 349
369 459
106 276
235 331
42 420
146 375
8 140
294 442
24 362
159 250
305 493
163 193
27 439
166 229
262 333
100 191
140 424
203 211
146 189
259 261
156 174
436 463
426 468
188 394
11 226
34 368
30 470
161 241
327 445
381 468
355 499
7 395
238 413
79 458
330 457
431 440
125 422
426 460
6 158
123 224
92 442
103 402
348 394
83 277
211 422
409 482
99 223
88 301
159 409
21 53
121 331
209 387
354 481
151 230
128 315
198 442
128 453
202 241
13 288
353 388
5 270
350 442
130 307
9 346
274 328
329 364
466 479
134 274
206 207
63 109
134 159
217 391
144 484
290 414
148 178
48 98
210 320
78 186
239 488
372 495
219 239
189 463
126 246
177 320
418 476
76 493
140 327
168 300
243 390
414 460
93 275
114 230
68 378
86 260
349 464
15 327
330 421
261 420
181 419
325 361
27 219
84 220
34 120
40 239
11 240
239 339
161 229
123 307
41 223
118 257
299 356
170 210
337 340
22 212
136 390
250 293
106 397
25 57
128 386
35 231
263 363
123 230
142 401
84 449
15 244
255 326
219 495
235 295
216 222
44 78
50 166
122 419
165 367
166 289
70 268
291 447
135 370
52 289
341 370
94 467
44 168
290 471
19 408
43 476
30 168
403 431
141 385
8 354
226 244
273 398
54 243
81 235
52 451
39 354
237 390
117 385
174 379
209 434
360 405
109 155
135 361
388 457
33 327
116 171
358 428
263 449
283 321
340 361
207 416
372 431
95 367
235 328
6 29
135 383
46 271
156 157
31 486
120 250
22 77
170 331
94 117
157 275
89 491
2 337
377 471
40 145
16 224
47 238
9 417
105 301
192 421
250 417
147 280
314 341
271 388
142 446
53 259
118 453
231 253
167 270
79 211
14 98
77 301
86 166
99 241
372 451
130 398
179 440
13 69
33 496
148 168
98 147
37 453
106 251
269 466
130 430
98 393
10 362
383 467
46 371
95 326
406 433
158 194
316 480
169 225
165 332
81 326
113 453
155 386
314 371
114 249
333 336
96 265
119 229
132 255
203 364
188 217
120 195
89 153
167 331
9 186
77 463
227 477
203 437
443 500
43 257
45 459
63 408
165 311
12 290
401 459
76 97
54 369
167 210
220 407
35 87
169 398
104 190
16 383
360 475
257 291
236 237
11 248
8 449
231 247
73 353
151 333
3 481
97 430
90 479
180 236
37 89
47 230
52 201
241 248
226 444
9 231
282 425
24 403
84 184
155 172
309 316
281 416
150 414
293 333
308 404
190 391
63 476
97 312
277 458
264 365
117 399
128 435
195 367
24 275
50 324
62 314
256 348
107 347
33 108
155 162
5 39
188 205
346 478
212 397
265 477
213 474
369 451
11 102
294 333
277 457
27 357
10 307
61 71
110 490
42 402
416 495
305 483
122 185
191 330
206 287
248 494
43 285
75 219
165 263
262 378
401 437
3 354
78 195
77 303
36 243
9 488
62 345
19 109
382 415
62 499
281 460
285 423
116 194
11 215
307 415
97 402
142 316
464 467
124 138
264 322
138 353
115 496
79 354
232 458
293 373
204 310
65 299
37 203
6 156
250 480
4 144
102 129
90 269
382 458
164 220
228 339
286 295
41 154
136 372
83 103
328 455
218 317
100 419
270 299
163 256
31 117
218 453
137 243
83 209
97 320
113 161
297 499
396 464
187 452
98 251
110 329
114 186
235 351
208 493
259 338
216 246
100 286
269 406
166 257
192 405
100 162
211 375
139 415
231 494
103 279
176 290
186 322
253 354
190 374
300 429
29 312
384 422
52 364
226 250
72 141
3 125
80 455
58 373
247 414
29 63
10 34
215 327
131 261
27 401
61 363
86 297
13 229
33 237
12 69
29 134
17 419
1 234
70 316
157 375
90 368
3 317
180 462
202 382
367 486
105 416
40 141
265 467
36 472
119 132
156 461
43 204
210 460
7 136
239 391
65 164
303 363
210 483
404 411
6 299
56 248
168 399
255 431
10 346
96 418
54 99
82 87
130 176
262 409
186 215
79 260
72 342
124 386
267 375
5 205
243 318
321 403
189 315
101 229
321 388
49 240
21 273
235 408
30 129
94 229
86 349
234 496
187 301
61 197
71 95
173 258
26 414
351 412
90 320
26 386
129 498
263 417
255 430
79 318
329 361
107 416
274 349
279 435
163 294
5 445
378 444
162 450
11 203
187 439
156 293
323 426
176 331
96 338
316 415
118 448
333 337
178 203
86 462
89 300
323 409
193 254
370 374
219 260
119 437
122 208
143 355
99 139
26 166
251 290
200 274
361 466
17 43
361 364
165 274
51 301
324 492
287 474
311 460
255 288
283 485
240 463
5 78
103 414
18 244
156 225
78 479
39 130
314 364
66 312
173 257
105 392
26 301
209 373
13 294
1 269
406 491
59 388
174 500
233 301
376 381
194 218
374 459
188 249
32 183
128 286
267 445
96 195
62 436
163 285
228 256
234 414
197 253
397 447
29 395
83 450
280 282
103 364
351 388
44 306
287 358
269 484
31 175
5 356
142 282
208 480
244 400
301 496
243 449
44 123
57 170
156 415
168 281
33 104
105 261
118 127
464 480
276 498
214 415
58 169
370 471
289 315
212 412
138 432
1 336
12 73
226 417
29 204
233 466
61 247
107 274
89 288
97 405
122 143
4 473
174 434
146 442
61 336
96 346
25 393
327 413
195 416
328 432
183 305
175 480
415 465
173 397
267 439
26 438
319 476
35 238
26 132
26 55
206 243
17 92
18 63
233 398
65 387
47 162
49 278
211 495
147 249
277 344
124 333
131 168
337 379
362 373
178 395
5 451
98 203
18 207
210 234
451 470
92 473
117 312
299 424
47 365
77 97
248 351
258 330
100 214
358 494
137 296
67 391
228 407
49 252
472 493
27 418
23 197
69 98
317 458
294 326
252 426
252 372
307 372
128 358
187 382
12 311
278 328
6 329
13 238
211 348
224 233
438 483
45 283
82 397
420 438
145 422
426 481
45 81
10 77
142 475
155 341
157 490
272 489
61 254
22 449
106 435
295 347
370 491
170 443
396 458
114 133
52 363
206 423
304 410
110 316
129 150
24 384
289 382
120 246
291 389
1 186
245 315
14 341
213 228
13 429
102 363
22 81
374 394
128 456
450 496
156 378
213 425
149 181
155 387
170 421
112 272
154 386
103 286
102 345
313 321
290 402
68 243
175 186
411 484
214 236
72 321
25 174
423 483
433 495
73 356
83 217
289 330
263 484
52 386
172 222
425 483
27 374
141 449
143 383
344 424
34 308
293 358
105 500
180 445
289 414
69 138
77 498
104 412
234 264
141 388
151 397
211 499
9 483
45 258
52 435
100 457
120 160
204 413
73 441
69 82
323 356
198 342
57 348
411 448
27 326
55 146
71 482
95 247
155 462
65 419
80 258
396 477
318 367
80 225
86 268
37 488
235 269
27 367
68 128
78 268
149 323
263 290
224 293
63 73
81 381
293 456
110 383
304 474
212 446
152 168
373 488
173 456
202 218
247 332
8 159
54 359
46 90
362 365
56 184
221 222
18 269
332 386
247 303
27 41
80 261
85 200
326 386
103 108
313 463
267 476
323 431
74 403
249 265
327 382
122 199
86 251
439 448
409 497
40 237
27 244
220 401
326 377
368 460
91 413
95 179
108 436
271 363
134 477
6 125
37 375
16 85
94 123
287 324
485 497
94 313
187 478
193 484
80 173
32 478
57 181
61 264
138 276
139 447
7 286
333 373
103 123
44 373
300 493
344 477
295 376
222 283
273 359
266 408
92 331
179 424
51 498
210 477
276 424
278 324
105 404
341 421
43 354
313 381
157 307
158 294
78 437
174 203
118 119
124 450
333 451
247 390
310 443
212 308
193 362
18 490
106 411
88 407
102 361
301 358
152 439
216 349
217 345
39 296
8 415
274 396
9 235
327 423
449 472
278 352
71 204
280 477
99 332
45 129
124 145
446 491
235 273
261 476
205 436
20 330
188 472
239 336
10 98
311 442
266 365
268 282
14 395
204 353
226 362
417 418
180 304
115 390
13 313
200 495
218 370
388 466
120 357
77 416
187 473
345 486
192 366
24 85
386 483
356 452
310 414
102 250
73 190
332 482
434 493
89 436
31 405
52 334
193 408
297 343
358 383
151 457
331 351
86 351
43 114
414 497
247 269
102 346
63 424
69 132
348 477
22 166
127 458
291 326
318 357
169 428
192 331
311 399
264 437
10 352
121 305
229 466
375 477
73 284
400 495
124 486
275 368
343 425
10 483
248 380
129 278
33 69
41 321
201 290
270 331
123 372
128 304
51 245
311 451
198 477
37 192
197 484
40 219
206 403
113 465
33 251
216 291
94 451
119 383
87 271
8 353
373 458
169 227
95 241
167 199
253 485
155 239
300 386
18 76
138 386
157 422
25 122
336 497
14 169
46 117
211 400
102 151
62 299
126 472
120 218
359 492
47 388
23 25
251 296
277 400
9 416
37 338
37 486
61 391
103 111
157 298
98 149
132 377
12 486
24 475
44 353
152 445
238 457
148 278
289 373
314 359
1 316
377 412
87 434
272 494
26 160
86 495
408 453
95 166
178 394
303 447
126 243
95 399
311 492
1 249
343 454
15 67
156 224
27 238
148 238
334 478
223 376
11 451
15 247
196 244
213 360
283 300
243 247
57 459
72 444
136 273
72 431
163 345
284 418
46 111
171 251
11 284
209 222
80 396
3 361
401 472
105 401
194 229
269 340
197 206
214 458
162 170
365 391
1 305
192 262
46 448
40 171
101 220
236 292
112 157
48 432
299 381
135 200
174 390
172 258
416 435
85 300
15 378
110 456
230 286
50 164
213 233
63 101
235 343
404 470
181 272
118 335
179 491
235 376
101 445
394 450
137 404
7 449
31 279
16 382
105 234
35 44
4 117
104 465
36 420
244 353
232 406
180 259
141 453
153 197
122 234
11 55
276 299
248 413
67 419
371 391
337 342
84 445
252 318
239 331
100 393
391 415
27 440
52 320
325 465
73 362
180 288
249 365
117 329
116 401
352 389
389 446
142 227
21 243
58 444
235 441
207 256
332 490
40 410
11 195
182 300
56 191
38 71
356 362
2 112
123 242
113 163
43 298
262 320
63 186
61 185
83 99
205 348
293 417
164 491
76 140
185 237
397 422
92 212
46 181
98 455
33 63
329 405
438 484
275 452
418 473
284 489
194 302
130 394
208 434
223 348
48 337
109 176
67 199
408 493
278 433
72 345
402 430
50 424
350 399
277 278
156 500
4 81
15 58
359 409
47 69
188 318
197 307
249 416
187 205
52 195
323 374
239 268
50 491
377 378
17 263
218 252
128 419
268 346
222 472
60 449
25 386
173 427
354 458
134 380
325 353
212 223
60 130
21 492
60 445
168 426
163 334
1 496
203 318
153 473
138 327
272 477
31 473
286 312
13 87
403 479
127 333
70 301
252 281
144 439
57 159
368 477
169 279
36 237
217 329
122 364
200 383
247 433
305 384
287 436
347 393
87 406
22 253
99 193
257 289
229 359
343 378
16 166
99 462
38 132
410 462
61 118
310 418
190 211
135 235
59 341
105 381
31 356
50 242
143 485
342 419
79 485
82 154
15 488
111 113
235 244
425 465
86 472
269 423
97 281
276 465
71 227
235 400
107 311
11 471
309 320
67 223
96 216
5 167
280 475
392 430
28 288
216 378
292 313
146 484
131 262
144 474
8 209
49 183
181 266
235 372
26 342
210 489
26 35
17 137
133 372
106 192
45 80
254 350
178 392
127 500
105 294
130 420
212 238
415 484
60 461
344 499
11 132
185 275
409 470
23 147
118 456
334 409
33 362
202 211
197 262
368 453
49 418
5 373
260 469
363 449
48 323
184 251
193 313
43 357
169 421
130 186
110 126
106 419
152 485
34 139
202 246
10 206
288 312
40 468
159 323
28 82
11 280
16 209
159 435
39 408
246 364
38 431
175 206
32 245
445 482
78 395
157 286
225 443
53 86
81 263
218 328
356 477
304 349
140 315
133 331
30 310
221 283
232 463
352 444
96 182
253 362
51 290
367 389
287 355
101 261
121 129
139 281
67 389
107 382
109 411
225 420
78 251
372 413
250 265
27 272
161 204
69 304
189 332
150 321
1 364
73 483
165 248
147 398
132 229
35 495
61 218
334 347
422 487
226 305
11 464
29 455
85 88
140 403
50 427
169 297
187 431
348 462
487 493
134 316
21 455
38 44
100 244
190 281
289 397
101 375
28 256
353 383
325 363
206 387
22 207
19 177
37 318
111 428
382 481
265 385
219 320
448 452
15 412
19 101
128 187
61 176
191 423
32 117
173 259
201 313
446 480
31 249
352 427
282 413
138 161
386 426
132 338
153 296
65 78
321 374
160 446
9 474
217 385
254 297
41 175
237 422
92 273
92 185
167 299
321 485
24 404
265 420
20 275
83 369
108 311
30 384
160 268
80 402
84 172
123 474
249 395
192 273
66 289
5 139
173 230
263 333
73 265
143 324
239 463
76 381
416 499
56 233
260 313
35 89
213 477
123 134
41 330
418 493
206 253
120 390
218 385
18 284
436 453
314 380
32 450
256 414
155 273
184 408
199 326
36 160
193 403
350 420
262 415
50 82
135 425
183 453
251 387
69 412
95 199
57 406
3 182
359 390
186 497
267 485
160 316
68 416
283 495
192 369
5 440
274 400
186 470
159 462
176 410
119 274
81 289
128 157
20 153
140 413
140 273
4 245
260 331
285 405
281 371
300 382
178 436
176 328
274 336
90 204
267 421
292 350
133 251
43 451
241 345
203 233
50 443
314 321
36 315
105 332
133 188
177 499
95 465
256 286
100 450
313 384
70 474
121 457
83 457
152 188
66 253
37 347
2 79
223 480
311 465
70 128
139 253
3 427
51 326
17 277
216 262
342 409
184 299
241 289
195 231
10 363
57 75
127 150
180 247
69 341
216 479
104 404
105 395
95 406
58 374
280 416
325 428
165 254
35 210
241 450
286 488
40 259
422 497
229 429
50 285
31 140
292 298
363 431
175 256
224 368
185 265
184 220
150 212
376 405
73 141
85 179
37 490
171 331
229 434
458 483
44 94
184 399
289 372
23 174
84 175
53 394
15 473
53 374
70 198
448 483
94 291
368 423
90 490
40 88
143 188
117 471
36 370
140 487
309 451
36 345
366 433
237 394
256 278
47 55
179 412
156 179
115 179
57 309
238 409
248 273
161 477
297 448
259 433
164 281
177 421
267 434
295 309
178 259
85 387
331 374
62 76
215 241
254 442
23 324
151 302
7 123
137 235
194 252
48 455
218 416
17 256
120 422
315 419
229 261
77 243
240 400
211 432
27 67
40 473
126 154
83 401
30 52
104 406
136 191
279 357
176 242
328 463
253 257
196 483
179 418
239 335
36 432
116 236
80 168
80 379
312 430
93 240
72 495
112 235
15 212
316 367
228 349
251 268
130 315
134 206
314 441
72 305
46 406
26 325
101 328
64 458
151 270
77 169
240 285
260 378
287 306
184 445
372 474
48 390
298 365
315 325
201 436
348 445
158 264
106 361
203 481
98 473
151 213
291 327
32 332
67 431
218 471
60 264
231 335
220 284
111 318
250 375
78 229
80 162
348 483
16 376
123 336
76 431
101 115
295 297
361 494
185 272
70 94
22 275
293 428
126 283
162 327
229 400
340 448
375 410
259 275
227 355
119 163
2 252
22 122
222 416
133 371
146 393
6 313
79 464
9 441
119 399
138 299
359 372
88 114
125 349
32 492
334 398
88 113
248 365
131 496
175 492
26 407
139 443
15 484
186 237
87 436
69 497
10 154
127 212
286 353
59 450
68 428
411 427
27 194
303 349
81 399
404 443
78 345
218 306
269 465
245 463
316 442
199 444
214 497
132 148
170 346
453 479
398 463
11 437
259 442
111 267
161 331
15 286
248 475
39 263
90 169
365 467
319 327
139 431
330 397
130 288
59 120
38 141
45 405
168 396
168 227
85 90
11 458
244 368
297 423
427 444
142 154
139 483
300 468
37 315
76 236
262 349
117 126
325 383
321 358
268 440
114 255
6 73
95 121
421 428
74 386
209 354
234 384
74 381
274 280
12 267
156 276
261 491
370 442
13 432
206 277
58 356
410 485
189 211
403 498
433 443
37 297
231 250
195 403
430 470
35 282
40 492
184 380
84 204
312 384
181 265
164 336
84 122
262 298
80 381
128 277
262 410
90 227
239 494
99 409
63 254
94 333
216 382
103 420
102 484
387 463
219 471
102 158
201 393
178 354
150 447
64 144
267 487
174 182
143 370
389 434
59 177
104 398
221 490
66 139
43 143
260 483
74 369
268 461
265 453
442 492
189 279
249 386
308 439
107 157
332 438
451 473
31 234
14 22
290 351
51 418
51 496
81 387
125 169
87 293
51 271
72 274
106 180
76 165
95 387
129 495
373 467
294 343
167 449
120 375
199 346
51 399
212 244
16 98
300 318
50 243
175 329
168 213
108 305
374 499
318 496
200 446
83 373
60 162
318 436
312 476
313 470
28 264
389 395
50 225
278 281
6 238
334 446
85 204
14 203
138 215
11 221
228 387
164 306
48 314
24 56
209 410
307 401
74 121
23 314
195 352
330 500
82 168
93 95
369 478
201 211
76 446
278 486
272 355
96 268
253 446
299 324
124 357
64 377
76 344
40 87
112 443
163 254
211 286
144 194
190 210
184 479
309 497
76 129
150 368
26 210
70 205
46 438
236 448
194 443
129 174
126 304
35 64
454 470
107 355
171 389
90 363
3 184
34 436
91 420
386 494
52 196
51 257
306 385
191 233
159 356
237 485
129 427
124 356
448 488
356 368
66 158
93 356
300 359
115 172
112 181
50 359
150 232
224 458
229 383
116 468
266 399
30 106
30 252
273 279
213 499
275 491
41 252
284 372
128 322
147 348
54 332
78 313
340 380
156 429
39 484
186 483
108 234
54 191
122 282
2 248
162 481
258 315
105 218
35 459
47 209
217 468
102 161
77 188
84 467
296 339
43 370
82 121
173 359
168 232
452 497
17 333
158 431
56 107
189 289
246 331
177 432
168 353
13 494
23 294
88 355
144 288
190 253
185 312
195 245
106 489
157 217
19 212
136 292
266 425
250 273
4 311
394 466
339 418
1 266
81 128
236 478
275 445
292 364
201 241
219 302
186 257
197 299
49 270
68 274
289 383
289 394
156 342
233 275
71 122
33 450
192 285
436 500
9 364
130 316
302 424
144 407
427 466
40 273
294 484
297 419
33 39
25 32
221 224
147 229
54 193
337 499
88 132
15 48
178 264
382 433
115 387
123 457
253 282
254 451
213 403
37 128
269 354
10 397
208 293
368 421
401 474
41 370
221 463
213 260
112 353
239 422
279 286
115 252
136 455
324 382
29 429
337 345
161 382
249 441
152 257
109 306
56 301
186 300
61 297
227 313
29 362
201 479
132 159
297 406
77 205
61 423
87 210
56 170
149 446
290 435
423 424
303 351
52 301
134 315
53 364
5 277
210 291
273 395
48 291
297 434
401 420
210 319
218 481
178 487
75 318
174 248
365 436
75 215
228 302
77 397
164 430
341 487
14 75
33 480
376 423
108 259
351 474
249 407
21 381
225 330
277 305
58 330
107 377
217 304
43 175
132 411
139 181
246 382
12 206
5 380
154 359
160 445
54 179
153 474
169 193
65 262
130 434
229 478
115 427
182 186
221 231
302 457
1 204
352 381
5 86
8 49
227 290
275 330
145 301
388 414
102 242
23 367
216 227
251 315
298 312
181 383
221 260
24 345
140 488
114 313
65 470
113 144
174 215
398 457
113 171
330 340
64 263
258 368
13 336
5 409
39 121
222 454
393 461
202 463
86 199
192 403
4 204
256 379
285 437
85 382
41 459
14 441
307 342
99 346
241 285
75 437
48 103
134 473
82 330
293 388
27 224
174 276
138 190
52 159
213 435
432 435
171 376
87 205
210 212
5 248
157 173
242 337
61 269
265 492
198 476
22 350
311 340
18 403
324 436
454 478
13 321
111 483
372 491
6 178
107 301
127 240
327 336
177 327
191 360
59 178
104 145
304 399
34 62
211 427
63 490
64 355
61 169
445 469
284 465
164 437
33 297
62 129
160 245
272 367
78 390
195 500
362 394
408 429
11 54
128 308
36 313
238 336
181 395
164 397
103 373
42 468
240 302
81 143
283 458
120 290
130 166
363 385
213 429
337 401
184 412
155 214
361 424
279 489
270 329
298 345
284 296
93 483
198 212
12 56
454 468
139 430
262 268
392 400
406 429
30 471
278 300
367 397
167 390
413 438
82 374
189 293
100 386
85 282
173 444
154 329
390 408
6 188
19 303
55 259
223 386
249 327
55 135
136 139
28 67
288 481
18 120
149 438
64 283
30 198
290 462
12 67
59 247
28 245
82 89
57 453
96 130
164 366
291 455
277 484
42 205
35 289
31 184
167 215
218 475
175 367
122 424
265 361
394 480
360 419
170 425
153 263
388 474
62 408
177 279
164 481
346 376
182 368
7 213
378 452
131 498
213 224
166 355
430 480
6 276
124 251
90 242
180 412
62 352
355 405
286 396
359 453
22 64
26 487
245 469
125 251
269 377
67 353
214 398
348 446
3 466
5 57
119 158
172 230
92 225
283 342
84 320
186 224
311 396
52 244
290 334
470 478
276 449
236 479
237 259
31 159
7 90
240 408
466 489
73 296
275 356
203 229
98 139
115 204
192 284
248 488
17 69
247 489
91 320
429 466
87 359
237 305
230 364
41 126
268 378
212 375
140 474
39 382
270 347
38 340
385 493
75 343
121 412
138 369
90 423
157 354
37 191
96 131
167 444
35 155
431 452
165 316
30 204
184 419
424 478
138 462
229 473
61 77
41 389
82 370
74 391
39 62
35 406
13 339
143 209
90 248
54 237
116 453
12 384
229 326
296 333
163 343
92 326
6 441
227 430
130 487
27 29
165 466
18 356
60 305
341 394
6 75
150 346
162 167
325 386
109 201
60 256
211 482
421 439
127 385
97 427
54 267
369 388
25 325
339 451
475 494
111 307
54 394
94 274
99 273
377 425
37 73
67 272
192 339
152 169
288 464
303 486
257 270
178 230
27 410
397 457
31 244
6 223
126 461
104 240
5 133
22 263
20 143
84 342
153 448
86 244
70 494
28 98
233 463
169 486
103 174
75 210
191 280
216 482
6 386
296 404
244 410
292 439
90 265
196 472
169 416
22 422
198 393
150 445
282 331
150 475
242 467
349 441
108 109
82 279
261 473
46 282
11 374
9 67
214 291
18 239
76 200
158 384
121 311
281 448
65 133
249 468
28 144
244 432
143 400
136 476
457 466
348 429
139 398
72 398
394 472
118 465
253 431
277 445
208 234
35 334
269 317
39 214
74 200
4 431
38 170
194 339
446 473
143 486
285 466
214 230
93 109
334 452
18 485
135 312
352 479
156 252
222 307
134 323
450 473
11 167
303 307
327 431
197 319
108 323
10 138
206 320
8 289
87 169
73 393
90 236
300 411
339 347
328 413
286 345
212 471
247 309
127 203
194 438
176 288
214 222
42 450
301 360
326 384
144 420
134 291
115 271
286 482
162 283
246 398
177 339
27 190
284 455
99 126
124 259
290 404
66 189
185 322
40 130
180 455
163 467
32 435
252 393
30 407
173 386
179 368
215 302
24 176
207 317
83 463
7 390
369 474
48 330
495 499
106 238
211 243
327 475
92 132
25 491
155 285
99 132
116 345
81 214
138 438
144 443
74 216
100 194
79 309
451 478
221 319
356 487
405 456
195 487
27 143
75 495
212 464
81 376
41 335
325 417
6 43
25 454
63 243
45 49
175 340
122 226
200 484
95 364
44 171
219 253
275 324
291 375
55 478
83 393
117 342
20 300
162 243
98 406
143 232
53 407
62 209
203 259
303 419
24 351
251 283
44 246
219 318
124 361
33 205
248 354
272 451
25 133
222 397
233 367
121 216
225 305
401 483
47 344
314 490
171 387
242 261
239 274
162 218
352 451
252 271
15 46
243 311
23 300
312 357
99 232
28 80
226 291
281 478
328 428
103 136
385 400
431 490
287 453
331 423
97 326
153 399
24 291
10 57
433 462
22 446
65 97
410 423
15 217
94 152
151 353
395 419
15 238
29 404
85 438
167 218
2 282
2 485
206 446
342 413
324 439
144 241
204 287
352 434
43 322
262 392
358 384
4 301
158 300
28 489
170 181
21 304
284 396
74 97
198 352
74 131
378 386
205 252
53 415
236 262
50 399
12 196
62 446
306 346
275 428
96 109
371 478
323 478
133 240
69 349
253 359
30 500
89 186
371 448
85 154
71 254
138 330
72 228
1 214
262 297
12 475
85 107
217 415
345 374
349 413
3 68
212 461
173 342
431 493
178 449
220 386
139 422
360 485
146 347
89 197
409 423
163 426
63 323
44 467
386 459
30 330
321 498
104 136
353 357
204 377
30 275
158 234
103 288
20 133
187 434
64 381
155 363
258 442
346 411
74 159
71 359
180 224
26 499
51 108
290 317
119 358
148 245
178 184
158 403
34 403
47 72
103 380
145 266
250 476
110 178
239 413
274 403
26 112
271 480
155 439
102 254
107 130
53 117
156 248
36 106
78 116
70 253
120 408
197 361
241 246
12 148
407 448
29 56
58 434
5 26
59 206
15 89
69 299
44 432
23 286
352 454
55 448
348 448
385 438
243 371
18 261
28 486
20 228
60 427
206 322
296 379
105 263
280 301
297 305
159 208
122 265
385 459
182 311
79 194
242 409
38 213
238 366
109 476
316 465
136 488
427 438
337 487
57 402
493 496
198 363
68 293
258 264
2 228
22 157
73 406
118 350
109 277
32 338
318 358
218 462
180 230
127 130
161 431
261 275
242 464
60 158
10 108
6 479
82 493
73 148
254 312
376 476
63 452
372 395
28 350
254 492
109 139
323 382
50 271
53 58
175 216
164 167
13 345
224 468
85 175
97 362
57 217
42 370
32 60
297 393
105 224
451 452
50 76
76 429
58 492
220 359
94 404
156 256
332 389
127 173
207 284
146 426
10 256
73 403
40 355
109 231
4 37
212 313
275 441
5 213
115 426
245 387
30 209
157 287
215 321
334 457
115 388
31 173
210 491
53 169
455 476
236 315
55 401
309 439
147 203
281 418
204 446
267 294
62 219
220 335
37 168
100 281
38 486
39 250
338 468
27 476
124 264
65 134
299 417
7 55
30 361
374 423
95 469
16 137
347 385
1 391
54 133
249 476
10 143
146 206
35 240
102 144
281 432
196 319
73 405
36 153
330 361
140 324
25 431
18 137
182 395
74 486
108 266
102 428
55 421
103 233
144 269
211 269
116 177
215 250
216 273
88 497
19 29
106 204
172 211
138 422
38 323
259 363
282 305
246 486
261 284
112 356
93 360
206 321
253 498
94 374
344 399
84 378
27 228
64 211
195 463
52 395
162 478
489 493
290 468
273 327
314 419
45 454
137 258
177 326
12 313
16 298
126 261
293 321
72 222
21 404
90 352
341 379
128 237
263 341
304 378
302 404
223 336
338 390
180 188
310 437
282 357
68 83
169 286
12 198
71 223
298 499
86 232
196 380
145 367
65 409
143 307
190 257
98 307
67 204
120 407
208 214
136 498
51 438
343 485
25 181
30 426
50 110
153 261
37 381
198 345
187 458
133 303
140 348
81 227
142 334
431 480
106 155
174 305
116 393
39 220
64 140
10 116
395 477
149 416
82 469
131 258
344 370
340 452
323 389
34 204
157 311
148 424
134 493
283 424
13 61
76 88
272 342
235 489
425 431
438 496
12 287
1 136
111 313
390 482
76 441
155 160
197 300
70 202
225 401
179 390
194 429
45 229
324 453
14 439
2 349
26 358
25 453
444 477
105 228
189 479
155 298
14 195
418 487
276 351
66 128
209 301
300 410
215 308
10 333
180 208
131 269
67 257
37 244
75 448
302 499
11 110
398 426
347 489
201 442
48 428
343 481
56 474
40 282
54 187
70 214
179 240
294 323
46 268
384 444
23 267
4 235
59 260
359 391
32 133
28 386
82 253
401 419
93 358
10 312
35 333
378 496
51 457
343 354
13 322
84 174
45 468
86 123
38 184
22 115
85 473
67 254
357 424
265 439
32 208
89 130
369 400
292 398
11 445
255 354
19 283
302 494
49 309
276 411
296 325
99 477
54 74
43 70
177 500
207 435
386 498
254 438
368 489
117 226
56 217
368 476
211 361
75 322
468 493
114 441
46 216
258 355
8 268
81 368
62 323
359 491
28 172
10 94
160 469
190 265
325 415
38 120
247 399
152 336
232 476
105 150
298 494
291 435
176 353
91 274
26 86
418 500
113 460
98 449
366 486
7 223
87 487
241 255
237 308
88 228
177 278
7 328
417 471
154 402
105 152
176 455
82 201
63 195
430 433
15 119
8 206
30 115
302 352
149 264
13 74
178 262
39 264
103 426
86 291
260 454
52 376
84 339
2 401
15 301
219 311
55 402
40 101
34 252
67 236
123 180
106 125
218 393
105 306
7 484
331 482
429 449
98 474
176 325
422 494
10 131
346 388
170 285
114 436
76 385
38 244
149 336
130 395
120 260
32 241
311 390
160 361
17 300
2 460
16 80
239 414
335 466
226 478
209 463
409 483
151 182
238 378
249 254
117 152
394 486
18 263
44 460
105 253
24 32
122 449
47 221
150 158
260 401
153 372
109 381
97 388
97 374
27 117
136 381
344 396
109 207
205 284
174 393
240 275
49 419
331 492
119 135
2 238
264 382
56 115
25 289
47 259
92 324
271 495
266 409
324 354
143 469
160 456
42 220
162 235
12 244
313 468
204 483
37 323
33 486
107 402
166 350
173 449
106 189
268 392
5 454
87 180
43 62
200 375
187 225
128 262
31 352
324 401
206 408
184 367
418 454
141 376
182 494
146 384
242 372
102 125
433 452
305 385
224 269
32 199
404 497
21 272
357 492
207 423
20 369
134 297
224 394
215 283
92 196
64 191
278 441
179 446
1 328
15 127
182 223
42 228
19 114
52 432
211 392
319 341
340 446
276 337
135 216
177 331
83 498
79 192
172 311
169 466
413 444
280 333
232 498
17 429
25 472
114 319
280 321
55 312
74 422
168 441
196 261
7 459
251 438
352 426
72 244
24 33
146 392
18 47
108 448
150 396
39 290
106 157
277 416
154 452
72 468
77 204
270 314
213 338
154 292
32 191
184 392
9 358
39 439
4 491
95 483
324 366
86 407
72 493
148 244
222 374
113 263
125 177
90 305
263 414
112 463
138 283
41 323
407 446
360 430
4 172
248 405
159 479
169 348
12 252
459 487
211 391
284 490
256 383
323 472
177 368
155 430
271 445
441 499
136 445
136 251
429 498
66 482
191 463
287 445
239 396
476 495
124 178
33 356
196 365
202 348
423 480
6 459
391 466
81 206
166 437
131 149
185 327
98 412
70 273
32 385
117 349
21 311
171 212
326 450
169 324
20 182
187 271
186 379
78 468
194 327
286 287
24 64
253 382
121 492
63 179
38 425
21 391
47 413
58 60
161 310
72 451
372 391
212 234
143 430
13 47
8 384
19 97
214 480
33 272
23 443
50 113
315 401
324 326
145 479
166 175
162 491
347 416
87 348
127 433
274 302
215 217
394 485
156 314
204 309
344 482
45 361
269 436
109 240
113 411
407 410
314 455
322 365
381 415
122 413
86 142
234 493
194 345
139 335
183 421
87 421
170 474
295 328
449 497
37 102
16 301
334 393
327 384
173 248
31 180
253 330
39 331
254 373
172 240
240 280
247 495
221 225
77 478
59 329
25 412
92 262
431 472
62 414
384 481
394 469
47 421
27 422
174 291
10 257
93 99
184 460
175 237
126 326
135 469
207 450
383 445
79 330
5 321
183 408
295 324
326 443
32 256
186 313
105 486
50 272
157 303
450 498
58 381
103 219
46 320
146 423
428 466
78 424
371 374
127 293
279 381
113 230
145 443
51 103
421 449
188 209
170 271
206 365
59 89
301 426
59 411
6 334
211 339
19 149
378 455
118 265
338 430
356 394
262 326
37 399
179 484
95 301
148 298
93 492
39 77
34 70
115 119
132 190
18 95
98 120
222 384
96 343
214 446
323 483
430 497
108 139
106 224
46 500
142 365
240 486
95 355
317 440
34 53
68 466
433 478
51 61
188 304
70 442
244 256
235 320
201 315
69 201
175 448
218 386
240 313
170 446
116 207
23 120
428 429
163 490
432 434
390 440
187 235
256 345
202 258
52 238
189 419
82 471
391 417
232 319
53 88
76 131
242 274
103 468
393 424
90 486
216 391
56 491
16 138
223 260
320 354
239 415
140 444
116 441
6 389
13 202
99 215
279 419
13 18
88 222
234 489
133 138
55 104
240 491
22 328
331 431
95 255
9 337
480 499
70 250
294 496
184 238
311 496
77 106
301 373
467 476
479 482
280 492
134 290
75 375
93 222
176 500
246 337
62 273
261 458
87 174
44 372
188 325
349 366
394 497
87 117
67 403
289 418
152 429
55 494
32 424
151 245
146 215
86 496
105 270
104 426
128 323
14 391
90 494
59 307
164 373
46 224
221 413
155 492
226 480
229 267
311 392
16 189
305 399
154 221
6 58
60 306
86 298
38 58
129 281
49 495
49 207
205 333
82 273
287 348
195 278
236 290
33 190
37 237
2 71
120 320
157 327
70 185
199 332
3 86
301 477
241 386
192 254
27 97
289 421
35 472
381 413
113 491
138 418
36 146
162 302
138 233
218 408
56 280
157 483
60 253
64 332
192 259
384 469
279 300
177 438
25 332
57 120
217 364
111 243
296 496
186 459
22 105
328 380
98 133
291 384
155 225
81 165
376 452
106 466
183 476
383 424
163 500
57 178
36 276
288 491
22 354
202 439
180 348
193 332
160 302
153 466
243 464
221 323
291 320
148 339
64 334
91 213
101 172
178 181
82 182
2 10
262 498
190 191
255 415
102 434
152 399
277 373
174 443
109 309
63 281
100 291
12 210
99 153
378 435
89 273
58 411
149 471
281 305
138 413
164 326
33 265
278 453
167 310
11 156
128 242
18 397
277 287
402 429
92 380
256 268
70 417
223 387
165 330
149 247
237 434
104 129
162 445
259 292
184 294
62 203
68 166
155 234
82 206
348 353
37 327
4 369
59 337
47 415
93 140
40 309
249 489
57 427
81 139
112 231
211 232
88 211
108 413
70 349
76 264
41 194
24 299
367 391
55 274
30 475
177 305
232 409
361 389
120 176
61 434
111 284
100 313
183 311
54 416
276 400
149 453
79 468
88 453
316 462
174 399
269 336
20 366
93 267
342 425
50 409
295 452
422 470
163 446
49 106
110 239
57 228
4 321
137 459
330 354
134 353
89 162
226 494
432 445
120 480
320 411
86 366
294 314
437 449
277 482
322 464
136 300
6 257
178 335
122 203
323 450
290 299
79 173
9 244
138 212
366 426
57 87
134 398
24 193
55 89
123 461
281 360
10 127
440 450
111 190
278 480
310 348
55 348
3 8
385 498
60 313
279 431
385 442
225 417
61 184
249 446
173 381
11 455
266 379
123 131
169 476
28 38
306 365
222 240
236 380
17 232
64 86
274 497
303 500
218 397
108 213
210 272
124 304
132 183
335 458
37 58
33 282
258 331
180 444
180 446
230 462
91 190
226 246
65 341
106 313
200 268
203 353
144 306
155 390
48 97
42 303
52 494
294 372
123 404
131 263
318 386
264 387
24 44
258 319
126 423
61 415
85 272
190 458
251 469
65 480
168 343
51 370
33 115
331 426
343 494
140 291
36 62
89 460
263 477
40 230
170 304
162 471
303 408
84 133
154 216
143 292
329 433
124 148
326 488
164 331
144 177
94 296
110 130
152 171
163 465
261 294
431 457
432 457
70 484
322 376
86 399
255 322
121 378
373 473
138 305
129 175
96 236
163 282
66 495
13 153
63 89
50 446
192 304
200 408
250 386
210 331
144 164
220 277
13 162
15 362
449 486
264 480
355 374
76 327
45 282
89 219
233 280
186 410
191 234
51 440
101 295
446 471
121 178
170 435
458 494
349 360
129 223
31 347
195 220
135 292
264 392
12 160
144 207
2 140
332 442
310 462
131 260
312 390
82 309
84 397
437 488
98 211
17 124
92 374
91 309
63 70
65 287
44 167
99 492
145 346
166 211
278 284
316 381
67 360
446 498
382 409
32 136
333 452
28 134
16 159
33 361
282 395
183 456
35 180
83 434
96 147
247 348
142 257
18 267
96 441
373 413
178 483
108 446
304 337
466 491
379 430
343 392
205 268
150 236
184 415
272 407
91 110
385 449
250 274
56 178
425 476
135 493
59 447
64 314
4 500
52 296
205 378
141 180
203 314
35 166
124 496
358 398
226 345
73 221
50 345
125 389
103 333
15 310
219 365
231 310
379 398
95 448
152 358
128 266
385 485
342 343
278 381
100 234
52 194
296 464
307 409
18 385
171 186
205 417
60 239
48 472
50 224
13 100
9 106
117 251
6 381
182 497
28 273
172 295
124 388
99 473
60 197
212 418
11 48
312 389
429 499
226 231
11 37
257 402
86 224
1 240
172 363
56 347
122 153
173 237
192 423
95 447
207 341
43 253
74 465
72 300
245 374
35 193
288 298
42 456
255 261
250 353
410 432
8 363
1 39
102 290
18 417
244 346
217 435
58 448
455 489
104 157
140 329
299 352
96 242
69 284
97 355
114 411
31 227
95 164
256 370
54 126
145 386
221 492
389 472
72 117
421 470
51 239
371 400
352 423
9 236
227 476
5 300
23 102
202 401
190 202
70 78
19 342
459 463
249 379
286 392
170 171
125 185
32 368
169 200
294 424
244 342
206 317
68 259
61 66
458 490
62 412
215 408
268 422
285 472
74 224
388 424
88 103
36 95
349 463
98 459
13 274
80 121
18 85
136 166
49 175
195 351
174 250
218 423
436 439
47 295
76 197
214 388
51 82
309 469
392 410
320 474
35 410
73 125
102 195
7 323
2 3
87 291
29 347
48 58
23 166
21 458
289 299
247 402
310 476
260 458
190 220
40 349
352 486
81 341
34 499
388 489
117 445
63 410
226 447
11 417
141 406
364 471
48 497
29 401
196 457
144 294
433 453
49 134
192 200
215 320
123 483
9 65
378 390
116 220
150 453
102 263
2 94
230 323
31 414
4 119
153 302
248 361
76 196
147 443
234 466
79 146
82 340
89 352
73 429
152 297
237 466
243 490
171 432
305 363
18 40
447 479
188 366
189 348
96 334
104 244
1 65
114 143
187 466
49 56
64 249
188 474
197 453
281 318
56 238
363 400
21 117
99 206
88 387
46 422
144 315
190 225
60 195
302 398
59 395
196 335
214 239
182 464
42 86
1 292
182 471
334 355
91 297
93 400
32 440
61 458
44 95
205 321
172 272
250 445
213 445
262 314
29 211
55 221
33 336
107 291
306 352
8 75
104 177
218 245
8 118
30 403
175 499
86 193
50 499
22 168
317 388
446 448
21 430
79 479
42 459
313 424
121 442
386 462
64 232
31 460
121 254
114 338
135 255
254 323
299 309
50 83
312 376
282 455
12 356
105 271
23 313
104 433
230 480
207 428
115 348
97 113
162 239
369 413
264 396
1 20
328 479
288 294
40 380
94 348
107 221
140 219
157 500
172 310
302 450
56 331
23 250
117 420
21 347
53 128
153 443
178 208
123 427
50 229
297 498
77 220
406 412
29 151
148 283
191 272
284 403
89 291
204 390
393 498
172 474
442 461
384 476
117 325
190 336
173 459
303 304
134 427
258 433
81 130
59 135
298 342
42 195
288 358
305 438
225 255
196 436
79 108
100 461
148 212
169 451
145 378
165 196
18 371
110 357
4 318
114 137
92 385
400 454
199 301
164 387
251 492
168 286
202 447
144 148
56 163
136 281
246 483
295 359
27 283
364 404
199 334
224 423
372 496
93 196
134 333
256 270
406 407
83 492
260 347
115 290
115 383
220 426
167 371
211 358
140 344
152 303
419 460
28 344
154 340
100 403
116 417
243 381
174 298
39 365
300 308
79 111
205 408
240 391
388 445
200 366
394 478
128 152
39 222
71 232
365 480
100 114
13 474
82 167
80 372
353 369
381 426
123 158
306 425
88 470
212 252
115 245
65 264
30 360
66 418
124 465
258 410
84 441
63 293
151 389
37 99
315 414
85 479
162 249
77 383
192 325
80 113
86 282
203 406
19 274
93 317
57 268
76 480
300 467
37 274
41 130
357 493
44 180
6 182
208 243
171 196
199 437
7 404
98 405
96 120
64 153
156 273
283 327
93 339
127 327
136 484
126 240
137 388
136 343
116 436
93 180
284 474
324 363
99 287
89 229
68 242
65 135
75 301
82 257
102 493
52 305
55 73
38 65
309 440
152 241
260 484
49 198
119 361
188 317
205 305
251 350
337 468
23 246
316 466
321 328
92 239
3 160
63 495
130 333
27 51
148 246
91 175
107 223
11 302
16 459
22 141
283 421
205 396
70 119
37 67
86 196
161 467
134 212
307 489
117 210
196 278
138 328
42 222
10 383
141 168
104 430
377 472
119 142
11 74
36 324
68 72
98 283
287 376
180 337
25 33
386 400
41 176
121 236
8 295
272 429
46 217
128 317
131 153
104 283
254 282
116 139
342 464
108 352
58 180
13 318
28 48
162 319
239 459
200 432
425 496
190 421
5 397
61 147
286 350
278 499
91 495
258 283
62 71
59 92
180 417
255 334
220 438
176 198
40 86
197 326
336 368
86 240
134 409
127 299
147 247
216 499
274 471
131 289
296 313
203 468
305 397
50 185
203 335
147 425
83 208
81 264
222 293
229 295
237 477
10 456
96 370
117 497
277 418
87 358
110 255
246 383
142 312
162 314
150 493
16 96
77 366
1 396
74 347
207 269
197 469
278 292
356 496
32 153
87 320
75 457
141 296
156 400
15 213
239 328
3 142
397 406
83 480
122 446
43 369
12 129
242 488
34 415
68 241
253 444
115 301
180 335
29 415
2 134
345 367
111 252
50 462
135 324
332 433
348 494
98 340
86 395
2 148
138 322
96 291
167 457
8 134
54 130
13 114
195 437
180 368
10 208
11 386
226 308
202 486
325 474
29 486
211 378
73 486
16 46
257 459
20 291
120 291
246 397
98 195
105 251
357 468
383 499
272 480
93 185
146 262
436 466
292 306
92 282
241 459
22 394
89 344
28 126
262 408
129 147
69 381
385 455
147 463
135 161
52 441
151 351
58 460
57 326
418 430
132 186
23 170
78 147
368 429
147 476
217 481
30 150
66 146
278 313
106 372
95 500
32 179
8 461
5 89
240 478
214 249
117 187
3 261
40 346
20 180
31 481
288 344
84 427
289 375
296 479
398 444
448 454
174 449
133 383
139 292
26 179
36 478
229 401
289 461
437 489
427 439
121 230
98 132
188 329
65 479
60 314
182 315
227 437
352 418
187 297
59 375
229 468
53 392
264 442
176 439
358 482
50 478
123 177
297 349
6 336
136 367
121 433
147 498
63 301
112 393
339 389
32 320
54 185
114 442
225 259
448 461
46 55
85 467
247 321
102 221
208 360
264 386
262 317
157 227
13 392
199 369
280 388
11 257
82 190
135 413
23 161
62 498
82 269
96 208
87 95
111 263
285 404
307 469
266 317
51 241
128 362
7 336
70 187
185 391
299 427
302 341
154 366
155 410
207 271
41 181
48 175
264 360
57 151
185 437
204 303
147 207
121 220
108 153
92 413
145 414
178 192
138 279
83 349
238 291
117 119
124 285
206 497
94 246
187 426
61 282
18 51
275 422
45 191
169 447
97 436
55 268
129 416
52 271
182 371
153 240
119 178
18 321
24 391
201 392
182 350
144 448
23 470
28 320
63 182
298 455
177 180
280 386
240 309
76 118
163 225
206 348
37 199
176 275
254 336
255 319
16 121
170 500
35 456
382 384
109 383
17 388
55 304
29 162
80 353
378 404
253 454
179 341
181 455
26 140
202 423
160 470
248 261
126 235
126 228
286 416
214 387
273 326
60 428
29 463
159 167
18 322
143 356
148 273
35 430
156 161
127 189
62 422
231 378
286 479
85 346
259 377
442 447
89 483
128 470
339 404
163 413
228 483
217 330
327 457
37 222
309 345
5 71
61 459
57 116
144 411
162 384
25 394
381 384
68 294
24 122
35 232
50 281
300 428
189 216
201 461
445 480
72 111
90 446
77 165
137 461
26 409
363 367
194 440
244 367
208 464
95 212
133 220
99 404
280 350
71 350
218 356
31 260
171 258
153 397
209 267
316 500
268 308
342 390
221 388
36 99
336 409
262 304
44 345
201 490
78 383
130 474
134 172
205 461
352 398
113 402
36 233
283 455
298 344
64 96
317 361
70 208
108 473
92 451
181 344
75 417
14 145
22 287
96 122
156 371
111 140
89 261
33 204
261 352
296 484
113 228
3 446
165 354
151 407
9 54
31 299
381 491
74 416
365 406
18 318
85 463
71 356
62 305
22 372
132 241
80 169
417 433
381 422
3 193
78 108
314 323
211 464
201 282
169 217
307 491
297 413
88 261
378 497
293 312
88 237
14 474
234 432
18 107
141 162
3 263
245 472
140 237
209 273
336 394
142 147
284 435
229 245
80 274
260 444
210 345
99 188
255 398
62 180
19 164
130 332
50 387
77 267
171 388
98 109
196 277
46 474
185 318
8 433
2 175
120 166
32 412
37 121
42 451
263 421
43 232
71 380
115 448
148 405
281 407
242 491
3 255
99 412
61 419
17 304
70 295
111 414
181 375
282 296
332 418
96 354
236 377
271 280
10 291
168 299
31 410
22 58
24 455
100 204
136 278
174 353
97 170
276 404
231 347
339 412
45 354
44 121
321 421
216 432
90 130
80 292
62 374
126 377
29 81
296 410
263 268
237 303
370 463
289 389
189 500
386 496
303 426
66 274
47 470
184 393
215 275
79 348
220 344
74 302
96 335
369 437
91 301
180 300
217 241
246 301
76 208
316 377
168 482
254 292
4 131
117 431
255 409
54 448
72 341
224 328
25 189
138 355
42 170
350 412
139 408
223 449
257 348
184 409
92 318
60 402
399 470
138 266
198 445
247 286
282 422
181 488
240 370
116 491
255 433
112 373
269 297
328 390
80 264
53 118
74 279
316 365
149 420
157 464
173 236
375 455
3 320
176 477
398 474
58 248
21 59
90 212
54 85
22 411
421 424
232 357
24 414
85 240
115 298
66 177
3 212
5 292
361 427
212 293
141 234
192 274
148 330
62 461
65 382
66 493
193 339
133 453
282 400
38 64
192 368
407 459
2 332
207 347
124 225
253 254
280 338
335 368
35 185
425 427
28 159
30 208
70 457
78 487
428 453
128 495
19 265
249 332
166 276
14 193
448 498
87 389
290 364
298 351
37 443
181 197
19 263
82 111
49 349
173 422
89 116
328 343
45 110
259 461
112 342
3 339
189 458
349 449
5 339
49 123
348 372
107 136
120 350
185 468
90 325
16 401
74 105
232 299
425 455
262 449
95 449
217 259
290 316
264 336
233 499
53 75
263 380
438 444
61 350
33 424
105 399
77 441
411 497
86 470
108 354
12 96
433 481
28 438
155 353
137 458
110 415
332 356
41 189
249 374
426 465
7 256
35 164
147 184
70 483
234 484
15 32
245 291
222 474
10 463
271 460
414 453
237 448
250 377
85 144
179 235
410 444
298 489
99 181
362 390
309 500
209 216
209 239
151 481
332 462
287 378
328 419
46 223
148 379
33 151
192 489
154 394
101 441
102 407
338 443
203 362
65 487
70 308
104 302
110 217
53 72
33 321
287 434
58 435
98 207
58 395
461 488
136 142
16 62
406 420
277 343
148 154
61 474
3 475
276 430
110 270
316 402
346 462
276 414
29 37
199 246
365 457
382 497
255 413
85 249
141 362
39 360
108 174
277 429
20 428
297 475
150 487
72 114
23 212
84 267
258 379
282 318
30 489
19 440
18 132
77 217
232 425
11 265
18 415
15 134
339 492
304 311
261 468
101 465
95 202
17 296
286 422
329 446
289 481
127 367
123 292
36 122
50 86
52 186
11 66
79 315
178 409
240 308
7 470
48 380
339 445
227 394
239 475
73 282
285 471
238 352
19 224
19 174
365 366
88 232
14 135
51 219
255 291
108 257
244 461
48 109
34 191
177 194
83 251
299 394
172 494
24 387
18 308
171 174
131 411
337 497
409 438
54 147
37 466
271 301
171 446
169 371
58 258
438 448
103 455
385 479
17 125
139 302
403 497
37 351
263 470
113 268
375 388
126 159
122 200
301 459
161 429
238 480
106 417
25 433
215 464
165 246
76 242
88 498
68 155
5 34
94 183
39 487
55 171
438 474
431 476
397 473
168 338
257 290
148 474
339 446
348 405
66 428
314 432
250 399
245 490
76 282
309 476
302 319
132 292
139 272
106 334
270 417
20 296
48 356
88 196
250 292
310 342
21 111
178 466
87 241
281 387
15 326
7 229
33 377
52 187
469 485
41 282
48 218
224 242
300 395
319 329
14 148
198 266
15 120
336 348
8 58
100 451
45 414
247 482
343 458
233 407
138 220
74 229
84 493
90 98
37 302
296 455
36 352
331 500
118 419
47 326
121 419
8 296
470 481
181 421
414 473
62 64
14 103
280 414
21 58
29 451
36 474
128 377
167 219
230 406
363 456
38 217
65 427
167 338
47 411
41 308
128 181
57 259
308 500
133 362
186 387
59 342
76 164
172 249
146 447
165 368
46 81
117 452
124 480
185 298
95 441
81 266
171 365
355 421
5 309
341 449
193 208
123 285
72 135
184 379
23 35
295 361
78 443
445 496
2 392
358 436
8 443
284 391
58 380
277 402
139 261
95 266
50 311
84 412
375 406
153 278
97 180
363 462
282 493
338 407
2 255
116 456
341 453
469 491
49 125
278 417
409 496
179 319
21 351
179 464
286 352
128 403
179 404
224 229
259 335
152 443
35 54
249 281
37 105
201 447
397 459
280 353
140 416
81 396
247 279
98 145
231 442
67 475
75 274
392 411
1 209
441 449
16 455
60 135
200 371
7 433
283 416
40 330
30 424
251 409
317 330
67 98
360 426
221 417
434 449
154 464
215 256
64 274
399 457
66 464
178 382
121 132
7 85
104 176
148 468
105 202
109 423
67 154
165 280
178 197
398 404
257 313
39 143
156 419
94 375
127 439
369 393
326 346
164 171
283 399
93 450
287 293
297 342
235 391
317 461
89 118
197 388
33 268
125 207
206 454
145 229
329 431
267 312
83 163
112 168
323 408
383 446
126 343
6 424
83 288
51 238
291 433
261 489
183 342
238 392
397 453
94 98
31 233
49 379
76 394
123 452
5 299
123 493
160 301
20 255
200 312
340 389
352 399
207 411
292 424
184 464
412 432
3 153
299 371
361 371
231 298
107 396
328 464
152 317
64 253
166 374
19 127
168 381
281 283
370 445
240 412
327 465
216 280
212 350
80 151
330 470
189 470
170 272
89 199
98 382
37 214
37 69
245 403
331 461
101 132
225 405
150 405
15 241
148 382
298 449
72 128
236 411
120 292
133 369
25 121
225 470
264 370
89 276
397 432
413 426
224 320
136 296
352 477
116 363
64 270
207 299
392 421
75 193
101 130
182 196
140 455
65 413
46 339
273 285
256 406
96 447
11 14
109 196
37 232
145 178
45 244
140 242
1 155
333 434
335 448
175 210
43 235
36 188
411 446
49 219
474 498
167 472
84 346
199 229
108 196
36 263
55 122
289 378
212 315
110 397
56 77
185 396
345 405
81 153
58 59
378 382
285 416
62 402
377 386
188 486
229 287
246 438
99 471
333 464
188 223
69 133
80 282
304 438
111 299
61 127
320 412
237 327
78 183
424 454
279 463
128 234
313 346
234 462
18 59
75 494
371 479
213 390
329 353
205 314
32 138
65 324
90 112
308 419
151 311
95 340
333 366
137 201
103 356
396 424
102 107
235 424
190 260
474 479
276 387
37 185
253 473
98 359
265 283
213 454
146 169
33 301
222 279
58 63
64 239
172 285
411 450
233 257
240 270
21 353
223 278
45 470
248 325
144 317
108 313
260 330
209 344
160 303
109 387
208 494
179 196
57 455
119 427
378 421
147 270
280 373
232 333
188 378
145 344
52 333
33 250
60 192
101 398
32 65
160 412
394 414
85 177
256 279
82 400
178 323
216 399
70 203
70 453
29 35
198 296
307 477
211 450
258 393
21 316
103 113
412 481
334 402
339 432
104 161
23 297
103 498
233 491
104 434
267 307
77 177
45 75
64 186
121 359
257 366
115 373
195 303
117 426
17 62
6 124
100 301
54 171
138 163
71 330
157 165
63 499
10 244
144 469
57 141
208 453
351 483
88 224
135 245
391 434
388 490
176 360
63 311
211 304
76 425
183 363
70 445
84 106
179 410
252 464
126 383
379 403
343 380
296 417
242 483
126 152
115 189
171 339
35 213
87 244
298 368
250 268
88 192
335 379
111 312
141 282
85 411
168 275
259 388
74 170
53 57
306 463
219 363
144 483
29 58
90 275
126 355
403 458
294 317
170 278
92 345
247 334
113 472
8 291
98 424
117 298
345 421
86 220
1 163
202 366
256 284
392 407
131 264
275 352
322 499
182 266
103 340
109 296
199 284
23 303
32 212
81 226
66 290
210 260
305 309
187 281
235 296
72 430
146 341
96 157
26 225
258 321
298 470
124 164
271 376
64 72
83 440
293 395
198 303
112 278
359 405
122 233
102 194
405 445
386 410
44 304
46 170
100 180
63 366
188 285
319 434
85 439
109 412
28 266
13 264
134 232
63 322
183 288
26 47
88 411
3 197
221 470
334 440
401 449
76 151
18 275
8 315
427 467
69 294
363 479
227 288
2 471
3 449
15 406
92 119
137 408
394 476
128 428
120 453
177 276
201 266
344 416
123 378
242 391
103 183
121 439
9 320
97 319
68 393
71 308
73 255
446 455
278 403
32 422
256 468
90 321
74 482
27 140
30 40
377 448
311 385
235 242
133 439
218 338
83 270
54 397
185 255
96 164
269 439
148 455
37 457
29 300
26 167
221 329
18 67
86 442
127 282
108 359
9 162
178 484
89 397
308 413
52 222
274 460
90 477
256 441
13 346
17 208
88 399
121 136
59 382
101 214
233 416
207 439
329 496
81 309
158 389
34 303
334 491
210 363
23 329
228 476
3 93
94 214
93 365
19 343
287 412
80 126
136 382
189 309
136 460
276 495
199 228
183 216
272 325
135 242
157 332
121 391
48 288
75 260
103 391
73 234
302 420
72 460
96 173
76 158
17 317
216 274
82 94
106 130
154 336
28 229
175 179
341 446
247 261
316 422
17 66
125 151
216 413
17 227
75 396
280 461
16 446
24 399
186 293
116 270
77 215
405 447
18 148
45 408
52 120
119 143
178 207
86 364
60 82
113 195
468 490
100 215
40 128
399 418
215 258
210 243
37 370
349 385
4 345
238 284
93 179
344 369
136 473
357 442
324 412
72 419
27 155
276 328
112 190
266 478
7 333
57 320
378 472
66 307
233 285
63 340
75 475
82 440
313 458
366 404
125 341
28 233
271 312
257 337
40 281
74 303
204 317
131 350
108 412
73 399
450 457
125 175
107 313
324 368
214 298
238 432
387 417
210 350
88 461
148 277
151 175
307 338
291 478
452 456
82 241
395 432
9 396
80 332
5 10
7 236
35 256
154 351
97 242
25 190
203 478
6 384
149 186
26 264
180 380
343 492
1 51
162 455
122 338
344 491
225 432
151 170
194 426
62 98
21 482
363 472
34 237
84 358
288 423
51 275
226 422
136 362
150 492
109 287
77 199
4 110
103 367
397 403
204 470
322 360
124 338
238 460
284 384
229 426
315 349
240 371
19 371
161 443
19 381
428 439
100 371
173 228
36 359
198 369
153 387
374 434
406 471
256 283
189 459
30 66
167 347
344 465
246 420
156 475
192 472
327 482
290 420
126 376
94 170
323 404
268 326
56 214
74 292
222 273
386 452
37 343
293 343
46 319
92 189
123 288
99 452
251 352
7 126
161 289
101 252
18 287
170 447
222 491
179 485
287 402
66 89
191 237
5 137
217 291
209 306
77 129
51 473
193 493
243 258
103 454
237 487
2 326
430 481
299 338
35 461
437 484
309 408
211 247
93 263
301 388
195 208
93 238
71 165
333 419
293 479
331 339
322 405
151 326
336 462
168 253
183 436
198 375
327 334
282 398
83 333
23 139
231 463
414 454
266 447
365 446
256 298
210 295
106 465
172 398
16 241
215 279
311 497
67 379
433 461
266 472
187 375
265 344
16 410
189 316
362 417
216 436
365 470
84 217
10 477
55 441
461 467
395 476
51 385
232 323
34 488
51 222
254 479
429 484
58 79
25 266
90 150
28 227
146 323
2 393
22 182
94 427
59 200
89 356
128 451
441 496
105 238
123 207
48 338
16 73
376 463
279 488
316 420
165 472
118 348
311 408
117 240
98 136
330 490
207 296
46 306
25 291
45 377
50 394
8 312
421 429
9 455
138 264
129 249
21 493
23 343
13 179
278 316
308 383
324 443
58 429
119 251
40 233
168 440
146 459
157 203
309 449
134 393
366 409
239 431
32 279
154 315
192 314
74 496
323 482
206 310
190 203
17 368
309 343
64 330
204 318
334 394
256 316
256 469
319 457
395 463
275 340
92 178
124 471
331 383
194 428
97 434
37 75
131 445
28 305
99 321
172 353
32 342
115 235
223 393
301 438
254 429
390 398
423 498
145 215
221 406
360 478
270 385
279 493
17 486
12 281
236 452
50 156
189 268
416 451
35 435
424 476
20 394
403 469
4 351
219 466
65 254
160 244
57 496
360 454
124 180
60 228
271 454
59 480
262 487
156 251
411 455
36 260
234 257
94 310
92 364
236 322
324 425
187 352
212 342
153 409
131 459
456 489
52 313
233 273
211 252
140 359
179 182
187 299
2 95
137 141
416 470
7 263
65 306
142 188
88 390
147 312
71 238
141 232
187 207
55 460
59 467
128 249
9 53
230 318
271 322
115 284
31 274
145 465
47 475
48 235
76 121
181 240
73 309
130 354
111 474
291 374
70 218
350 471
22 278
160 390
22 470
139 428
21 83
5 24
164 210
148 284
118 359
20 192
16 420
165 239
445 452
143 438
212 489
212 482
371 435
144 193
144 308
163 363
54 392
45 339
240 409
136 356
279 299
15 476
48 258
313 371
37 70
29 396
57 192
83 111
270 497
384 426
264 286
213 480
373 436
81 301
262 346
228 331
274 323
412 434
387 465
71 94
67 103
239 358
74 227
216 228
134 497
164 253
13 247
80 472
30 467
255 325
423 436
165 176
41 224
20 477
245 322
285 484
4 140
336 423
84 180
150 194
155 210
210 390
465 493
151 369
151 277
163 239
170 438
172 194
29 478
422 458
328 359
150 187
40 70
116 256
229 311
189 428
65 69
39 285
172 492
121 356
286 499
80 233
246 289
72 346
46 358
101 258
387 485
26 151
81 199
88 475
126 373
186 242
183 352
212 488
29 346
126 412
363 376
34 277
326 457
274 479
197 303
273 303
338 442
61 234
142 465
202 485
160 164
346 378
419 500
230 401
68 383
78 400
103 400
330 338
76 80
359 365
87 417
422 457
71 252
104 325
98 360
131 333
128 439
1 66
69 163
256 476
88 245
23 402
98 355
88 444
282 292
304 379
77 95
59 401
127 452
461 499
70 288
210 289
338 342
53 418
295 306
141 202
15 164
64 79
220 384
314 365
7 311
79 145
25 71
247 358
92 221
72 339
50 479
61 168
214 269
245 254
54 491
184 447
144 217
329 457
20 294
344 352
171 225
356 363
136 265
69 306
265 471
15 118
219 425
103 405
330 485
207 379
118 246
138 139
50 408
218 297
361 478
417 477
89 212
186 209
167 332
381 396
2 78
216 263
325 434
468 492
345 469
187 421
267 408
239 361
33 216
43 136
292 394
116 314
140 275
408 458
375 480
185 250
25 315
100 170
85 97
21 138
257 380
34 496
163 492
13 48
61 124
146 185
132 204
132 139
7 73
143 483
255 260
161 493
244 284
124 275
253 442
147 389
316 374
262 460
91 373
56 412
10 187
203 328
124 322
144 278
114 306
9 350
271 297
130 306
266 293
175 402
60 341
355 429
5 83
239 332
334 449
253 299
100 448
228 351
95 336
76 361
306 406
71 248
38 107
22 414
136 286
86 397
342 454
44 416
256 477
276 366
13 373
81 237
16 328
278 454
36 381
339 438
19 460
243 364
185 371
87 245
122 288
43 454
41 307
43 495
34 129
21 182
368 418
311 364
137 414
472 483
166 461
135 396
237 387
135 334
120 450
304 480
45 152
35 99
376 446
17 121
128 191
211 329
156 296
17 357
244 305
104 317
288 292
173 380
46 469
14 84
65 152
38 294
18 97
245 473
34 76
224 374
8 257
203 243
10 194
214 234
16 270
146 427
100 481
218 263
161 494
222 426
335 500
254 335
146 470
35 434
178 415
166 256
73 388
75 405
359 461
161 282
40 54
412 468
72 167
87 102
128 261
126 429
49 226
1 320
85 485
385 396
431 436
217 318
221 275
383 447
183 295
99 298
190 325
108 218
23 305
34 156
313 419
253 419
224 225
208 227
278 360
40 247
3 314
289 409
33 263
221 304
46 254
331 387
38 229
142 333
94 266
180 399
441 475
201 385
285 353
297 366
10 351
43 444
229 296
105 146
110 378
33 207
208 233
138 141
336 365
207 369
358 471
86 469
116 227
272 469
154 490
151 460
29 325
56 320
5 494
88 183
134 489
25 178
54 66
4 87
134 351
177 322
94 169
463 484
139 319
318 465
141 487
7 278
152 482
210 225
84 438
14 157
74 103
86 359
68 310
133 325
52 134
132 408
258 317
301 439
275 490
58 262
151 468
361 439
145 445
265 355
29 291
33 103
261 442
68 156
48 69
273 387
247 288
129 198
18 210
364 475
276 477
234 373
111 476
18 38
189 381
306 483
166 285
65 193
282 418
74 436
126 354
119 181
177 195
49 320
137 424
42 478
131 305
157 224
15 142
159 477
115 439
23 202
153 342
65 352
41 391
21 136
41 275
214 329
322 414
347 435
229 299
99 115
242 500
228 490
282 451
11 376
112 211
18 384
61 256
5 15
56 468
399 425
63 91
409 412
139 257
231 376
296 478
274 316
84 147
185 367
29 148
142 447
184 287
410 439
193 384
258 391
128 174
65 177
199 455
260 373
180 387
276 279
84 401
105 208
8 154
91 436
81 336
178 191
96 416
368 481
388 419
247 305
169 282
334 437
278 465
158 206
253 347
367 496
23 232
13 210
97 291
241 274
447 464
293 324
12 151
183 229
140 422
26 322
38 266
231 384
97 341
8 396
142 222
321 447
437 438
42 488
37 43
83 322
215 305
117 315
33 87
413 472
85 270
260 423
356 372
48 154
55 166
181 343
243 334
35 200
232 272
172 388
49 215
134 430
320 382
50 488
22 112
106 265
9 448
150 182
1 165
190 234
22 298
5 50
138 148
53 366
444 476
167 182
91 468
210 482
23 143
392 455
166 236
18 314
300 317
28 309
186 474
62 170
220 471
292 427
175 225
157 381
282 488
117 250
149 314
199 204
134 336
99 479
346 468
348 443
22 467
261 485
366 496
58 439
71 216
255 486
109 114
57 169
378 473
301 478
73 348
57 500
222 299
259 288
341 399
69 359
6 233
111 416
91 124
387 436
204 315
116 245
388 469
11 171
269 303
405 493
8 264
235 458
248 429
67 467
260 432
304 468
71 467
192 462
27 335
242 351
356 483
373 481
312 482
113 136
21 484
142 320
136 184
35 265
273 495
171 319
241 242
75 380
294 426
353 466
24 103
404 489
128 349
281 349
49 261
224 239
215 439
325 392
100 321
256 492
144 175
18 165
300 474
33 130
286 497
29 405
31 302
157 428
117 188
7 308
35 336
35 338
133 365
81 290
33 487
305 443
79 385
113 289
307 368
117 275
348 390
163 291
452 498
365 441
77 237
129 260
4 167
64 399
62 418
45 159
62 201
174 427
107 188
220 488
69 265
168 325
481 500
18 330
118 334
285 391
275 348
114 416
249 312
72 448
51 187
57 145
276 484
337 406
178 363
6 25
15 269
182 476
438 453
201 361
200 392
5 152
217 256
434 467
162 423
240 368
398 399
61 340
66 114
142 418
35 363
405 487
162 341
401 494
112 141
265 387
6 432
40 82
176 330
334 461
193 327
450 476
104 193
186 236
211 373
224 259
284 431
209 451
152 386
306 359
233 251
146 261
358 439
41 432
373 452
67 149
408 490
8 365
341 435
183 497
28 444
10 497
16 365
93 178
151 395
125 356
56 166
12 256
363 381
255 323
187 384
353 457
226 311
223 416
64 291
3 458
133 237
205 286
234 347
72 91
220 337
189 329
228 338
321 492
90 375
123 248
194 340
437 458
322 492
152 456
417 425
53 402
270 291
196 227
161 385
356 442
158 323
120 204
331 373
130 386
393 436
42 243
139 233
268 411
20 390
117 183
198 418
432 438
16 151
286 311
75 338
194 232
167 462
339 362
94 206
195 462
11 134
14 127
161 355
364 442
287 478
152 440
111 271
87 416
20 459
193 358
322 423
244 490
139 287
5 118
137 417
255 481
4 265
190 446
143 171
422 459
88 214
77 280
8 281
396 430
164 404
36 39
418 440
384 436
131 195
184 258
287 410
76 371
44 354
99 240
85 278
135 480
53 191
37 306
20 479
333 442
420 480
125 441
222 281
342 438
174 313
156 226
314 317
121 233
246 456
140 260
254 344
238 471
166 187
191 446
107 314
296 355
141 444
430 443
368 428
129 143
153 341
331 496
102 389
28 223
19 326
37 242
240 459
20 458
99 457
308 467
119 418
233 470
11 411
24 42
255 423
350 408
257 346
19 260
284 328
244 471
227 483
186 465
146 197
2 196
239 262
148 367
90 128
176 340
366 450
107 228
41 196
34 115
144 291
97 310
15 240
156 217
231 324
113 197
60 94
5 220
81 244
90 145
226 460
144 481
6 262
376 377
429 452
184 345
78 366
120 412
274 414
379 449
243 329
268 436
140 262
155 425
218 312
296 400
204 250
185 354
145 400
226 381
243 312
3 407
178 333
103 465
344 493
16 242
87 211
32 39
154 264
135 462
72 284
42 58
208 262
105 240
121 344
37 359
184 193
67 499
211 283
127 144
139 484
137 467
445 466
170 408
113 393
231 443
246 298
157 228
20 40
288 338
2 382
147 269
306 475
339 472
435 456
398 479
203 391
260 305
218 463
152 466
118 179
78 469
97 98
8 161
192 317
150 156
147 189
340 388
193 235
154 190
132 342
244 315
144 302
4 147
124 348
60 202
293 362
8 84
306 336
131 142
122 415
98 286
290 309
122 212
273 388
331 406
84 337
14 398
399 427
