268
18 47
47 13
13 18
2 45
45 49
49 8
8 3
3 2
5 57
57 2
2 10
10 5
5 26
26 35
35 23
23 25
25 6
6 43
43 17
17 15
15 5
1 51
51 22
22 14
14 11
11 37
37 4
4 24
24 5
5 33
33 18
18 40
40 20
20 1
5 55
55 7
7 58
58 6
6 29
29 27
27 41
41 15
15 32
32 25
25 57
57 10
10 34
34 5
11 55
55 13
13 48
48 11
1 66
66 11
11 54
54 9
9 53
53 21
21 36
36 12
12 28
28 38
38 18
18 76
76 50
50 5
5 39
39 1
24 42
42 31
31 28
28 70
70 2
2 71
71 25
25 33
33 24
32 30
30 16
16 44
44 24
24 32
63 52
52 30
30 40
40 28
28 48
48 15
15 46
46 41
41 68
68 3
3 81
81 4
4 63
29 35
35 44
44 19
19 29
47 29
29 37
37 71
71 5
5 69
69 13
13 61
61 6
6 75
75 8
8 58
58 15
15 62
62 16
16 46
46 55
55 26
26 47
30 66
66 17
17 62
62 34
34 53
53 30
1 65
65 9
9 106
106 30
30 54
54 35
35 37
37 43
43 12
12 56
56 24
24 64
64 22
22 58
58 21
21 59
59 18
18 51
51 55
55 47
47 72
72 14
14 63
63 33
33 39
39 32
32 60
60 1
5 86
86 3
3 93
93 6
6 73
73 7
7 90
90 21
21 83
83 5
2 95
95 11
11 74
74 9
9 67
67 15
15 89
89 5
5 78
78 2
12 92
92 17
17 69
69 12
13 100
100 3
3 110
110 4
4 87
87 13
2 112
112 13
13 74
74 16
16 73
73 12
12 67
67 27
27 51
51 59
59 39
39 36
36 106
106 49
49 56
56 29
29 63
63 18
18 123
123 7
7 85
85 24
24 58
58 37
37 75
75 14
14 79
79 2
18 85
85 16
16 80
80 28
28 67
67 18
34 70
70 40
40 54
54 66
66 34
58 63
63 91
91 5
5 118
118 8
8 84
84 34
34 76
76 39
39 62
62 36
36 95
95 18
18 65
65 78
78 44
44 38
38 58
22 112
112 26
26 86
86 42
42 58
58 29
29 81
81 22
10 98
98 28
28 82
82 50
50 83
83 22
22 77
77 10
12 98
98 16
16 96
96 12
37 69
69 33
33 87
87 35
35 64
64 38
38 82
82 40
40 86
86 50
50 93
93 39
39 77
77 106
106 84
84 14
14 98
98 67
67 37
70 54
54 74
74 15
15 119
119 4
4 117
117 31
31 45
45 81
81 46
46 58
58 53
53 57
57 43
43 70
37 73
73 63
63 70
70 37
94 35
35 89
89 37
37 105
105 22
22 129
129 12
12 108
108 10
10 94
38 101
101 19
19 97
97 18
18 107
107 6
6 124
124 41
41 82
82 47
47 69
69 48
48 58
58 59
59 53
53 75
75 45
45 32
32 65
65 38
120 23
23 102
102 11
11 132
132 16
16 121
121 17
17 118
118 15
15 120
2 140
140 26
26 132
132 18
18 120
120 6
6 125
125 3
3 153
153 13
13 114
114 43
43 62
62 64
64 55
55 73
73 51
51 61
61 77
77 56
56 107
107 38
38 71
71 95
95 44
44 94
94 2
1 155
155 35
35 99
99 37
37 102
102 28
28 128
128 8
8 134
134 2
2 136
136 1
64 86
86 53
53 72
72 64
117 53
53 88
88 40
40 87
87 57
57 75
75 64
64 96
96 73
73 60
60 58
58 66
66 61
61 71
71 62
62 76
76 80
80 45
45 90
90 46
46 111
111 21
21 117
10 127
127 14
14 103
103 33
33 108
108 32
32 117
117 27
27 97
97 48
48 109
109 19
19 114
114 100
100 20
20 115
115 30
30 116
116 10
10 138
138 4
4 131
131 10
55 89
89 59
59 112
112 36
36 99
99 54
54 85
85 55
22 122
122 55
55 104
104 33
33 115
115 22
5 139
139 23
23 122
122 25
25 121
121 44
44 123
123 45
45 110
110 11
11 134
134 15
15 127
127 20
20 133
133 5
1 167
167 25
25 133
133 32
32 128
128 37
37 121
121 39
39 130
130 33
33 152
152 5
5 137
137 22
22 141
141 4
4 140
140 8
8 143
143 10
10 163
163 1
15 142
142 3
3 145
145 14
14 135
135 15
34 120
120 57
57 116
116 47
47 114
114 66
66 89
89 63
63 74
74 97
97 65
65 69
69 163
163 56
56 115
115 34
137 16
16 151
151 12
12 148
148 2
2 175
175 13
13 162
162 9
9 124
124 54
54 133
133 65
65 109
109 63
63 101
101 40
40 128
128 66
66 139
139 34
34 129
129 30
30 127
127 19
19 164
164 15
15 137
4 167
167 11
11 156
156 6
6 149
149 19
19 153
153 16
16 138
138 21
21 136
136 7
7 126
126 28
28 144
144 4
17 125
125 49
49 123
123 81
81 61
61 98
98 48
48 103
103 24
24 122
122 36
36 145
145 20
20 143
143 23
23 147
147 4
4 170
170 42
42 124
124 17
72 95
95 80
80 113
113 50
50 110
110 91
91 72
68 107
107 58
58 79
79 111
111 72
72 68
8 161
161 23
23 174
174 19
19 177
177 21
21 149
149 67
67 103
103 51
51 82
82 99
99 83
83 68
68 128
128 53
53 118
118 61
61 127
127 43
43 136
136 32
32 138
138 36
36 146
146 7
7 159
159 8
10 206
206 8
8 154
154 10
18 187
187 10
10 208
208 17
17 137
137 18
52 187
187 51
51 108
108 79
79 64
64 87
87 102
102 62
62 98
98 69
69 82
82 60
60 94
94 71
71 105
105 52
134 52
52 120
120 38
38 132
132 29
29 134
23 170
170 49
49 134
134 28
28 159
159 16
16 166
166 23
3 184
184 2
2 196
196 12
12 160
160 3
18 158
158 6
6 182
182 3
3 197
197 23
23 202
202 13
13 179
179 32
32 153
153 20
20 157
157 14
14 148
148 18
27 155
155 50
50 156
156 34
34 148
148 29
29 151
151 26
26 167
167 5
5 168
168 39
39 143
143 27
140 64
64 153
153 36
36 160
160 26
26 166
166 22
22 157
157 27
27 140
72 114
114 69
69 132
132 62
62 129
129 45
45 159
159 31
31 140
140 57
57 121
121 80
80 108
108 78
78 70
70 112
112 72
82 89
89 75
75 88
88 85
85 76
76 97
97 77
77 95
95 87
87 82
70 94
94 82
82 70
59 135
135 55
55 146
146 105
105 74
74 103
103 83
83 120
120 59
1 214
214 36
36 188
188 6
6 178
178 5
5 213
213 7
7 191
191 4
4 172
172 28
28 177
177 59
59 92
92 119
119 70
70 128
128 72
72 117
117 46
46 174
174 25
25 189
189 16
16 176
176 18
18 165
165 1
60 135
135 65
65 134
134 75
75 112
112 137
137 40
40 130
130 60
9 233
233 6
6 223
223 28
28 173
173 31
31 180
180 20
20 158
158 60
60 197
197 9
35 166
166 50
50 164
164 35
35 213
213 15
15 212
212 3
3 193
193 14
14 169
169 35
168 30
30 150
150 71
71 122
122 84
84 172
172 22
22 168
141 40
40 145
145 55
55 166
166 56
56 178
178 25
25 175
175 43
43 143
143 84
84 133
133 69
69 138
138 38
38 141
11 203
203 14
14 195
195 11
1 240
240 21
21 182
182 20
20 184
184 38
38 170
170 46
46 195
195 42
42 215
215 11
11 171
171 40
40 154
154 58
58 141
141 57
57 151
151 33
33 168
168 50
50 167
167 44
44 180
180 35
35 231
231 9
9 186
186 1
90 98
98 97
97 85
85 90
90 112
112 95
95 93
93 90
54 130
130 41
41 126
126 54
52 159
159 57
57 145
145 66
66 140
140 41
41 154
154 67
67 151
151 80
80 126
126 110
110 87
87 117
117 94
94 98
98 149
149 37
37 168
168 44
44 171
171 54
54 147
147 78
78 116
116 89
89 118
118 76
76 88
88 103
103 90
90 128
128 81
81 143
143 52
109 96
96 115
115 99
99 93
93 109
109 108
108 103
103 116
116 115
115 101
101 109
129 104
104 112
112 109
109 98
98 136
136 68
68 166
166 64
64 144
144 85
85 107
107 102
102 125
125 73
73 129
76 131
131 74
74 121
121 76
201 69
69 142
142 86
86 123
123 94
94 134
134 76
76 129
129 63
63 186
186 52
52 201
191 53
53 169
169 37
37 179
179 26
26 191
164 91
91 124
124 61
61 147
147 63
63 182
182 22
22 184
184 31
31 175
175 41
41 181
181 25
25 190
190 27
27 183
183 32
32 191
191 45
45 152
152 65
65 164
1 209
209 8
8 257
257 6
6 238
238 2
2 228
228 20
20 192
192 24
24 176
176 58
58 169
169 57
57 178
178 93
93 140
140 76
76 164
164 62
62 201
201 1
30 208
208 32
32 199
199 30
204 30
30 198
198 12
12 214
214 8
8 210
210 18
18 207
207 22
22 212
212 19
19 224
224 16
16 209
209 23
23 232
232 17
17 227
227 10
10 194
194 27
27 223
223 7
7 228
228 25
25 216
216 46
46 181
181 71
71 165
165 33
33 205
205 5
5 235
235 4
4 204
162 80
80 168
168 61
61 184
184 56
56 170
170 62
62 178
178 59
59 206
206 12
12 210
210 13
13 229
229 7
7 236
236 9
9 235
235 24
24 193
193 35
35 185
185 70
70 139
139 81
81 130
130 98
98 120
120 96
96 156
156 68
68 155
155 47
47 162
154 83
83 111
111 82
82 154
88 132
132 98
98 133
133 138
138 124
124 148
148 73
73 141
141 72
72 135
135 94
94 126
126 99
99 181
181 57
57 170
170 97
97 113
113 88
48 183
183 88
88 114
114 143
143 122
122 96
96 147
147 84
84 174
174 85
85 154
154 48
162 100
100 160
160 48
48 175
175 91
91 213
213 38
38 229
229 28
28 227
227 31
31 192
192 60
60 162
130 96
96 157
157 66
66 146
146 79
79 145
145 98
98 139
139 109
109 114
114 90
90 130
49 198
198 55
55 171
171 84
84 175
175 49
204 34
34 191
191 64
64 186
186 78
78 183
183 49
49 215
215 48
48 177
177 66
66 158
158 76
76 151
151 79
79 173
173 73
73 190
190 33
33 251
251 14
14 220
220 5
5 248
248 2
2 252
252 22
22 222
222 72
72 167
167 82
82 121
121 92
92 123
123 101
101 130
130 89
89 162
162 29
29 204
204 50
50 185
185 37
37 191
191 49
49 207
207 33
33 204
103 113
113 111
111 103
176 61
61 169
169 94
94 152
152 105
105 150
150 90
90 145
145 104
104 136
136 103
103 123
123 117
117 119
119 115
115 125
125 106
106 155
155 160
160 120
120 102
102 139
139 99
99 132
132 92
92 178
178 89
89 153
153 81
81 206
206 66
66 189
189 41
41 176
102 129
129 77
77 169
169 90
90 161
161 104
104 157
157 106
106 130
130 107
107 127
127 118
118 119
119 132
132 101
101 134
134 123
123 131
131 96
96 164
164 95
95 121
121 102
119 142
142 131
131 126
126 117
117 152
152 135
135 119
129 132
132 121
121 129
52 196
196 41
41 194
194 52
204 52
52 195
195 98
98 147
147 129
129 143
143 119
119 178
178 110
110 130
130 108
108 134
134 111
111 140
140 112
112 157
157 107
107 136
136 113
113 144
144 102
102 176
176 47
47 209
209 30
30 232
232 43
43 204
199 47
47 221
221 11
11 238
238 15
15 217
217 57
57 192
192 37
37 199
77 188
188 59
59 194
194 79
79 192
192 76
76 165
165 77
54 193
193 86
86 166
166 96
96 182
182 82
82 168
168 112
112 141
141 162
162 133
133 114
114 128
128 152
152 126
126 159
159 74
74 170
170 63
63 179
179 54
1 234
234 31
31 233
233 28
28 282
282 2
2 255
255 3
3 317
317 9
9 244
244 18
18 239
239 16
16 241
241 15
15 240
240 11
11 226
226 23
23 212
212 32
32 211
211 29
29 202
202 60
60 195
195 61
61 185
185 54
54 191
191 65
65 177
177 77
77 199
199 67
67 204
204 1
42 220
220 39
39 214
214 37
37 203
203 26
26 225
225 78
78 195
195 63
63 171
171 95
95 166
166 103
103 183
183 94
94 170
170 100
100 191
191 56
56 205
205 42
77 220
220 54
54 187
187 70
70 205
205 77
263 18
18 261
261 3
3 263
244 30
30 252
252 12
12 244
247 15
15 244
244 10
10 256
256 7
7 263
263 22
22 253
253 8
8 264
264 26
26 210
210 51
51 207
207 77
77 204
204 71
71 216
216 33
33 232
232 37
37 222
222 42
42 230
230 40
40 219
219 27
27 238
238 13
13 247
217 46
46 223
223 41
41 224
224 27
27 244
244 38
38 217
70 208
208 47
47 210
210 35
35 200
200 59
59 234
234 32
32 241
241 79
79 211
211 64
64 207
207 60
60 253
253 43
43 235
235 48
48 218
218 61
61 197
197 76
76 196
196 86
86 198
198 70
1 259
259 27
27 228
228 60
60 221
221 55
55 202
202 70
70 214
214 56
56 217
217 44
44 246
246 23
23 250
250 33
33 237
237 36
36 233
233 40
40 247
247 1
249 31
31 244
244 39
39 222
222 51
51 219
219 49
49 209
209 50
50 224
224 46
46 254
254 5
5 249
1 269
269 18
18 267
267 12
12 256
256 17
17 263
263 39
39 250
250 44
44 238
238 35
35 232
232 64
64 249
249 1
245 32
32 256
256 28
28 245
233 56
56 255
255 20
20 260
260 19
19 263
263 33
33 268
268 8
8 295
295 14
14 259
259 55
55 233
151 125
125 175
175 85
85 188
188 99
99 153
153 131
131 149
149 115
115 151
115 172
172 101
101 147
147 114
114 137
137 141
141 116
116 139
139 108
108 153
153 115
80 179
179 115
115 166
166 120
120 170
170 151
151 102
102 163
163 83
83 169
169 80
265 10
10 257
257 11
11 248
248 58
58 180
180 84
84 179
179 85
85 177
177 96
96 173
173 80
80 233
233 51
51 245
245 4
4 265
262 28
28 264
264 13
13 274
274 6
6 262
158 119
119 163
163 113
113 161
161 102
102 158
123 158
158 87
87 174
174 128
128 157
157 123
104 177
177 123
123 145
145 124
124 150
150 109
109 176
176 104
184 113
113 171
171 74
74 200
200 85
85 204
204 84
84 184
218 70
70 203
203 62
62 180
180 106
106 192
192 88
88 196
196 109
109 155
155 121
121 136
136 184
184 83
83 201
201 82
82 190
190 104
104 187
187 75
75 193
193 65
65 218
132 139
139 136
136 132
146 142
142 136
136 146
265 19
19 274
274 55
55 268
268 46
46 238
238 47
47 230
230 114
114 186
186 89
89 212
212 73
73 221
221 107
107 188
188 90
90 180
180 87
87 169
169 146
146 139
139 138
138 148
148 132
132 183
183 117
117 187
187 140
140 127
127 130
130 143
143 137
137 165
165 81
81 185
185 92
92 202
202 105
105 218
218 50
50 229
229 45
45 258
258 58
58 262
262 3
3 272
272 21
21 243
243 42
42 228
228 41
41 280
280 11
11 265
1 266
266 25
25 265
265 1
73 234
234 61
61 254
254 65
65 229
229 73
204 106
106 189
189 92
92 212
212 90
90 204
180 100
100 204
204 91
91 190
190 112
112 181
181 128
128 191
191 136
136 166
166 130
130 176
176 120
120 200
200 76
76 208
208 96
96 195
195 95
95 179
179 93
93 180
150 158
158 129
129 150
242 57
57 228
228 126
126 154
154 192
192 115
115 189
189 131
131 168
168 141
141 138
138 165
165 157
157 156
156 150
150 127
127 144
144 122
122 203
203 98
98 207
207 123
123 180
180 97
97 205
205 87
87 211
211 88
88 255
255 73
73 217
217 84
84 220
220 86
86 199
199 81
81 226
226 49
49 240
240 35
35 242
83 217
217 77
77 215
215 75
75 210
210 104
104 193
193 99
99 208
208 83
52 222
222 59
59 247
247 61
61 251
251 83
83 209
209 62
62 219
219 52
37 244
244 52
52 238
238 51
51 241
241 34
34 237
237 37
5 300
300 14
14 302
302 11
11 284
284 18
18 275
275 22
22 278
278 7
7 286
286 23
23 267
267 37
37 242
242 16
16 270
270 5
36 243
243 54
54 237
237 40
40 239
239 36
10 281
281 8
8 291
291 20
20 275
275 34
34 252
252 49
49 239
239 64
64 263
263 36
36 260
260 31
31 279
279 10
60 264
264 39
39 279
279 32
32 285
285 43
43 257
257 51
51 239
239 60
1 305
305 60
60 256
256 35
35 271
271 17
17 283
283 27
27 272
272 33
33 265
265 28
28 288
288 13
13 294
294 23
23 291
291 10
10 276
276 6
6 277
277 5
5 292
292 1
69 224
224 86
86 256
256 61
61 269
269 15
15 301
301 4
4 266
266 38
38 270
270 49
49 261
261 64
64 253
253 66
66 219
219 69
102 195
195 113
113 197
197 89
89 194
194 102
93 196
196 92
92 221
221 102
102 174
174 129
129 175
175 166
166 149
149 162
162 145
145 169
169 125
125 153
153 122
122 185
185 93
225 93
93 222
222 88
88 214
214 81
81 224
224 74
74 216
216 80
80 225
144 175
175 132
132 159
159 167
167 147
147 142
142 154
154 148
148 144
178 148
148 168
168 144
144 164
164 124
124 178
206 99
99 215
215 145
145 178
178 121
121 216
216 96
96 239
239 92
92 225
225 50
50 242
242 68
68 241
241 82
82 206
223 71
71 227
227 90
90 242
242 76
76 236
236 67
67 223
287 18
18 314
314 3
3 287
12 287
287 34
34 277
277 17
17 300
300 23
23 297
297 33
33 282
282 45
45 244
244 72
72 228
228 107
107 223
223 99
99 234
234 75
75 219
219 89
89 199
199 95
95 212
212 94
94 206
206 91
91 250
250 70
70 295
295 47
47 259
259 40
40 281
281 12
1 364
364 53
53 259
259 57
57 287
287 22
22 283
283 19
19 303
303 4
4 311
311 12
12 290
290 29
29 274
274 66
66 284
284 69
69 265
265 35
35 306
306 1
5 356
356 12
12 313
313 6
6 299
299 5
74 229
229 78
78 251
251 98
98 211
211 112
112 235
235 81
81 227
227 74
8 296
296 17
17 304
304 55
55 276
276 36
36 271
271 50
50 243
243 68
68 253
253 70
70 288
288 48
48 258
258 74
74 266
266 28
28 309
309 5
5 289
289 8
13 322
322 26
26 301
301 16
16 298
298 22
22 289
289 25
25 303
303 23
23 305
305 28
28 273
273 21
21 311
311 7
7 308
308 18
18 293
293 43
43 286
286 15
15 310
310 13
189 135
135 161
161 138
138 163
163 167
167 162
162 155
155 172
172 134
134 159
159 156
156 173
173 127
127 189
185 146
146 189
189 147
147 184
184 143
143 171
171 116
116 177
177 125
125 185
95 241
241 87
87 210
210 117
117 188
188 142
142 222
222 113
113 196
196 108
108 174
174 103
103 204
204 115
115 201
201 109
109 207
207 116
116 194
194 100
100 182
182 185
185 124
124 180
180 141
141 202
202 95
86 251
251 80
80 253
253 82
82 257
257 67
67 254
254 63
63 243
243 89
89 229
229 119
119 181
181 139
139 177
177 144
144 217
217 110
110 193
193 122
122 200
200 127
127 203
203 147
147 247
247 95
95 255
255 114
114 249
249 85
85 240
240 86
2 332
332 54
54 267
267 84
84 228
228 88
88 224
224 105
105 208
208 155
155 210
210 108
108 212
212 100
100 234
234 128
128 187
187 150
150 182
182 144
144 193
193 169
169 152
152 168
168 160
160 164
164 167
167 180
180 130
130 186
186 132
132 190
190 111
111 243
243 77
77 237
237 81
81 244
244 86
86 232
232 71
71 238
238 56
56 248
248 52
52 260
260 62
62 273
273 40
40 282
282 35
35 314
314 23
23 313
313 13
13 318
318 4
4 326
326 2
1 320
320 9
9 337
337 2
2 312
312 8
8 315
315 1
271 52
52 313
313 36
36 305
305 30
30 275
275 24
24 299
299 31
31 274
274 72
72 267
267 77
77 280
280 56
56 259
259 81
81 248
248 71
71 252
252 41
41 282
282 46
46 271
214 101
101 229
229 94
94 214
228 113
113 227
227 116
116 220
220 101
101 230
230 105
105 228
303 34
34 308
308 32
32 303
236 96
96 242
242 102
102 250
250 94
94 246
246 79
79 261
261 80
80 258
258 68
68 303
303 42
42 297
297 37
37 274
274 64
64 270
270 83
83 288
288 130
130 195
195 120
120 204
204 161
161 156
156 217
217 169
169 200
200 135
135 216
216 183
183 144
144 194
194 158
158 186
186 149
149 181
181 178
178 184
184 148
148 228
228 93
93 238
238 106
106 224
224 123
123 248
248 90
90 236
87 245
245 116
116 236
236 126
126 235
235 115
115 214
214 100
100 244
244 87
151 175
175 152
152 171
171 151
151 208
208 122
122 199
199 167
167 182
182 151
195 162
162 170
170 181
181 209
209 143
143 188
188 133
133 220
220 121
121 233
233 103
103 219
219 109
109 218
218 108
108 213
213 151
151 195
263 113
113 230
230 121
121 236
236 152
152 188
188 180
180 177
177 195
195 131
131 258
258 101
101 252
252 98
98 259
259 68
68 274
274 97
97 242
242 128
128 237
237 88
88 232
232 99
99 240
240 93
93 263
41 308
308 71
71 254
254 102
102 263
263 81
81 266
266 85
85 298
298 43
43 305
305 41
318 67
67 272
272 50
50 285
285 39
39 331
331 4
4 321
321 19
19 326
326 15
15 312
312 10
10 307
307 41
41 275
275 87
87 271
271 51
51 301
301 33
33 318
37 306
306 44
44 304
304 21
21 353
353 8
8 329
329 6
6 330
330 31
31 302
302 37
316 21
21 315
315 37
37 318
318 18
18 341
341 14
14 316
1 328
328 16
16 316
316 1
35 294
294 20
20 296
296 52
52 289
289 35
333 10
10 362
362 15
15 327
327 37
37 323
323 7
7 333
35 333
333 17
17 317
317 35
336 35
35 334
334 6
6 336
336 13
13 321
321 5
5 339
339 3
3 320
320 56
56 301
301 52
52 305
305 50
50 281
281 63
63 293
293 68
68 316
316 22
22 328
328 7
7 336
291 25
25 325
325 26
26 342
342 19
19 343
343 24
24 291
20 327
327 33
33 321
321 18
18 330
330 40
40 309
309 57
57 268
268 70
70 273
273 82
82 269
269 90
90 265
265 73
73 296
296 39
39 290
290 66
66 289
289 64
64 283
283 45
45 319
319 46
46 306
306 60
60 314
314 48
48 291
291 29
29 300
300 20
61 264
264 65
65 262
262 61
291 82
82 279
279 74
74 325
325 29
29 312
312 55
55 307
307 59
59 260
260 75
75 287
287 65
65 299
299 62
62 314
314 64
64 291
212 134
134 206
206 146
146 197
197 120
120 218
218 122
122 212
138 212
212 127
127 221
221 129
129 198
198 176
176 165
165 196
196 138
234 108
108 259
259 100
100 215
215 138
138 190
190 191
191 178
178 192
192 170
170 171
171 164
164 210
210 167
167 219
219 140
140 237
237 133
133 238
238 105
105 234
117 250
250 136
136 244
244 104
104 240
240 117
179 175
175 186
186 171
171 174
174 156
156 179
126 249
249 129
129 223
223 124
124 225
225 163
163 193
193 188
188 173
173 157
157 203
203 174
174 182
182 179
179 118
118 246
246 105
105 240
240 126
208 193
193 184
184 182
182 186
186 201
201 137
137 235
235 135
135 205
205 170
170 210
210 175
175 206
206 158
158 208
150 205
205 187
187 166
166 211
211 172
172 194
194 150
111 267
267 93
93 272
272 85
85 270
270 89
89 261
261 88
88 245
245 146
146 215
215 148
148 212
212 150
150 197
197 178
178 208
208 159
159 250
250 120
120 246
246 126
126 243
243 117
117 226
226 122
122 234
234 111
38 323
323 48
48 337
337 59
59 329
329 23
23 324
324 50
50 311
311 63
63 301
301 75
75 274
274 91
91 265
265 106
106 251
251 105
105 263
263 111
111 252
252 121
121 254
254 86
86 291
291 61
61 282
282 73
73 284
284 72
72 300
300 38
336 38
38 294
294 68
68 310
310 30
30 330
330 20
20 336
338 35
35 344
344 28
28 320
320 32
32 338
2 354
354 43
43 322
322 18
18 347
347 21
21 343
343 37
37 338
338 40
40 349
349 2
29 347
347 20
20 390
390 7
7 365
365 16
16 382
382 2
2 392
392 38
38 340
340 13
13 339
339 9
9 346
346 10
10 351
351 4
4 345
345 29
346 40
40 355
355 17
17 350
350 9
9 345
345 13
13 346
336 30
30 360
360 28
28 350
350 22
22 346
346 29
29 326
326 27
27 335
335 73
73 309
309 49
49 278
278 87
87 294
294 69
69 306
306 65
65 324
324 36
36 315
315 25
25 336
10 383
383 16
16 376
376 11
11 374
374 6
6 381
381 21
21 351
351 37
37 347
347 31
31 352
352 10
357 17
17 361
361 3
3 354
354 8
8 363
363 10
10 357
36 345
345 24
24 387
387 3
3 393
393 2
2 401
401 55
55 348
348 13
13 366
366 25
25 332
332 32
32 372
372 22
22 354
354 45
45 339
339 46
46 320
320 52
52 333
333 36
80 282
282 76
76 264
264 80
128 262
262 92
92 273
273 89
89 276
276 78
78 268
268 96
96 265
265 122
122 233
233 138
138 220
220 139
139 272
272 112
112 231
231 109
109 240
240 127
127 249
249 128
41 330
330 48
48 341
341 65
65 351
351 24
24 362
362 29
29 361
361 30
30 342
342 112
112 278
278 85
85 282
282 87
87 293
293 79
79 260
260 101
101 261
261 128
128 253
253 105
105 271
271 100
100 286
286 98
98 283
283 95
95 266
266 94
94 274
274 80
80 292
292 74
74 303
303 77
77 301
301 70
70 297
297 61
61 321
321 41
241 135
135 245
245 115
115 241
232 150
150 213
213 134
134 232
261 143
143 232
232 141
141 249
249 135
135 242
242 123
123 230
230 149
149 235
235 181
181 197
197 153
153 154
154 204
204 132
132 241
241 99
99 273
273 126
126 261
270 116
116 256
256 131
131 261
261 105
105 270
162 218
218 194
194 177
177 238
238 148
148 216
216 162
239 162
162 235
235 179
179 196
196 171
171 212
212 198
198 180
180 208
208 214
214 155
155 239
282 127
127 266
266 108
108 257
257 141
141 234
234 163
163 239
239 110
110 270
270 120
120 260
260 86
86 282
323 63
63 322
322 83
83 277
277 109
109 273
273 122
122 282
282 92
92 335
335 41
41 323
305 90
90 275
275 51
51 290
290 102
102 265
265 110
110 255
255 123
123 285
285 80
80 332
332 64
64 330
330 58
58 305
52 349
349 49
49 320
320 90
90 321
321 72
72 305
305 62
62 323
323 52
37 375
375 26
26 358
358 9
9 363
363 52
52 334
334 44
44 345
345 50
50 352
352 36
36 359
359 37
378 35
35 363
363 15
15 378
326 57
57 320
320 87
87 291
291 97
97 281
281 51
51 326
81 301
301 95
95 288
288 89
89 291
291 96
96 308
308 70
70 316
316 93
93 275
275 117
117 251
251 124
124 264
264 81
79 330
330 71
71 315
315 79
82 330
330 102
102 322
322 75
75 318
318 79
79 309
309 82
336 61
61 340
340 82
82 297
297 86
86 268
268 81
81 326
326 47
47 342
342 32
32 378
378 6
6 384
384 12
12 370
370 37
37 357
357 27
27 336
39 360
360 67
67 353
353 44
44 354
354 39
234 160
160 217
217 157
157 224
224 156
156 204
204 199
199 168
168 213
213 158
158 234
225 164
164 220
220 175
175 216
216 154
154 190
190 234
234 155
155 225
229 161
161 222
222 172
172 242
242 140
140 256
256 138
138 236
236 164
164 253
253 139
139 233
233 191
191 226
226 156
156 225
225 145
145 229
274 134
134 265
265 118
118 257
257 129
129 260
260 131
131 263
263 107
107 274
207 178
178 203
203 190
190 202
202 144
144 241
241 133
133 240
240 142
142 227
227 157
157 228
228 205
205 188
188 223
223 182
182 196
196 197
197 239
239 165
165 274
274 119
119 251
251 125
125 207
60 355
355 64
64 334
334 96
96 318
318 92
92 324
324 76
76 290
290 134
134 297
297 91
91 279
279 94
94 291
291 107
107 314
314 159
159 260
260 140
140 262
262 131
131 269
269 144
144 207
207 147
147 229
229 132
132 252
252 115
115 271
271 111
111 299
299 69
69 313
313 60
227 208
208 195
195 228
228 173
173 237
237 185
185 217
217 171
171 258
258 137
137 243
243 145
145 227
302 95
95 326
326 92
92 331
331 56
56 347
347 74
74 302
81 290
290 115
115 284
284 111
111 283
283 104
104 302
302 130
130 316
316 110
110 329
329 69
69 304
304 116
116 292
292 132
132 255
255 135
135 279
279 103
103 288
288 183
183 229
229 166
166 218
218 168
168 227
227 151
151 245
245 148
148 244
244 160
160 268
268 113
113 289
289 81
88 305
305 81
81 309
309 91
91 301
301 88
365 44
44 372
372 36
36 370
370 53
53 366
366 20
20 394
394 22
22 388
388 17
17 368
368 34
34 312
312 66
66 307
307 88
88 355
355 65
65 352
352 62
62 345
345 78
78 313
313 84
84 320
320 60
60 341
341 59
59 382
382 39
39 365
312 103
103 286
286 109
109 296
296 94
94 310
310 97
97 312
356 48
48 338
338 122
122 288
288 111
111 312
312 104
104 294
294 105
105 305
305 108
108 327
327 76
76 344
344 47
47 365
365 8
8 384
384 14
14 371
371 25
25 431
431 4
4 369
369 18
18 356
23 402
402 42
42 370
370 41
41 343
343 23
371 19
19 364
364 9
9 384
384 18
18 371
1 391
391 14
14 428
428 20
20 369
369 47
47 357
357 43
43 370
370 51
51 358
358 46
46 371
371 15
15 374
374 27
27 367
367 23
23 405
405 31
31 356
356 33
33 336
336 1
385 16
16 389
389 6
6 386
386 11
11 377
377 37
37 379
379 49
49 419
419 17
17 406
406 15
15 385
342 59
59 388
388 47
47 392
392 13
13 373
373 5
5 380
380 48
48 363
363 43
43 369
369 74
74 353
353 73
73 348
348 57
57 342
100 301
301 105
105 306
306 119
119 328
328 101
101 295
295 106
106 276
276 100
186 209
209 222
222 221
221 154
154 295
295 126
126 283
283 114
114 278
278 144
144 288
288 123
123 273
273 148
148 246
246 165
165 290
290 120
120 291
291 100
100 281
281 164
164 243
243 162
162 268
268 200
200 192
192 189
189 186
215 217
217 188
188 209
209 216
216 189
189 211
211 202
202 218
218 167
167 215
251 136
136 273
273 140
140 275
275 124
124 259
259 155
155 255
255 145
145 303
303 133
133 251
227 216
216 222
222 214
214 239
239 209
209 244
244 196
196 227
156 252
252 227
227 169
169 225
225 171
171 251
251 156
248 165
165 254
254 163
163 256
256 156
156 248
147 269
269 141
141 282
282 142
142 257
257 139
139 261
261 146
146 249
249 147
230 172
172 240
240 153
153 263
263 138
138 283
283 162
162 249
249 165
165 280
280 147
147 270
270 151
151 230
173 259
259 178
178 230
230 173
224 239
239 219
219 195
195 231
231 173
173 248
248 174
174 215
215 186
186 224
180 259
259 189
189 229
229 199
199 228
228 213
213 224
224 180
180 247
247 149
149 236
236 166
166 257
257 152
152 241
241 201
201 211
211 190
190 210
210 203
203 229
229 194
194 232
232 168
168 253
253 197
197 206
206 207
207 187
187 235
235 170
170 225
225 175
175 237
237 191
191 234
234 214
214 230
230 180
8 443
443 23
23 406
406 46
46 359
359 54
54 369
369 59
59 349
349 83
83 333
333 94
94 313
313 100
100 315
315 85
85 300
300 150
150 236
236 180
180 337
337 84
84 339
339 72
72 342
342 63
63 340
340 95
95 336
336 81
81 368
368 32
32 385
385 18
18 415
415 8
33 377
377 45
45 361
361 33
396 11
11 437
437 43
43 390
390 33
33 362
362 70
70 349
349 69
69 341
341 72
72 345
345 86
86 298
298 99
99 287
287 109
109 306
306 114
114 319
319 97
97 355
355 95
95 367
367 30
30 426
426 8
8 396
1 416
416 9
9 396
396 1
53 392
392 54
54 363
363 61
61 350
350 71
71 356
356 58
58 374
374 53
16 420
420 36
36 381
381 19
19 398
398 14
14 395
395 7
7 404
404 21
21 391
391 24
24 384
384 30
30 424
424 6
6 441
441 9
9 417
417 11
11 411
411 12
12 410
410 27
27 401
401 16
41 413
413 47
47 411
411 22
22 414
414 31
31 410
410 16
16 427
427 3
3 407
407 26
26 386
386 25
25 394
394 53
53 379
379 67
67 389
389 41
397 25
25 393
393 37
37 381
381 56
56 366
366 77
77 311
311 107
107 301
301 115
115 298
298 117
117 349
349 86
86 364
364 52
52 395
395 29
29 415
415 61
61 391
391 41
41 402
402 57
57 406
406 35
35 434
434 10
10 397
403 30
30 407
407 37
37 399
399 24
24 403
203 233
233 187
187 225
225 210
210 212
212 238
238 184
184 220
220 195
195 232
232 203
236 237
237 186
186 236
249 214
214 236
236 173
173 249
188 274
274 194
194 252
252 188
281 139
139 302
302 124
124 285
285 188
188 249
249 172
172 258
258 184
184 251
251 220
220 190
190 253
253 206
206 243
243 203
203 211
211 247
247 185
185 255
255 179
179 240
240 181
181 265
265 136
136 281
264 138
138 266
266 128
128 264
286 128
128 277
277 153
153 261
261 156
156 293
293 127
127 286
135 286
286 121
121 305
305 118
118 292
292 123
123 289
289 131
131 264
264 149
149 281
281 129
129 278
278 135
320 118
118 335
335 96
96 354
354 79
79 348
348 94
94 353
353 80
80 379
379 66
66 400
400 44
44 373
373 91
91 320
304 128
128 322
322 124
124 304
191 280
280 167
167 270
270 174
174 250
250 185
185 265
265 191
272 191
191 263
263 165
165 272
277 151
151 282
282 169
169 279
279 138
138 276
276 156
156 273
273 155
155 285
285 172
172 272
272 170
170 271
271 187
187 281
281 168
168 275
275 157
157 286
286 136
136 278
278 148
148 277
254 199
199 246
246 192
192 254
208 243
243 210
210 234
234 208
292 154
154 264
264 146
146 262
262 208
208 233
233 235
235 193
193 254
254 166
166 256
256 176
176 242
242 190
190 225
225 221
221 224
224 229
229 261
261 196
196 277
277 195
195 245
245 160
160 304
304 126
126 326
326 97
97 320
320 120
120 292
134 320
320 104
104 317
317 93
93 379
379 137
137 296
296 136
136 292
292 135
135 312
312 117
117 315
315 140
140 291
291 134
90 347
347 81
81 341
341 88
88 325
325 90
325 117
117 342
342 84
84 378
378 68
68 383
383 95
95 364
364 92
92 345
345 102
102 361
361 76
76 340
340 103
103 333
333 104
104 325
313 108
108 311
311 121
121 331
331 133
133 325
325 107
107 313
75 343
343 96
96 338
338 75
144 294
294 146
146 347
347 107
107 339
339 93
93 365
365 75
75 382
382 65
65 387
387 50
50 359
359 72
72 346
346 117
117 329
329 175
175 256
256 180
180 241
241 161
161 282
282 163
163 291
291 144
202 241
241 215
215 230
230 234
234 212
212 223
223 202
260 213
213 233
233 251
251 207
207 228
228 216
216 246
246 202
202 258
258 173
173 257
257 190
190 260
181 272
272 210
210 260
260 181
287 181
181 266
266 145
145 310
310 161
161 289
289 163
163 285
285 157
157 287
134 327
327 127
127 299
299 138
138 322
322 141
141 296
296 153
153 278
278 170
170 285
285 166
166 276
276 174
174 287
287 139
139 292
292 143
143 326
326 129
129 311
311 151
151 302
302 144
144 308
308 128
128 315
315 154
154 340
340 98
98 307
307 111
111 313
313 106
106 334
334 118
118 350
350 90
90 363
363 109
109 309
309 134
380 71
71 359
359 69
69 371
371 76
76 385
385 51
51 380
86 359
359 83
83 373
373 58
58 380
380 40
40 376
376 81
81 360
360 63
63 377
377 85
85 346
346 84
84 358
358 97
97 341
341 153
153 302
302 162
162 319
319 139
139 306
306 130
130 315
315 134
134 351
351 86
5 440
440 19
19 408
408 63
63 366
366 86
86 407
407 53
53 402
402 55
55 421
421 47
47 415
415 34
34 403
403 18
18 397
397 5
412 32
32 386
386 28
28 444
444 8
8 433
433 7
7 470
470 15
15 412
5 445
445 11
11 418
418 27
27 440
440 7
7 459
459 6
6 432
432 41
41 394
394 50
50 399
399 60
60 402
402 62
62 374
374 92
92 380
380 75
75 375
375 59
59 395
395 58
58 381
381 105
105 332
332 99
99 321
321 116
116 314
314 147
147 312
312 142
142 313
313 114
114 384
384 70
70 417
417 18
18 412
412 56
56 396
396 29
29 404
404 24
24 414
414 26
26 409
409 5
449 7
7 446
446 3
3 449
356 93
93 360
360 110
110 357
357 99
99 346
346 96
96 362
362 73
73 356
39 408
408 45
45 405
405 29
29 401
401 39
422 32
32 424
424 39
39 425
425 38
38 416
416 44
44 409
409 65
65 413
413 92
92 385
385 79
79 366
366 78
78 356
356 103
103 373
373 115
115 348
348 87
87 359
359 98
98 355
355 107
107 377
377 64
64 399
399 51
51 418
418 49
49 433
433 25
25 412
412 42
42 420
420 17
17 429
429 13
13 456
456 10
10 461
461 8
8 449
449 21
21 430
430 22
22 422
14 443
443 37
37 453
453 25
25 491
491 4
4 473
473 34
34 436
436 46
46 422
422 27
27 439
439 14
410 63
63 452
452 19
19 467
467 14
14 441
441 40
40 410
381 81
81 387
387 88
88 415
415 53
53 409
409 50
50 408
408 64
64 381
381 76
76 394
394 54
54 416
416 68
68 393
393 113
113 345
345 100
100 321
321 150
150 311
311 145
145 301
301 123
123 307
307 136
136 300
300 89
89 356
356 106
106 367
367 103
103 364
364 122
122 343
343 126
126 376
376 52
52 386
386 69
69 381
35 428
428 48
48 390
390 88
88 408
408 62
62 418
418 53
53 442
442 71
71 386
386 87
87 358
358 119
119 361
361 106
106 372
372 80
80 381
381 74
74 391
391 67
67 388
388 73
73 399
399 96
96 370
370 82
82 374
374 97
97 362
362 133
133 369
369 83
83 401
401 59
59 411
411 58
58 410
410 35
455 24
24 427
427 42
42 430
430 35
35 448
448 9
9 455
11 471
471 2
2 460
460 19
19 456
456 35
35 435
435 32
32 450
450 59
59 447
447 33
33 424
424 52
52 441
441 22
22 446
446 16
16 455
455 11
177 279
279 276
276 177
142 334
334 135
135 324
324 140
140 327
327 138
138 305
305 131
131 299
299 168
168 286
286 169
169 297
297 152
152 303
303 195
195 278
278 177
177 320
320 142
323 142
142 316
316 134
134 353
353 112
112 356
356 121
121 344
344 89
89 352
352 108
108 323
181 352
352 90
90 375
375 101
101 341
341 179
179 319
319 171
171 291
291 174
174 305
305 177
177 283
283 148
148 298
298 160
160 316
316 143
143 307
307 130
130 332
332 114
114 338
338 124
124 333
333 134
134 323
323 128
128 317
317 181
192 284
284 148
148 330
330 138
138 328
328 125
125 354
354 108
108 359
359 118
118 348
348 123
123 336
336 154
154 329
329 140
140 344
344 145
145 314
314 149
149 296
296 198
198 266
266 182
182 259
259 192
256 217
217 241
241 232
232 211
211 269
269 207
207 256
252 218
218 245
245 254
254 249
249 223
223 257
257 186
186 242
242 241
241 248
248 209
209 256
256 215
215 250
250 204
204 252
224 233
233 222
222 253
253 219
219 260
260 221
221 231
231 226
226 246
246 241
241 255
255 225
225 224
262 197
197 319
319 196
196 278
278 203
203 259
259 224
224 242
242 235
235 243
243 211
211 252
252 205
205 268
268 189
189 267
267 192
192 262
160 303
303 157
157 298
298 155
155 300
300 168
168 325
325 146
146 323
323 159
159 321
321 194
194 302
302 160
419 67
67 403
403 73
73 393
393 83
83 388
388 97
97 402
402 80
80 396
396 75
75 437
437 42
42 450
450 33
33 487
487 26
26 438
438 28
28 397
397 77
77 383
383 78
78 400
400 70
70 395
395 81
81 399
399 95
95 387
387 85
85 382
382 98
98 360
360 111
111 318
318 160
160 301
301 199
199 284
284 205
205 263
263 216
216 262
262 178
178 264
264 158
158 294
294 163
163 334
334 181
181 289
289 166
166 374
374 94
94 413
413 91
91 420
420 63
63 424
424 50
50 427
427 60
60 419
458 20
20 459
459 41
41 453
453 57
57 427
427 65
65 419
419 61
61 434
434 58
58 429
429 29
29 463
463 10
10 483
483 9
9 474
474 13
13 432
432 36
36 446
446 43
43 444
444 37
37 466
466 3
3 458
432 69
69 412
412 62
62 436
436 44
44 432
5 454
454 25
25 472
472 36
36 439
439 58
58 435
435 52
52 432
432 48
48 480
480 33
33 456
456 28
28 455
455 21
21 458
458 11
11 451
451 5
451 43
43 454
454 48
48 455
455 29
29 451
261 242
242 233
233 261
271 252
252 212
212 244
244 261
261 255
255 260
260 223
223 250
250 231
231 247
247 234
234 264
264 184
184 273
273 222
222 240
240 271
156 314
314 162
162 307
307 157
157 332
332 173
173 270
270 192
192 279
279 189
189 273
273 271
271 207
207 296
296 156
342 156
156 300
300 158
158 323
323 149
149 338
338 132
132 342
354 140
140 348
348 124
124 356
356 159
159 328
328 169
169 324
324 143
143 342
342 153
153 343
343 136
136 341
341 125
125 349
349 128
128 355
355 126
126 354
333 151
151 326
326 164
164 306
306 144
144 317
317 152
152 360
360 129
129 354
354 130
130 333
116 363
363 102
102 346
346 120
120 350
350 131
131 333
333 127
127 367
367 148
148 339
339 138
138 345
345 116
393 116
116 371
371 100
100 393
120 361
361 124
124 357
357 120
373 123
123 372
372 120
120 373
31 481
481 3
3 475
475 12
12 486
486 29
29 478
478 32
32 440
440 51
51 438
438 46
46 448
448 54
54 397
397 82
82 400
400 93
93 358
358 128
128 377
377 126
126 373
373 112
112 393
393 98
98 426
426 68
68 466
466 52
52 451
451 42
42 459
459 35
35 460
460 31
386 100
100 403
403 74
74 386
356 140
140 359
359 121
121 391
391 103
103 380
380 125
125 356
362 136
136 356
356 143
143 355
355 138
138 353
353 155
155 341
341 146
146 366
366 104
104 388
388 124
124 386
386 128
128 362
362 141
141 335
335 139
139 362
288 180
180 304
304 170
170 288
167 299
299 165
165 292
292 167
193 282
282 201
201 266
266 211
211 286
286 205
205 305
305 183
183 295
295 172
172 310
310 167
167 338
338 213
213 294
294 184
184 287
287 206
206 277
277 220
220 258
258 215
215 279
279 217
217 259
259 227
227 288
288 176
176 275
275 185
185 272
272 193
99 404
404 94
94 375
375 146
146 371
371 133
133 365
365 109
109 381
381 147
147 348
348 169
169 338
338 168
168 343
343 163
163 300
300 184
184 299
299 187
187 297
297 180
180 312
312 193
193 362
362 99
86 395
395 78
78 390
390 120
120 375
375 115
115 387
387 109
109 383
383 86
412 121
121 378
378 110
110 383
383 115
115 390
390 86
86 397
397 84
84 412
60 445
445 70
70 442
442 86
86 399
399 88
88 407
407 102
102 389
389 87
87 406
406 73
73 405
405 98
98 412
412 99
99 409
409 66
66 428
428 60
22 470
470 47
47 443
443 50
50 462
462 30
30 467
467 22
15 488
488 22
22 449
449 46
46 469
469 7
7 484
484 39
39 439
439 100
100 419
419 72
72 398
398 101
101 401
401 84
84 432
432 60
60 461
461 35
35 472
472 48
48 456
456 42
42 478
478 36
36 474
474 14
14 486
486 31
31 473
473 15
10 490
490 18
18 485
485 2
2 482
482 37
37 457
457 51
51 473
473 40
40 468
468 42
42 463
463 86
86 462
462 53
53 454
454 45
45 414
414 62
62 422
422 115
115 388
388 137
137 384
384 146
146 392
392 105
105 404
404 104
104 398
398 76
76 429
429 73
73 430
430 72
72 444
444 58
58 464
464 11
11 484
484 15
15 476
476 20
20 477
477 10
496 27
27 476
476 48
48 497
497 10
10 494
494 5
5 496
30 471
471 23
23 470
470 30
173 380
380 134
134 336
336 149
149 351
351 154
154 359
359 173
150 346
346 145
145 367
367 136
136 381
381 173
173 342
342 150
55 441
441 95
95 406
406 98
98 422
422 74
74 416
416 55
55 478
478 50
50 446
446 58
58 448
448 55
335 180
180 300
300 186
186 293
293 189
189 289
289 202
202 273
273 192
192 304
304 188
188 325
325 176
176 290
290 182
182 350
350 166
166 323
323 178
178 335
311 183
183 352
352 187
187 301
301 165
165 311
207 299
299 197
197 291
291 182
182 315
315 144
144 345
345 163
163 346
346 195
195 351
351 151
151 353
353 172
172 311
311 157
157 354
354 178
178 333
333 142
142 365
365 196
196 335
335 220
220 284
284 207
312 200
200 274
274 192
192 314
314 177
177 313
313 174
174 298
298 185
185 312
235 246
246 237
237 279
279 222
222 281
281 190
190 265
265 250
250 226
226 244
244 235
259 237
237 251
251 245
245 229
229 296
296 223
223 278
278 225
225 259
267 229
229 274
274 216
216 273
273 209
209 267
239 274
274 241
241 289
289 210
210 291
291 216
216 280
280 267
267 230
230 253
253 231
231 258
258 243
243 247
247 261
261 259
259 235
235 343
343 181
181 344
344 220
220 337
337 184
184 321
321 205
205 314
314 203
203 308
308 212
212 293
293 208
208 292
292 201
201 290
290 236
236 262
262 239
283 222
222 293
293 224
224 269
269 214
214 291
291 217
217 304
304 211
211 283
207 341
341 162
162 327
327 157
157 347
347 234
234 257
257 233
233 273
273 221
221 283
283 215
215 275
275 259
259 294
294 229
229 287
287 204
204 309
309 189
189 316
316 165
165 330
330 176
176 328
328 239
239 268
268 263
263 218
218 312
312 188
188 317
317 207
105 399
399 119
119 383
383 133
133 372
372 136
136 378
378 123
123 404
404 166
166 355
355 161
161 331
331 167
167 347
347 207
207 357
357 127
127 385
385 117
117 395
395 105
431 74
74 436
436 85
85 411
411 116
116 401
401 105
105 400
400 103
103 454
454 55
55 455
455 59
59 467
467 44
44 460
460 38
38 431
486 37
37 490
490 63
63 476
476 43
43 459
459 73
73 441
441 99
99 452
452 67
67 431
431 72
72 451
451 81
81 396
396 150
150 368
368 90
90 477
477 47
47 475
475 30
30 489
489 28
28 486
45 474
474 56
56 468
468 45
496 34
34 488
488 50
50 479
479 65
65 470
470 45
45 459
459 57
57 455
455 66
66 418
418 102
102 425
425 76
76 431
431 84
84 427
427 61
61 423
423 83
83 466
466 73
73 486
486 33
33 496
405 97
97 427
427 94
94 405
78 424
424 98
98 413
413 122
122 403
403 128
128 390
390 136
136 382
382 107
107 402
402 103
103 405
405 75
75 416
416 96
96 418
418 78
446 76
76 441
441 77
77 416
416 87
87 436
436 89
89 397
397 106
106 435
435 74
74 453
453 70
70 457
457 62
62 446
75 475
475 67
67 467
467 64
64 458
458 61
61 474
474 46
46 482
482 21
21 484
484 55
55 460
460 72
72 448
448 75
417 87
87 434
434 83
83 457
457 75
75 417
88 430
430 97
97 436
436 91
91 417
417 88
322 186
186 313
313 201
201 315
315 189
189 329
329 188
188 318
318 185
185 322
177 327
327 193
193 313
313 227
227 290
290 221
221 275
275 233
233 285
285 192
192 322
322 177
331 177
177 326
326 199
199 346
346 170
170 331
135 361
361 177
177 339
339 171
171 331
331 164
164 373
373 139
139 349
349 135
375 157
157 381
381 151
151 369
369 138
138 386
386 130
130 398
398 146
146 393
393 134
134 397
397 110
110 414
414 103
103 426
426 115
115 427
427 123
123 406
406 104
104 412
412 126
126 383
383 135
135 370
370 143
143 379
379 148
148 371
371 156
156 378
378 145
145 375
108 405
405 148
148 382
382 161
161 385
385 141
141 376
376 181
181 375
375 127
127 403
403 140
140 444
444 88
88 411
411 113
113 402
402 108
108 413
413 140
140 407
407 120
120 408
408 124
124 389
389 158
158 384
384 181
181 383
383 143
143 400
400 117
117 399
399 109
109 412
412 108
423 109
109 411
411 106
106 419
419 108
108 446
446 90
90 423
256 232
232 272
272 277
277 249
249 265
265 237
237 269
269 235
235 275
275 258
258 264
264 254
254 253
253 248
248 278
278 228
228 256
204 310
310 236
236 292
292 222
222 299
299 232
232 270
270 257
257 253
253 282
282 231
231 298
298 214
214 319
319 210
210 295
295 235
235 273
273 250
250 268
268 256
256 244
244 284
284 238
238 291
291 226
226 316
316 217
217 311
311 182
182 300
300 197
197 303
303 204
336 190
190 325
325 192
192 317
317 206
206 310
310 212
212 315
315 204
204 318
318 203
203 328
328 185
185 327
327 194
194 345
345 184
184 369
369 154
154 366
366 164
164 336
165 367
367 185
185 354
354 165
78 469
469 82
82 440
440 83
83 450
450 100
100 448
448 95
95 447
447 96
96 441
441 84
84 438
438 85
85 473
473 70
70 483
483 87
87 421
421 177
177 368
368 165
165 332
332 199
199 365
365 171
171 388
388 141
141 406
406 144
144 377
377 132
132 408
408 135
135 396
396 107
107 442
442 92
92 417
417 93
93 416
416 105
105 415
415 156
156 400
400 145
145 386
386 154
154 402
402 170
170 381
381 168
168 353
353 174
174 348
348 223
223 336
336 152
152 429
429 126
126 423
423 78
78 468
468 72
72 467
467 71
71 482
482 66
66 464
464 97
97 434
434 102
102 428
428 79
79 437
437 78
256 279
279 247
247 269
269 256
251 290
290 242
242 274
274 250
250 275
275 240
240 270
270 256
256 278
278 300
300 222
222 307
307 197
197 320
320 206
206 322
322 272
272 251
363 183
183 342
342 198
198 303
303 237
237 283
283 251
251 268
268 282
282 254
254 297
297 218
218 338
338 216
216 349
349 152
152 386
386 155
155 363
218 370
370 167
167 332
332 193
193 339
339 192
192 331
331 176
176 353
353 204
204 317
317 218
301 224
224 328
328 218
218 306
306 209
209 301
302 228
228 299
299 229
229 295
295 244
244 270
270 263
263 290
290 257
257 289
289 246
246 301
301 233
233 280
280 240
240 309
309 219
219 302
285 255
255 293
293 250
250 292
292 249
249 281
281 241
241 285
320 217
217 318
318 241
241 283
283 265
265 261
261 248
248 273
273 285
285 240
240 302
302 215
215 320
226 308
308 215
215 305
305 226
345 226
226 311
311 219
219 320
320 210
210 345
286 287
287 277
277 278
278 281
281 252
252 288
288 247
247 286
363 224
224 320
320 235
235 296
296 251
251 286
286 230
230 318
318 219
219 314
314 225
225 305
305 237
237 308
308 268
268 262
262 304
304 221
221 323
323 217
217 345
345 198
198 375
375 187
187 361
361 160
160 390
390 155
155 387
387 153
153 372
372 163
163 363
172 379
379 164
164 387
387 162
162 384
384 187
187 382
382 178
178 363
363 172
326 229
229 311
311 243
243 312
312 249
249 308
308 240
240 313
313 212
212 326
245 291
291 270
270 261
261 284
284 256
256 283
283 245
315 245
245 322
322 236
236 315
298 262
262 297
297 264
264 286
286 256
256 298
244 305
305 247
247 303
303 273
273 279
279 298
298 246
246 299
299 244
244 342
342 212
212 317
317 232
232 306
306 244
348 180
180 368
368 179
179 348
348 202
202 339
339 194
194 348
292 271
271 280
280 253
253 299
299 277
277 305
305 260
260 283
283 258
258 317
317 221
221 319
319 232
232 333
333 205
205 348
348 189
189 332
332 244
244 315
315 251
251 312
312 254
254 292
231 372
372 174
174 379
379 184
184 367
367 175
175 340
340 176
176 360
360 208
208 335
335 203
203 353
353 241
241 345
345 256
256 316
316 277
277 302
302 274
274 280
280 282
282 305
305 281
281 283
283 269
269 286
286 295
295 310
310 231
323 237
237 327
327 215
215 321
321 206
206 331
331 228
228 323
231 357
357 232
232 323
323 230
230 335
335 231
51 499
499 50
50 491
491 33
33 495
495 15
15 494
494 13
13 493
493 82
82 471
471 60
60 449
449 98
98 459
459 61
61 472
472 80
80 455
455 103
103 420
420 101
101 438
438 118
118 419
419 107
107 416
416 149
149 358
358 193
193 347
347 231
231 324
324 217
217 332
332 209
209 344
344 265
265 284
284 278
278 292
292 259
259 288
288 255
255 325
325 248
248 326
326 197
197 388
388 172
172 401
401 142
142 404
404 137
137 408
408 139
139 398
398 134
134 409
409 117
117 431
431 108
108 426
426 104
104 433
433 112
112 443
443 78
78 479
479 51
394 178
178 392
392 184
184 380
380 180
180 358
358 152
152 394
416 154
154 394
394 130
130 420
420 117
117 422
422 125
125 389
389 147
147 398
398 233
233 367
367 195
195 352
352 222
222 374
374 190
190 369
369 207
207 379
379 186
186 354
354 209
209 373
373 226
226 362
362 203
203 364
364 131
131 411
411 114
114 416
413 138
138 418
418 119
119 427
427 129
129 416
416 111
111 414
414 116
116 413
415 137
137 414
414 150
150 405
405 134
134 413
413 110
110 415
417 131
131 459
459 106
106 417
122 424
424 137
137 417
417 116
116 415
415 122
419 127
127 433
433 121
121 419
474 111
111 428
428 128
128 419
419 122
122 455
455 98
98 474
492 40
40 493
493 21
21 492
463 85
85 439
439 115
115 448
448 108
108 436
436 114
114 441
441 101
101 445
445 84
84 464
464 79
79 458
458 74
74 465
465 35
35 495
495 63
63 492
492 58
58 460
460 89
89 483
483 111
111 476
476 109
109 426
426 117
117 452
452 123
123 474
474 70
70 497
497 69
69 485
485 65
65 480
480 83
83 463
99 471
471 112
112 463
463 77
77 451
451 100
100 457
457 99
178 415
415 139
139 428
428 137
137 427
427 134
134 416
416 140
140 424
424 130
130 395
395 178
397 164
164 389
389 151
151 397
328 276
276 299
299 270
270 314
314 262
262 301
301 275
275 261
261 294
294 267
267 328
390 169
169 371
371 167
167 390
178 454
454 114
114 442
442 121
121 439
439 152
152 399
399 184
184 393
393 174
174 390
390 213
213 360
360 191
191 330
330 225
225 339
339 211
211 329
329 243
243 318
318 250
250 303
303 307
307 267
267 312
312 274
274 328
328 235
235 331
331 210
210 350
350 216
216 356
356 218
218 386
386 173
173 397
397 153
153 409
409 178
422 138
138 438
438 160
160 412
412 120
120 422
99 473
473 92
92 451
451 138
138 432
432 136
136 422
422 165
165 398
398 172
172 391
391 189
189 381
381 197
197 361
361 201
201 385
385 181
181 395
395 151
151 407
407 144
144 411
411 132
132 423
423 178
178 436
436 116
116 456
456 110
110 462
462 99
88 475
475 80
80 479
479 79
79 468
468 91
91 450
450 93
93 430
430 134
134 477
477 99
99 453
453 88
72 492
492 91
91 481
481 90
90 479
479 85
85 467
467 84
84 449
449 95
95 469
469 86
86 472
472 77
77 478
478 75
75 494
494 70
70 484
484 89
89 491
491 72
498 78
78 487
487 43
43 495
495 66
66 493
493 72
72 470
470 88
88 461
461 62
62 498
498 97
97 470
470 86
86 495
495 75
75 498
130 434
434 104
104 430
430 130
492 121
121 457
457 123
123 461
461 100
100 473
473 130
130 431
431 120
120 450
450 124
124 471
471 117
117 445
445 160
160 440
440 152
152 482
482 74
74 492
425 155
155 410
410 135
135 425
422 150
150 416
416 139
139 422
414 187
187 392
392 201
201 388
388 205
205 378
378 188
188 366
366 192
192 368
368 182
182 409
409 159
159 414
136 460
460 113
113 453
453 197
197 414
414 145
145 422
422 140
140 455
455 136
387 190
190 384
384 175
175 376
376 171
171 387
247 332
332 239
239 331
331 246
246 315
315 258
258 319
319 255
255 291
291 257
257 313
313 278
278 288
288 292
292 282
282 296
296 284
284 266
266 293
293 287
287 311
311 286
286 279
279 300
300 283
283 290
290 309
309 247
351 235
235 372
372 252
252 318
318 245
245 338
338 228
228 351
135 421
421 170
170 408
408 215
215 341
341 246
246 337
337 242
242 351
351 214
214 329
329 217
217 330
330 258
258 321
321 247
247 402
402 175
175 387
387 180
180 417
417 163
163 413
413 135
448 135
135 462
462 124
124 461
461 126
126 435
435 128
128 495
495 129
129 471
471 136
136 445
445 131
131 443
443 147
147 425
425 127
127 448
144 420
420 149
149 438
438 143
143 430
430 139
139 419
419 144
441 127
127 439
439 144
144 448
448 118
118 480
480 76
76 493
493 102
102 484
484 125
125 441
371 200
200 366
366 202
202 358
358 211
211 348
348 206
206 395
395 182
182 371
496 96
96 458
458 137
137 467
467 94
94 451
451 128
128 439
439 176
176 410
410 186
186 387
387 245
245 374
374 224
224 368
368 225
225 346
346 244
244 353
353 229
229 359
359 220
220 384
384 193
193 371
371 185
185 391
391 203
203 406
406 167
167 444
444 141
141 396
396 168
168 441
441 116
116 468
468 103
103 465
465 95
95 483
483 93
93 492
492 83
83 498
498 51
51 496
496 74
74 486
486 90
90 500
500 57
57 496
421 181
181 419
419 156
156 429
429 161
161 421
423 167
167 421
421 145
145 445
445 162
162 423
336 264
264 322
322 255
255 323
323 254
254 335
335 239
239 336
363 266
266 317
317 262
262 326
326 255
255 337
337 276
276 351
351 248
248 336
336 238
238 352
352 198
198 363
334 247
247 358
358 239
239 339
339 228
228 349
349 231
231 384
384 222
222 373
373 211
211 361
361 217
217 364
364 243
243 334
326 277
277 344
344 254
254 336
336 257
257 346
346 268
268 326
262 332
332 249
249 327
327 273
273 326
326 291
291 320
320 262
271 312
312 293
293 271
297 295
295 335
335 259
259 303
303 269
269 297
288 298
298 290
290 319
319 302
302 295
295 309
309 305
305 297
297 271
271 346
346 262
262 333
333 263
263 294
294 288
313 296
296 288
288 313
113 491
491 116
116 453
453 144
144 443
443 139
139 431
431 158
158 403
403 153
153 399
399 174
174 434
434 208
208 388
388 221
221 329
329 270
270 301
301 279
279 299
299 287
287 358
358 277
277 343
343 286
286 312
312 298
298 292
292 313
313 260
260 330
330 253
253 334
334 199
199 363
363 191
191 423
423 146
146 426
426 163
163 472
472 113
106 489
489 113
113 465
465 106
361 248
248 354
354 231
231 361
390 232
232 409
409 184
184 408
408 183
183 377
377 204
204 390
219 363
363 210
210 390
390 179
179 410
410 190
190 391
391 239
239 361
361 219
214 398
398 169
169 424
424 148
148 430
430 170
170 425
425 219
219 365
365 206
206 387
387 214
382 200
200 375
375 211
211 388
388 214
214 380
380 196
196 382
171 403
403 206
206 371
371 243
243 373
373 234
234 414
414 210
210 397
397 194
194 340
340 264
264 360
360 236
236 370
370 248
248 365
365 249
249 379
379 217
217 385
385 218
218 389
389 171
159 435
435 170
170 438
438 177
177 432
432 171
171 394
394 227
227 355
355 258
258 331
331 260
260 347
347 253
253 362
362 231
231 376
376 223
223 386
386 220
220 407
407 209
209 387
387 237
237 390
390 211
211 378
378 216
216 382
382 202
202 401
401 225
225 420
420 159
462 145
145 443
443 152
152 445
445 150
150 442
442 146
146 427
427 173
173 422
422 157
157 399
399 179
179 404
404 164
164 437
437 119
119 452
452 140
140 474
474 130
130 487
487 138
138 462
195 417
417 226
226 381
381 198
198 369
369 192
192 403
403 195
118 465
465 124
124 480
480 120
120 453
453 118
412 184
184 419
419 191
191 413
413 204
204 454
454 188
188 394
394 180
180 412
437 203
203 412
412 179
179 418
418 142
142 475
475 118
118 456
456 166
166 437
153 448
448 175
175 437
437 195
195 416
416 169
169 421
421 187
187 431
431 161
161 443
443 153
466 153
153 455
455 148
148 461
461 137
137 459
459 164
164 430
430 155
155 462
462 159
159 411
411 207
207 450
450 162
162 478
478 106
106 466
136 488
488 103
103 498
498 88
88 497
497 108
108 473
473 136
133 463
463 147
147 476
476 136
136 479
479 99
99 492
492 155
155 439
439 133
110 494
494 90
90 490
490 110
474 153
153 473
473 134
134 497
497 117
117 483
483 123
123 492
492 175
175 480
480 135
135 469
469 144
144 474
247 348
348 257
257 337
337 263
263 341
341 247
168 426
426 183
183 421
421 192
192 405
405 225
225 441
441 231
231 378
378 262
262 349
349 281
281 318
318 282
282 294
294 323
323 274
274 316
316 278
278 381
381 243
243 390
390 247
247 352
352 251
251 350
350 212
212 375
375 250
250 353
353 276
276 338
338 259
259 363
363 229
229 383
383 200
200 392
392 211
211 391
391 216
216 424
424 179
179 460
460 151
151 457
457 139
139 447
447 157
157 428
428 189
189 419
419 194
194 429
429 173
173 444
444 180
180 399
399 168
393 218
218 397
397 212
212 418
418 198
198 393
223 407
407 228
228 387
387 223
496 131
131 498
498 147
147 475
475 156
156 461
461 166
166 462
462 192
192 423
423 207
207 416
416 223
223 393
393 201
201 399
399 216
216 413
413 221
221 406
406 232
232 425
425 213
213 403
403 193
193 408
408 205
205 396
396 185
185 437
437 227
227 430
430 168
168 443
443 170
170 474
474 148
148 468
468 133
133 453
453 128
128 456
456 152
152 466
466 115
115 496
446 149
149 453
453 141
141 449
449 122
122 446
194 436
436 183
183 434
434 187
187 426
426 194
268 372
372 242
242 369
369 199
199 400
400 211
211 432
432 200
200 408
408 218
218 401
401 230
230 364
364 246
246 375
375 267
267 359
359 253
253 354
354 268
238 409
409 251
251 387
387 273
273 359
359 308
308 300
300 318
318 322
322 271
271 301
301 280
280 333
333 296
296 325
325 272
272 342
342 310
310 315
315 289
289 299
299 284
284 328
328 278
278 324
324 275
275 356
356 238
280 324
324 287
287 306
306 295
295 347
347 270
270 331
331 282
282 356
356 291
291 327
327 283
283 321
321 280
288 344
344 313
313 321
321 293
293 343
343 312
312 288
309 316
316 290
290 299
299 309
275 349
349 274
274 336
336 269
269 317
317 290
290 334
334 255
255 354
354 320
320 309
309 328
328 295
295 324
324 293
293 358
358 288
288 338
338 280
280 350
350 254
254 373
373 260
260 352
352 278
278 330
330 275
317 314
314 294
294 317
304 337
337 300
300 317
317 319
319 327
327 334
334 311
311 304
299 356
356 332
332 334
334 347
347 304
304 303
303 299
370 264
264 365
365 283
283 342
342 307
307 338
338 299
299 324
324 354
354 269
269 340
340 275
275 348
348 256
256 370
238 380
380 236
236 377
377 282
282 357
357 279
279 370
370 240
240 368
368 235
235 400
400 229
229 366
366 238
272 372
372 289
289 330
330 339
339 296
296 345
345 286
286 361
361 265
265 355
355 272
452 187
187 439
439 202
202 423
423 224
224 394
394 278
278 360
360 272
272 353
353 254
254 377
377 250
250 392
392 238
238 378
378 268
268 374
374 249
249 395
395 239
239 396
396 214
214 415
415 184
184 427
427 174
174 438
438 194
194 428
428 169
169 456
456 160
160 446
446 142
142 447
447 146
146 458
458 127
127 452
154 464
464 157
157 455
455 181
181 452
452 154
173 453
453 150
150 447
447 169
169 451
451 173
220 426
426 229
229 401
401 220
472 177
177 445
445 184
184 447
447 170
170 446
446 163
163 466
466 165
165 472
167 472
472 192
192 489
489 134
134 493
493 135
135 484
484 136
136 498
498 149
149 471
471 220
220 438
438 251
251 437
437 199
199 422
422 226
226 419
419 211
211 411
411 236
236 452
452 183
183 456
456 173
173 449
449 167
294 343
343 328
328 321
321 314
314 326
326 294
263 364
364 290
290 351
351 347
347 339
339 331
331 344
344 298
298 342
342 297
297 343
343 323
323 314
314 329
329 284
284 372
372 294
294 333
333 293
293 362
362 258
258 368
368 244
244 367
367 272
272 373
373 277
277 418
418 216
216 432
432 238
238 413
413 239
239 415
415 217
217 391
391 235
235 376
376 271
271 363
363 263
246 383
383 256
256 379
379 253
253 382
382 246
222 398
398 246
246 397
397 222
222 416
416 218
218 423
423 206
206 408
408 222
465 163
163 467
467 161
161 477
477 159
159 479
479 145
145 465
486 161
161 468
468 151
151 481
481 144
144 484
484 139
139 483
483 143
143 469
469 160
160 470
470 146
146 459
459 186
186 465
465 169
169 466
466 187
187 458
458 171
171 446
446 212
212 412
412 222
222 391
391 242
242 380
380 263
263 421
421 190
190 456
456 210
210 428
428 207
207 439
439 215
215 433
433 191
191 445
445 180
180 462
462 167
167 457
457 154
154 490
490 92
92 500
500 105
105 486
179 464
464 182
182 471
471 162
162 455
455 180
180 446
446 179
493 165
165 484
484 179
179 440
440 168
168 475
475 150
150 493
483 157
157 490
490 163
163 492
492 150
150 487
487 140
140 488
488 144
144 483
388 273
273 398
398 255
255 401
401 263
263 382
382 269
269 377
377 259
259 388
379 266
266 365
365 285
285 353
353 280
280 373
373 289
289 375
375 258
258 379
353 329
329 319
319 362
362 300
300 359
359 295
295 336
336 301
301 306
306 292
292 350
350 286
286 353
287 353
353 325
325 315
315 343
343 309
309 348
348 287
355 287
287 360
360 281
281 369
369 261
261 352
352 275
275 355
386 249
249 407
407 233
233 405
405 196
196 436
436 205
205 417
417 225
225 432
432 241
241 386
330 340
340 311
311 364
364 292
292 427
427 211
211 422
422 239
239 414
414 247
247 399
399 250
250 386
386 264
264 382
382 327
327 336
336 306
306 330
387 264
264 396
396 274
274 365
365 316
316 318
318 358
358 301
301 360
360 322
322 333
333 336
336 330
330 317
317 357
357 312
312 355
355 296
296 379
379 271
271 388
388 248
248 380
380 257
257 366
366 276
276 404
404 235
235 424
424 230
230 406
406 256
256 387
240 391
391 258
258 380
380 281
281 371
371 240
198 445
445 193
193 460
460 184
184 479
479 216
216 436
436 201
201 442
442 198
470 186
186 474
474 172
172 470
174 470
470 198
198 435
435 235
235 408
408 240
240 400
400 276
276 387
387 265
265 385
385 262
262 392
392 268
268 440
440 194
194 443
443 174
463 191
191 446
446 190
190 458
458 189
189 463
486 169
169 476
476 183
183 453
453 218
218 462
462 195
195 463
463 174
174 449
449 178
178 483
483 160
160 493
493 161
161 494
494 152
152 485
485 143
143 486
461 201
201 447
447 208
208 464
464 184
184 461
446 204
204 434
434 229
229 429
429 213
213 466
466 178
178 484
484 200
200 446
244 414
414 275
275 368
368 284
284 384
384 234
234 405
405 248
248 429
429 243
243 411
411 276
276 406
406 269
269 400
400 244
162 491
491 164
164 481
481 162
478 236
236 448
448 170
170 500
500 174
174 473
473 187
187 478
226 478
478 203
203 468
468 185
185 444
444 226
209 463
463 202
202 447
447 226
226 436
436 221
221 417
417 234
234 432
432 244
244 410
410 209
255 413
413 248
248 414
414 310
310 348
348 350
350 297
297 349
349 315
315 377
377 286
286 352
352 270
270 412
412 240
240 409
409 255
367 318
318 357
357 375
375 291
291 374
374 316
316 367
376 288
288 401
401 260
260 378
378 287
287 376
299 376
376 295
295 361
361 313
313 346
346 306
306 359
359 314
314 341
341 302
302 352
352 299
363 299
299 381
381 279
279 363
303 363
363 305
305 324
324 303
298 351
351 303
303 349
349 298
423 288
288 385
385 270
270 378
378 289
289 389
389 286
286 396
396 284
284 391
391 285
285 405
405 237
237 394
394 292
292 365
365 298
298 345
345 367
367 254
254 408
408 262
262 415
415 255
255 423
306 385
385 305
305 384
384 291
291 389
389 302
302 370
370 300
300 369
369 344
344 352
352 306
446 245
245 403
403 246
246 420
420 257
257 402
402 287
287 406
406 306
306 365
365 322
322 387
387 281
281 407
407 272
272 400
400 277
277 432
432 260
260 423
423 234
234 451
451 209
209 434
434 206
206 446
212 488
488 172
172 494
494 182
182 476
476 228
228 417
417 250
250 445
445 213
213 435
435 207
207 446
446 205
205 461
461 212
189 470
470 204
204 467
467 189
212 471
471 201
201 479
479 189
189 459
459 241
241 450
450 211
211 464
464 212
482 212
212 460
460 210
210 482
482 216
216 492
492 206
206 454
454 213
213 474
474 188
188 472
472 208
208 453
453 219
219 495
495 211
211 482
458 232
232 446
446 214
214 458
422 249
249 416
416 233
233 426
426 222
222 422
289 394
394 299
299 371
371 313
313 381
381 308
308 383
383 289
417 270
270 399
399 266
266 408
408 264
264 392
392 286
286 397
397 289
289 382
382 300
300 411
411 268
268 422
422 237
237 434
434 224
224 458
458 235
235 441
441 256
256 414
414 263
263 417
307 376
376 312
312 385
385 311
311 392
392 300
300 386
386 280
280 388
388 317
317 361
361 329
329 364
364 314
314 371
371 331
331 351
351 348
348 336
336 372
372 307
368 315
315 401
401 307
307 368
342 343
343 333
333 337
337 342
319 370
370 341
341 319
282 398
398 319
319 360
360 352
352 381
381 316
316 377
377 342
342 338
338 330
330 346
346 326
326 324
324 368
368 298
298 390
390 282
247 495
495 273
273 395
395 282
282 400
400 274
274 403
403 278
278 417
417 255
255 433
433 247
221 463
463 218
218 471
471 219
219 466
466 250
250 430
430 246
246 438
438 221
444 229
229 466
466 246
246 456
456 194
194 444
461 244
244 442
442 231
231 463
463 233
233 466
466 234
234 462
462 230
230 431
431 279
279 419
419 253
253 444
444 199
199 455
455 176
176 477
477 210
210 461
419 303
303 408
408 267
267 414
414 280
280 419
436 269
269 423
423 268
268 436
201 499
499 177
177 497
497 192
192 477
477 208
208 480
480 223
223 449
449 243
243 462
462 248
248 439
439 242
242 409
409 254
254 410
410 287
287 436
436 280
280 416
416 277
277 402
402 329
329 405
405 322
322 376
376 314
314 365
365 323
323 356
356 324
324 366
366 297
297 419
419 313
313 384
384 312
312 390
390 311
311 396
396 294
294 426
426 252
252 393
393 261
261 420
420 259
259 461
461 221
221 490
490 201
489 212
212 498
498 183
183 497
497 186
186 483
483 210
210 489
193 491
491 179
179 485
485 193
431 255
255 430
430 312
312 389
389 305
305 397
397 311
311 408
408 309
309 345
345 405
405 360
360 349
349 304
304 399
399 283
283 416
416 281
281 422
422 275
275 441
441 249
249 492
492 221
221 470
470 232
232 463
463 240
240 459
459 239
239 431
293 388
388 290
290 378
378 301
301 373
373 293
321 380
380 314
314 382
382 320
320 371
371 358
358 321
293 417
417 299
299 426
426 301
301 388
388 321
321 374
374 331
331 373
373 338
338 407
407 286
286 416
416 285
285 404
404 290
290 402
402 316
316 406
406 297
297 393
393 258
258 410
410 300
300 395
395 293
253 442
442 261
261 439
439 301
301 438
438 254
254 429
429 274
274 414
414 290
290 420
420 265
265 421
421 267
267 434
434 287
287 412
412 292
292 398
398 293
293 428
428 275
275 431
431 253
328 385
385 347
347 359
359 328
323 382
382 324
324 363
363 325
325 361
361 330
330 354
354 343
343 378
378 304
304 379
379 335
335 368
368 348
348 353
353 369
369 377
377 326
326 374
374 323
362 356
356 363
363 400
400 296
296 404
404 323
323 389
389 339
339 362
325 417
417 296
296 410
410 262
262 409
409 289
289 414
414 276
276 424
424 271
271 445
445 267
267 439
439 265
265 467
467 242
242 464
464 224
224 468
468 217
217 435
435 318
318 386
386 325
418 284
284 403
403 321
321 392
392 325
325 383
383 358
358 373
373 333
333 366
366 336
336 365
365 362
362 328
328 398
398 302
302 420
420 297
297 413
413 282
282 418
222 472
472 196
196 457
457 238
238 451
451 271
271 434
434 297
297 423
423 285
285 418
418 281
281 448
448 237
237 463
463 249
249 446
446 253
253 454
454 222
477 227
227 476
476 198
198 477
491 233
233 470
470 225
225 443
443 231
231 477
477 213
213 480
480 214
214 457
457 222
222 491
484 197
197 469
469 209
209 481
481 202
202 500
500 195
195 487
487 219
219 483
483 228
228 478
478 240
240 491
491 210
210 494
494 208
208 493
493 193
193 484
334 374
374 355
355 334
308 419
419 333
333 387
387 331
331 383
383 353
353 357
357 374
374 345
345 337
337 340
340 380
380 328
328 390
390 348
348 372
372 356
356 368
368 336
336 394
394 334
334 393
393 298
298 404
404 308
442 259
259 433
433 258
258 442
256 477
477 237
237 466
466 285
285 437
437 264
264 442
442 254
254 479
479 217
217 481
481 218
218 475
475 239
239 463
463 245
245 473
473 229
229 468
468 256
266 478
478 229
229 480
480 226
226 460
460 270
270 497
497 220
220 488
488 242
242 483
483 225
225 481
481 255
255 452
452 295
295 418
418 289
289 421
421 283
283 409
409 266
449 286
286 422
422 282
282 425
425 266
266 472
472 245
245 469
469 256
256 449
260 454
454 257
257 453
453 252
252 464
464 243
243 490
490 244
244 471
471 238
238 460
460 262
262 449
449 276
276 430
430 308
308 413
413 327
327 384
384 326
326 386
386 332
332 389
389 352
352 444
444 260
254 490
490 245
245 498
498 232
232 476
476 250
250 480
480 238
238 488
488 254
451 282
282 455
455 283
283 424
424 294
294 442
442 311
311 399
399 305
305 414
414 315
315 408
408 323
323 409
409 307
307 415
415 316
316 422
422 306
306 463
463 279
279 435
435 290
290 462
462 251
251 492
492 254
254 451
486 202
202 485
485 237
237 487
487 270
270 461
461 286
286 451
451 272
272 429
429 277
277 457
457 261
261 458
458 260
260 484
484 234
234 489
489 247
247 482
482 168
168 486
376 363
363 367
367 346
346 376
424 383
383 337
337 379
379 343
343 364
364 361
361 340
340 388
388 346
346 378
378 377
377 376
376 344
344 370
370 349
349 366
366 365
365 359
359 375
375 410
410 304
304 421
421 330
330 397
397 320
320 412
412 339
339 404
404 302
302 428
428 300
300 467
467 266
266 447
447 303
303 426
426 323
323 431
431 284
284 455
455 296
296 437
437 310
310 418
418 319
319 427
427 299
299 424
496 234
234 493
493 231
231 468
468 312
312 450
450 302
302 424
424 292
292 439
439 269
269 466
466 251
251 469
469 260
260 483
483 246
246 486
486 124
124 496
291 448
448 335
335 416
416 309
309 439
439 308
308 441
441 278
278 433
433 291
337 401
401 324
324 412
412 351
351 388
388 353
353 385
385 349
349 379
379 341
341 399
399 344
344 396
396 337
468 337
337 406
406 331
331 422
422 329
329 446
446 309
309 440
440 277
277 445
445 275
275 452
452 278
278 453
453 265
265 492
492 256
256 476
476 249
249 468
261 485
485 253
253 473
473 261
263 477
477 301
301 459
459 277
277 458
458 283
283 485
485 267
267 476
476 261
261 468
468 304
304 438
438 305
305 443
443 310
310 462
462 293
293 456
456 281
281 432
432 284
284 435
435 291
291 455
455 298
298 449
449 263
419 315
315 420
420 316
316 421
421 321
321 414
414 314
314 419
248 494
494 239
239 488
488 248
340 448
448 297
297 475
475 280
280 461
461 278
278 454
454 271
271 468
468 300
300 429
429 313
313 424
424 344
344 416
416 341
341 394
394 348
348 395
395 340
334 446
446 340
340 389
389 361
361 371
371 362
362 373
373 408
408 350
350 399
399 352
352 398
398 334
334 440
440 317
317 418
418 368
368 359
359 372
372 395
395 402
402 334
413 352
352 427
427 323
323 437
437 334
334 409
409 360
360 430
430 338
338 390
390 342
342 413
471 285
285 472
472 275
275 474
474 271
271 460
460 274
274 471
287 478
478 281
281 460
460 296
296 464
464 288
288 471
471 265
265 477
477 272
272 469
469 345
345 421
421 341
341 435
435 306
306 425
425 320
320 411
411 349
349 413
413 328
328 419
419 319
319 445
445 287
484 269
269 465
465 284
284 474
474 287
287 453
453 295
295 470
470 263
263 484
276 498
498 262
262 487
487 272
272 480
480 271
271 495
495 283
283 469
469 278
278 465
465 276
381 422
422 364
364 404
404 366
366 374
374 412
412 350
350 429
429 348
348 405
405 376
376 381
343 424
424 357
357 398
398 379
379 365
365 388
388 369
369 411
411 346
346 391
391 359
359 390
390 362
362 382
382 378
378 381
381 363
363 385
385 354
354 386
386 343
324 443
443 326
326 450
450 323
323 462
462 316
316 442
442 370
370 374
374 392
392 343
343 380
380 415
415 325
325 434
434 319
319 423
423 336
336 409
409 342
342 425
425 324
432 339
339 418
418 332
332 442
442 350
350 420
420 328
328 432
311 465
465 344
344 432
432 314
314 436
436 324
324 463
463 313
313 458
458 303
303 469
469 307
307 451
451 311
414 388
388 375
375 406
406 365
365 391
391 371
371 374
374 414
347 435
435 371
371 400
400 369
369 393
393 347
394 374
374 386
386 378
378 390
390 398
398 358
358 384
384 381
381 396
396 385
385 416
416 347
347 419
419 342
342 434
434 333
333 442
442 356
356 394
423 331
331 426
426 360
360 419
419 401
401 437
437 369
369 413
413 363
363 389
389 367
367 391
391 372
372 380
380 417
417 362
362 394
394 414
414 322
322 423
276 495
495 299
299 433
433 329
329 431
431 327
327 423
423 325
325 428
428 328
328 458
458 317
317 454
454 297
297 460
460 311
311 492
492 280
280 477
477 276
484 303
303 500
500 242
242 491
491 261
261 489
489 298
298 470
470 307
307 477
477 282
282 488
488 279
279 493
493 300
300 474
474 286
286 497
497 274
274 479
479 277
277 484
449 334
334 452
452 333
333 451
451 309
309 449
449 349
349 441
441 314
314 456
456 326
326 464
464 322
322 449
352 434
434 347
347 418
418 352
366 426
426 352
352 423
423 376
376 469
469 309
309 476
476 312
312 487
487 275
275 486
486 278
278 480
480 304
304 474
474 351
351 421
421 355
355 405
405 359
359 409
409 366
438 385
385 400
400 392
392 407
407 372
372 403
403 379
379 430
430 366
366 433
433 332
332 438
447 359
359 467
467 308
308 500
500 309
309 497
497 320
320 474
474 332
332 462
462 336
336 438
438 339
339 446
446 341
341 449
449 321
321 447
289 479
479 286
286 488
488 284
284 489
489 272
272 494
494 302
302 457
457 330
330 470
470 313
313 468
468 290
290 461
461 289
288 491
491 275
275 490
490 314
314 455
455 328
328 464
464 333
333 486
486 305
305 483
483 306
306 475
475 323
323 472
472 288
316 466
466 335
335 458
458 354
354 436
436 318
318 465
465 316
330 500
500 316
316 480
480 313
313 492
492 321
321 485
485 330
372 495
495 284
284 490
490 330
330 481
481 289
289 453
453 359
359 450
450 331
331 431
431 372
378 421
421 368
368 476
476 319
319 457
457 327
327 445
445 339
339 451
451 372
372 413
413 381
381 417
417 418
418 399
399 398
398 404
404 378
358 436
436 373
373 413
413 435
435 378
378 397
397 367
367 428
428 358
382 408
408 390
390 417
417 387
387 384
384 382
403 397
397 438
438 342
342 454
454 343
343 425
425 399
399 427
427 361
361 424
424 388
388 419
419 405
405 389
389 395
395 432
432 352
352 451
451 355
355 429
429 418
418 428
428 368
368 423
423 374
374 403
386 410
410 392
392 430
430 396
396 424
424 393
393 422
422 384
384 403
403 431
431 363
363 449
449 369
369 474
474 325
325 465
465 327
327 488
488 326
326 457
457 328
328 463
463 370
370 445
445 348
348 443
443 338
338 442
442 400
400 386
381 426
426 386
386 377
377 412
412 409
409 382
382 415
415 381
358 439
439 324
324 453
453 368
368 429
429 357
357 442
442 364
364 444
444 381
381 450
450 366
366 434
434 358
496 329
329 457
457 334
334 471
471 358
358 447
447 291
291 478
478 296
296 484
484 294
294 496
499 322
322 492
492 342
342 464
464 349
349 463
463 334
334 461
461 331
331 484
484 307
307 489
489 347
347 470
470 340
340 452
452 378
378 444
444 398
398 426
426 384
384 436
436 365
365 446
446 348
348 448
448 371
371 498
498 297
297 499
482 344
344 477
477 345
345 486
486 366
366 458
458 343
343 494
494 298
298 499
499 286
286 482
496 301
301 478
478 323
323 482
482 327
327 475
475 360
360 454
454 352
352 479
479 296
296 496
406 422
422 397
397 406
402 433
433 382
382 445
445 405
405 456
456 363
363 472
472 339
339 457
457 387
387 436
436 409
409 423
423 410
410 407
407 406
406 429
429 402
468 346
346 462
462 402
402 430
430 443
443 404
404 411
411 392
392 453
453 341
341 468
334 491
491 359
359 461
461 393
393 436
436 388
388 490
490 332
332 482
482 331
331 492
492 357
357 468
468 334
496 331
331 500
500 335
335 478
478 337
337 497
497 311
311 496
387 484
484 337
337 487
487 341
341 460
460 364
364 475
475 346
346 483
483 380
380 446
446 376
376 463
463 387
348 477
477 352
352 486
486 367
367 464
464 348
356 483
483 348
348 462
462 381
381 468
468 387
387 465
465 382
382 458
458 373
373 452
452 356
383 446
446 389
389 434
434 374
374 459
459 369
369 451
451 388
388 445
445 383
432 410
410 439
439 361
361 467
467 383
383 447
447 397
397 432
427 432
432 412
412 406
406 420
420 401
401 427
411 446
446 407
407 448
448 377
377 425
425 427
427 411
449 385
385 442
442 415
415 391
391 417
417 429
429 408
408 416
416 451
451 375
375 455
455 379
379 449
460 419
419 395
395 449
449 441
441 365
365 470
470 409
409 438
438 448
448 411
411 450
450 394
394 460
460 426
426 413
413 460
356 479
479 363
363 462
462 364
364 471
471 370
370 491
491 344
344 493
493 354
354 481
481 343
343 485
485 360
360 478
478 361
361 466
466 353
353 457
457 388
388 469
469 384
384 444
444 414
414 460
460 368
368 477
477 356
455 385
385 459
459 378
378 455
424 431
431 425
425 417
417 433
433 406
406 456
456 411
411 455
455 392
392 421
421 424
372 470
470 371
371 479
479 390
390 440
440 396
396 458
458 408
408 453
453 397
397 457
457 365
365 467
467 372
399 458
458 397
397 459
459 386
386 452
452 376
376 476
476 395
395 463
463 398
398 457
457 399
406 459
459 401
401 449
449 406
391 483
483 386
386 462
462 406
406 471
471 377
377 464
464 396
396 477
477 375
375 470
470 399
399 491
491 372
372 474
474 388
388 466
466 391
421 439
439 413
413 438
438 427
427 455
455 425
425 465
465 415
415 461
461 385
385 468
468 412
412 434
434 432
432 435
435 416
416 421
429 428
428 421
421 429
429 452
452 414
414 454
454 400
400 495
495 375
375 480
480 368
368 481
481 404
404 470
470 421
421 449
449 429
373 473
473 414
414 453
453 428
428 439
439 427
427 466
466 394
394 478
478 374
374 479
479 385
385 467
467 373
496 386
386 494
494 358
358 482
482 389
389 472
472 378
378 497
497 382
382 481
481 373
373 488
488 460
460 429
429 424
424 423
423 436
436 447
447 405
405 487
487 356
356 496
422 458
458 403
403 469
469 394
394 480
480 420
420 438
438 437
437 449
449 434
434 446
446 448
448 439
439 436
436 431
431 457
457 422
490 416
416 470
470 422
422 459
459 411
411 484
484 429
429 466
466 428
428 463
463 408
408 490
378 489
489 420
420 490
490 402
402 475
475 405
405 493
493 385
385 485
485 397
397 473
473 378
476 465
465 426
426 481
481 384
384 476
394 497
497 403
403 479
479 398
398 474
474 401
401 472
472 394
410 444
444 438
438 432
432 445
445 437
437 447
447 442
442 410
394 486
486 435
435 456
456 410
410 485
485 394
433 457
457 447
447 479
479 443
443 433
418 440
440 431
431 452
452 433
433 430
430 418
454 448
448 452
452 445
445 463
463 436
436 453
453 433
433 461
461 442
442 464
464 424
424 454
476 437
437 458
458 451
451 452
452 456
456 445
445 454
454 418
418 476
446 455
455 449
449 446
480 423
423 498
498 419
419 480
473 451
451 470
470 430
430 480
480 408
408 475
475 406
406 469
469 446
446 473
418 487
487 422
422 471
471 417
417 450
450 473
473 418
433 481
481 430
430 493
493 418
418 462
462 433
431 493
493 434
434 467
467 427
427 444
444 413
413 472
472 431
476 431
431 490
490 433
433 478
478 424
424 476
409 483
483 401
401 497
497 452
452 477
477 444
444 476
476 425
425 482
482 409
496 425
425 483
483 458
458 453
453 438
438 459
459 463
463 449
449 486
486 409
409 496
438 483
483 448
448 461
461 467
467 453
453 479
479 474
474 438
496 448
448 488
488 437
437 484
484 438
438 496
476 455
455 450
450 476
494 436
436 466
466 445
445 480
480 446
446 491
491 422
422 494
426 494
494 476
476 467
467 464
464 447
447 459
459 487
487 426
468 493
493 447
447 469
469 445
445 478
478 470
470 454
454 468
475 494
494 458
458 490
490 468
468 492
492 442
442 489
489 404
404 497
497 463
463 484
484 475
499 429
429 498
498 435
435 500
500 420
420 495
495 416
416 499
499 495
495 476
476 497
497 449
449 472
472 479
479 466
466 457
457 450
450 498
498 451
451 478
478 454
454 477
477 456
456 489
489 445
445 482
482 474
474 480
480 499
493 479
479 485
485 469
469 493
496 493
493 472
472 483
483 450
450 496
1 496
496 86
3 490
490 138
4 500
500 30
6 479
479 20
8 475
475 24
9 488
488 37
16 459
459 173
17 486
486 38
26 499
499 27
29 489
489 53
32 492
492 172
34 499
499 62
39 487
487 65
41 484
484 80
42 488
488 181
46 500
500 95
48 485
485 61
49 495
495 72
52 494
494 55
54 491
491 56
59 480
480 60
63 499
499 67
64 474
474 222
68 428
428 486
486 188
73 483
483 196
77 498
498 113
79 485
485 85
84 493
493 121
87 487
487 141
91 495
495 152
94 497
497 103
98 473
473 162
100 481
481 203
101 465
465 104
107 435
110 469
469 295
119 447
123 493
493 282
126 472
472 377
127 500
500 156
128 470
470 481
481 229
129 498
498 171
130 485
485 250
142 465
465 493
493 305
146 484
484 223
157 500
500 163
159 494
494 226
165 496
496 238
175 499
499 211
176 500
500 177
178 487
487 260
180 490
490 228
182 497
497 206
184 495
495 200
187 498
498 253
189 500
500 210
191 468
468 338
201 489
489 235
204 483
483 227
213 499
499 216
214 497
497 336
215 464
464 480
480 230
231 494
494 314
233 499
499 246
236 479
479 293
237 489
489 249
240 486
486 255
241 460
248 475
475 349
257 459
459 407
258 476
476 310
263 481
481 288
264 480
480 365
267 487
487 493
493 347
268 461
461 317
274 499
499 278
276 484
484 285
277 482
482 308
279 489
489 368
290 471
471 350
292 484
484 304
302 499
499 337
303 486
307 491
491 381
312 482
482 353
318 496
496 332
319 479
479 328
321 498
498 385
323 483
483 351
324 492
492 339
334 478
478 346
343 492
492 359
344 499
499 355
348 494
494 361
357 493
493 360
362 496
496 366
367 496
496 372
369 478
478 371
373 496
496 378
374 499
499 383
384 492
492 483
483 400
386 498
498 389
387 485
485 413
388 489
489 437
390 482
482 479
391 434
392 462
462 410
393 498
498 403
394 476
395 477
477 417
399 481
481 412
401 494
405 495
495 433
406 491
491 459
408 493
493 489
489 455
409 497
497 411
414 497
497 422
415 484
484 427
418 500
500 419
423 483
426 468
468 499
499 441
441 475
430 497
497 485
485 462
431 480
432 457
436 500
500 443
440 450
444 488
488 461
461 499
445 496
496 441
448 498
498 446
446 471
452 498
498 470
467 500
500 472
474 498
469 491
491 466
466 489
481 500

