236
1 26
26 15
15 6
6 62
62 2
2 10
10 38
38 3
3 14
14 1
5 35
35 7
7 33
33 12
12 5
9 29
29 6
6 16
16 5
5 9
17 25
25 11
11 17
27 23
23 17
17 27
22 37
37 5
5 22
18 22
22 27
27 8
8 9
9 20
20 18
10 40
40 16
16 9
9 67
67 44
44 15
15 38
38 78
78 3
3 45
45 18
18 19
19 10
1 49
49 29
29 13
13 4
4 31
31 10
10 32
32 1
31 25
25 61
61 27
27 30
30 11
11 31
33 28
28 17
17 35
35 6
6 41
41 12
12 42
42 14
14 53
53 20
20 66
66 2
2 71
71 31
31 8
8 33
11 59
59 19
19 40
40 30
30 34
34 8
8 56
56 11
12 80
80 9
9 57
57 12
6 63
63 12
12 59
59 58
58 6
33 26
26 68
68 6
6 94
94 19
19 84
84 11
11 32
32 45
45 17
17 41
41 22
22 33
10 51
51 79
79 7
7 74
74 31
31 90
90 25
25 39
39 37
37 49
49 32
32 46
46 30
30 52
52 33
33 10
50 39
39 42
42 26
26 59
59 24
24 50
40 50
50 21
21 36
36 47
47 4
4 55
55 30
30 99
99 28
28 61
61 48
48 22
22 57
57 16
16 69
69 6
6 89
89 20
20 67
67 35
35 40
10 76
76 40
40 150
150 8
8 54
54 10
1 123
123 10
10 86
86 1
41 50
50 118
118 4
4 93
93 36
36 41
13 80
80 17
17 54
54 46
46 56
56 45
45 47
47 43
43 42
42 66
66 21
21 81
81 31
31 83
83 12
12 70
70 13
1 110
110 9
9 89
89 17
17 179
179 31
31 94
94 40
40 85
85 11
11 92
92 13
13 74
74 30
30 84
84 41
41 53
53 23
23 103
103 1
18 71
71 16
16 62
62 18
71 53
53 59
59 39
39 71
27 91
91 21
21 77
77 51
51 56
56 55
55 47
47 71
71 27
88 76
76 32
32 67
67 52
52 66
66 54
54 94
94 33
33 68
68 46
46 89
89 62
62 63
63 37
37 70
70 29
29 88
73 54
54 88
88 44
44 78
78 85
85 49
49 80
80 27
27 81
81 34
34 69
69 18
18 96
96 5
5 93
93 24
24 73
38 131
131 2
2 102
102 7
7 110
110 11
11 93
93 16
16 92
92 50
50 57
57 61
61 39
39 91
91 38
15 109
109 13
13 97
97 32
32 84
84 37
37 93
93 14
14 125
125 23
23 98
98 20
20 113
113 7
7 151
151 25
25 96
96 38
38 73
73 15
59 88
88 84
84 42
42 72
72 66
66 60
60 56
56 59
87 42
42 92
92 26
26 82
82 3
3 138
138 29
29 87
1 126
126 53
53 86
86 41
41 87
87 43
43 72
72 48
48 67
67 39
39 65
65 94
94 61
61 59
59 64
64 117
117 15
15 108
108 1
1 127
127 12
12 100
100 39
39 81
81 79
79 92
92 76
76 97
97 27
27 101
101 21
21 115
115 11
11 114
114 7
7 122
122 6
6 153
153 2
2 136
136 13
13 112
112 1
106 39
39 101
101 42
42 98
98 36
36 103
103 35
35 106
18 110
110 38
38 104
104 18
3 136
136 38
38 121
121 27
27 112
112 18
18 126
126 3
6 133
133 5
5 124
124 6
45 96
96 74
74 83
83 55
55 73
73 45
24 114
114 19
19 107
107 45
45 75
75 30
30 100
100 60
60 93
93 137
137 6
6 128
128 3
3 119
119 65
65 71
71 57
57 118
118 51
51 106
106 28
28 102
102 24
153 34
34 102
102 46
46 123
123 11
11 153
22 132
132 18
18 134
134 32
32 100
100 52
52 166
166 19
19 153
153 12
12 140
140 39
39 108
108 24
24 111
111 22
128 24
24 169
169 3
3 145
145 4
4 167
167 5
5 138
138 15
15 128
102 88
88 64
64 121
121 44
44 109
109 42
42 110
110 52
52 114
114 46
46 111
111 37
37 102
58 81
81 75
75 86
86 68
68 58
102 62
62 95
95 58
58 101
101 40
40 102
108 64
64 90
90 41
41 108
20 139
139 43
43 113
113 61
61 111
111 62
62 108
108 50
50 102
102 48
48 140
140 21
21 120
120 17
17 135
135 23
23 128
128 22
22 125
125 20
7 138
138 36
36 124
124 33
33 116
116 7
130 33
33 146
146 7
7 133
133 20
20 147
147 14
14 130
47 96
96 95
95 82
82 47
26 115
115 67
67 72
72 57
57 107
107 35
35 112
112 47
47 69
69 71
71 73
73 59
59 105
105 26
133 16
16 154
154 27
27 127
127 26
26 132
132 40
40 139
139 36
36 152
152 10
10 133
133 72
72 122
122 28
28 120
120 41
41 115
115 37
37 138
138 16
16 145
145 11
11 133
164 8
8 162
162 13
13 176
176 5
5 191
191 9
9 148
148 39
39 170
170 25
25 155
155 2
2 164
1 180
180 14
14 172
172 4
4 164
164 37
37 141
141 18
18 133
133 24
24 130
130 1
81 96
96 76
76 124
124 46
46 135
135 22
22 129
129 35
35 116
116 45
45 136
136 33
33 178
178 17
17 162
162 15
15 157
157 7
7 177
177 11
11 151
151 26
26 128
128 61
61 123
123 67
67 126
126 57
57 91
91 80
80 92
92 84
84 90
90 97
97 78
78 81
10 193
193 3
3 190
190 10
4 222
222 2
2 173
173 33
33 162
162 20
20 149
149 41
41 143
143 16
16 192
192 10
10 168
168 18
18 196
196 4
37 204
204 4
4 197
197 14
14 184
184 37
23 171
171 20
20 210
210 10
10 200
200 41
41 185
185 17
17 189
189 5
5 190
190 37
37 178
178 34
34 154
154 23
24 147
147 38
38 142
142 24
158 67
67 159
159 26
26 165
165 8
8 177
177 15
15 241
241 53
53 134
134 40
40 164
164 24
24 144
144 6
6 160
160 12
12 161
161 23
23 151
151 22
22 167
167 45
45 131
131 68
68 99
99 81
81 59
59 77
77 54
54 158
60 110
110 85
85 91
91 111
111 70
70 109
109 60
113 48
48 127
127 44
44 130
130 47
47 113
60 119
119 52
52 173
173 26
26 163
163 22
22 157
157 28
28 128
128 48
48 131
131 63
63 89
89 92
92 90
90 96
96 82
82 108
108 71
71 117
117 77
77 87
87 113
113 60
29 165
165 28
28 181
181 7
7 207
207 24
24 176
176 25
25 171
171 39
39 162
162 42
42 150
150 44
44 144
144 50
50 128
128 60
60 107
107 69
69 100
100 59
59 158
158 29
168 23
23 212
212 7
7 235
235 22
22 168
38 172
172 18
18 193
193 13
13 187
187 11
11 182
182 28
28 168
168 38
175 38
38 163
163 29
29 175
93 91
91 113
113 89
89 93
83 100
100 86
86 101
101 78
78 126
126 81
81 109
109 93
93 83
115 86
86 108
108 83
83 125
125 70
70 142
142 56
56 98
98 66
66 134
134 79
79 118
118 58
58 115
62 127
127 57
57 155
155 30
30 161
161 16
16 182
182 50
50 146
146 54
54 104
104 92
92 107
107 96
96 102
102 59
59 120
120 69
69 115
115 62
165 43
43 151
151 47
47 164
164 55
55 149
149 40
40 165
1 183
183 43
43 202
202 21
21 193
193 19
19 182
182 42
42 167
167 27
27 157
157 75
75 98
98 165
165 35
35 169
169 32
32 147
147 76
76 123
123 65
65 129
129 109
109 94
94 90
90 110
110 64
64 146
146 62
62 175
175 1
103 98
98 99
99 82
82 117
117 131
131 73
73 104
104 74
74 103
97 100
100 104
104 80
80 123
123 83
83 116
116 93
93 120
120 91
91 97
88 152
152 44
44 153
153 89
89 125
125 98
98 113
113 94
94 144
144 74
74 134
134 101
101 132
132 60
60 148
148 59
59 135
135 57
57 133
133 97
97 115
115 71
71 114
114 87
87 108
108 103
103 88
201 28
28 193
193 27
27 174
174 44
44 162
162 57
57 150
150 46
46 139
139 86
86 124
124 114
114 88
88 130
130 51
51 138
138 49
49 156
156 6
6 190
190 38
38 179
179 18
18 201
177 59
59 191
191 23
23 192
192 52
52 161
161 36
36 177
145 77
77 138
138 91
91 127
127 69
69 129
129 71
71 145
188 103
103 126
126 80
80 133
133 145
145 49
49 140
140 73
73 164
164 58
58 136
136 61
61 149
149 62
62 147
147 66
66 151
151 48
48 187
187 31
31 189
189 33
33 208
208 8
8 190
190 42
42 194
194 15
15 188
30 216
216 13
13 209
209 31
31 192
192 40
40 182
182 34
34 180
180 20
20 188
188 16
16 184
184 44
44 177
177 30
138 112
112 99
99 110
110 96
96 137
137 97
97 147
147 86
86 142
142 81
81 143
143 104
104 115
115 122
122 88
88 146
146 87
87 138
128 108
108 102
102 107
107 141
141 83
83 128
100 120
120 128
128 117
117 100
113 124
124 95
95 156
156 100
100 113
39 180
180 84
84 133
133 161
161 69
69 153
153 81
81 158
158 73
73 167
167 102
102 113
113 127
127 96
96 125
125 111
111 138
138 78
78 186
186 6
6 198
198 30
30 183
183 45
45 172
172 39
34 212
212 29
29 168
168 35
35 190
190 34
170 79
79 149
149 130
130 107
107 155
155 66
66 173
173 55
55 176
176 56
56 184
184 47
47 154
154 68
68 170
213 25
25 196
196 26
26 205
205 4
4 248
248 7
7 213
198 77
77 213
213 18
18 195
195 55
55 190
190 85
85 148
148 97
97 174
174 48
48 160
160 98
98 149
149 105
105 110
110 126
126 122
122 177
177 81
81 170
170 64
64 140
140 61
61 168
168 49
49 199
199 40
40 198
181 46
46 163
163 86
86 153
153 76
76 180
180 66
66 198
198 34
34 217
217 3
3 219
219 6
6 211
211 21
21 210
210 30
30 203
203 12
12 197
197 52
52 193
193 67
67 188
188 36
36 181
181 58
58 171
171 97
97 154
154 70
70 168
168 78
78 202
202 48
48 181
9 219
219 16
16 223
223 18
18 250
250 5
5 234
234 2
2 239
239 25
25 214
214 33
33 215
215 49
49 169
169 98
98 168
168 74
74 179
179 57
57 166
166 68
68 181
181 39
39 201
201 9
206 23
23 197
197 15
15 222
222 30
30 221
221 17
17 206
71 178
178 59
59 183
183 64
64 171
171 75
75 163
163 61
61 162
162 72
72 200
200 43
43 194
194 89
89 164
164 87
87 167
167 99
99 140
140 71
71 176
176 79
79 180
180 78
78 179
179 93
93 193
193 62
62 150
150 71
204 80
80 139
139 95
95 129
129 110
110 123
123 136
136 82
82 192
192 70
70 183
183 71
71 204
215 40
40 244
244 11
11 230
230 20
20 242
242 10
10 218
218 49
49 224
224 4
4 236
236 31
31 216
216 36
36 211
211 65
65 169
169 90
90 204
204 45
45 196
196 35
35 215
12 266
266 61
61 215
215 57
57 195
195 19
19 206
206 12
220 19
19 249
249 32
32 206
206 27
27 251
251 8
8 263
263 12
12 220
220 49
49 235
235 41
41 203
203 50
50 196
196 64
64 205
205 47
47 189
189 39
39 245
245 27
27 229
229 43
43 220
234 24
24 219
219 62
62 197
197 46
46 207
207 48
48 236
236 66
66 185
185 54
54 199
199 51
51 220
220 3
3 272
272 6
6 234
9 295
295 16
16 231
231 19
19 222
222 42
42 206
206 35
35 214
214 48
48 219
219 33
33 223
223 46
46 234
234 9
1 304
304 29
29 240
240 3
3 233
233 37
37 249
249 28
28 248
248 18
18 239
239 9
9 255
255 1
15 272
272 26
26 237
237 33
33 225
225 30
30 233
233 15
121 118
118 129
129 123
123 140
140 132
132 114
114 134
134 92
92 158
158 94
94 121
147 122
122 149
149 104
104 144
144 107
107 163
163 108
108 147
125 139
139 115
115 113
113 135
135 111
111 126
126 153
153 143
143 114
114 147
147 138
138 127
127 125
113 146
146 101
101 178
178 76
76 206
206 45
45 218
218 40
40 267
267 4
4 262
262 10
10 243
243 37
37 254
254 30
30 253
253 48
48 234
234 59
59 184
184 91
91 170
170 111
111 137
137 116
116 113
183 84
84 213
213 78
78 191
191 73
73 200
200 79
79 183
142 176
176 90
90 183
183 88
88 192
192 92
92 151
151 113
113 144
144 112
112 154
154 120
120 134
134 153
153 160
160 118
118 141
141 125
125 142
121 163
163 113
113 159
159 135
135 145
145 136
136 140
140 126
126 149
149 142
142 121
69 197
197 68
68 171
171 114
114 167
167 141
141 126
126 156
156 134
134 133
133 96
96 166
166 69
182 93
93 180
180 95
95 181
181 72
72 205
205 73
73 195
195 126
126 159
159 125
125 170
170 108
108 166
166 101
101 224
224 50
50 228
228 51
51 209
209 54
54 203
203 63
63 207
207 76
76 187
187 75
75 182
44 214
214 82
82 182
182 69
69 169
169 107
107 150
150 112
112 158
158 121
121 165
165 100
100 172
172 60
60 211
211 44
232 54
54 231
231 44
44 232
35 237
237 43
43 230
230 47
47 242
242 49
49 232
232 35
5 262
262 7
7 259
259 3
3 252
252 5
257 17
17 275
275 23
23 226
226 21
21 260
260 5
5 257
296 33
33 238
238 2
2 296
10 280
280 6
6 273
273 10
10 286
286 3
3 304
304 7
7 282
282 23
23 276
276 10
191 107
107 178
178 102
102 204
204 125
125 163
163 124
124 150
150 122
122 175
175 74
74 196
196 98
98 181
181 110
110 169
169 96
96 152
152 136
136 153
153 140
140 144
144 116
116 146
146 145
145 137
137 117
117 199
199 90
90 191
95 202
202 97
97 197
197 96
96 201
201 95
80 216
216 38
38 221
221 79
79 207
207 80
31 281
281 39
39 260
260 44
44 246
246 31
252 31
31 240
240 80
80 219
219 95
95 182
182 110
110 190
190 118
118 179
179 117
117 162
162 109
109 188
188 81
81 187
187 94
94 191
191 113
113 184
184 71
71 284
284 32
32 276
276 27
27 252
203 83
83 227
227 65
65 215
215 72
72 203
209 88
88 207
207 94
94 219
219 97
97 203
203 68
68 209
19 289
289 8
8 262
262 37
37 271
271 81
81 212
212 71
71 209
209 52
52 220
220 55
55 252
252 19
269 19
19 239
239 47
47 255
255 11
11 287
287 2
2 278
278 10
10 269
9 264
264 12
12 269
269 4
4 285
285 36
36 226
226 60
60 230
230 64
64 259
259 22
22 243
243 13
13 296
296 78
78 235
235 54
54 257
257 9
258 11
11 283
283 9
9 258
157 112
112 172
172 104
104 157
129 146
146 119
119 172
172 140
140 157
157 139
139 129
129 189
189 102
102 197
197 99
99 192
192 101
101 182
182 122
122 151
151 138
138 163
163 129
155 193
193 124
124 172
172 151
151 132
132 169
169 134
134 164
164 106
106 180
180 129
129 131
131 168
168 136
136 155
123 174
174 120
120 183
183 112
112 178
178 127
127 158
158 132
132 156
156 163
163 155
155 123
34 240
240 102
102 196
196 120
120 184
184 115
115 147
147 119
119 187
187 108
108 180
180 130
130 162
162 143
143 157
157 149
149 137
137 153
153 178
178 123
123 154
154 116
116 204
204 109
109 185
185 87
87 173
173 86
86 232
232 72
72 230
230 62
62 226
226 56
56 222
222 34
311 42
42 256
256 41
41 274
274 52
52 228
228 58
58 236
236 60
60 239
239 34
34 264
264 14
14 300
300 36
36 286
286 39
39 311
217 88
88 215
215 74
74 246
246 54
54 249
249 49
49 243
243 58
58 237
237 63
63 210
210 135
135 189
189 150
150 171
171 111
111 186
186 106
106 173
173 141
141 181
181 114
114 198
198 105
105 241
241 68
68 217
92 232
232 100
100 201
201 106
106 237
237 65
65 254
254 88
88 218
218 73
73 221
221 55
55 228
228 74
74 236
236 64
64 238
238 87
87 214
214 45
45 256
256 63
63 243
243 86
86 194
194 139
139 169
169 158
158 145
145 154
154 156
156 133
133 165
165 128
128 186
186 112
112 205
205 124
124 195
195 92
223 76
76 246
246 77
77 234
234 55
55 223
223 82
82 220
220 57
57 223
133 179
179 119
119 199
199 130
130 187
187 128
128 175
175 152
152 168
168 137
137 172
172 133
59 271
271 86
86 257
257 99
99 200
200 111
111 206
206 89
89 215
215 107
107 201
201 137
137 179
179 136
136 175
175 144
144 146
146 148
148 159
159 131
131 166
166 138
138 187
187 133
133 167
167 143
143 173
173 140
140 208
208 85
85 231
231 70
70 225
225 38
38 305
305 14
14 285
285 6
6 292
292 45
45 288
288 27
27 301
301 11
11 262
262 73
73 223
223 92
92 216
216 90
90 217
217 83
83 245
245 51
51 248
248 50
50 260
260 56
56 267
267 53
53 311
311 21
21 258
258 59
46 277
277 43
43 262
262 59
59 244
244 46
41 272
272 20
20 261
261 41
279 50
50 286
286 41
41 269
269 30
30 265
265 46
46 253
253 35
35 295
295 15
15 279
1 320
320 9
9 292
292 34
34 282
282 10
10 304
304 8
8 334
334 5
5 268
268 37
37 263
263 24
24 273
273 26
26 287
287 25
25 279
279 1
25 300
300 43
43 296
296 25
291 77
77 251
251 47
47 314
314 6
6 313
313 3
3 302
302 2
2 306
306 17
17 309
309 11
11 308
308 25
25 291
24 306
306 16
16 299
299 32
32 291
291 24
14 329
329 4
4 315
315 10
10 339
339 26
26 304
304 36
36 308
308 14
248 60
60 253
253 71
71 249
249 55
55 248
65 267
267 66
66 238
238 65
256 65
65 248
248 54
54 282
282 51
51 256
238 85
85 246
246 87
87 244
244 62
62 271
271 69
69 238
72 276
276 46
46 346
346 15
15 297
297 80
80 243
243 70
70 233
233 72
213 94
94 218
218 111
111 203
203 103
103 240
240 72
72 238
238 90
90 223
223 75
75 209
209 84
84 234
234 110
110 188
188 122
122 200
200 128
128 201
201 116
116 210
210 89
89 213
119 188
188 131
131 180
180 119
182 119
119 218
218 96
96 223
223 106
106 202
202 116
116 207
207 115
115 214
214 93
93 213
213 114
114 182
192 148
148 196
196 104
104 213
213 123
123 192
146 188
188 145
145 192
192 117
117 191
191 127
127 183
183 151
151 173
173 155
155 186
186 134
134 197
197 143
143 174
174 146
162 176
176 158
158 172
172 166
166 177
177 146
146 153
153 162
194 155
155 184
184 153
153 199
199 131
131 195
195 150
150 219
219 115
115 241
241 119
119 191
191 145
145 197
197 136
136 189
189 147
147 157
157 163
163 162
162 142
142 182
182 156
156 171
171 169
169 165
165 160
160 154
154 185
185 144
144 194
91 209
209 159
159 161
161 183
183 138
138 189
189 153
153 194
194 91
222 105
105 236
236 83
83 260
260 101
101 229
229 40
40 266
266 18
18 298
298 23
23 303
303 37
37 332
332 13
13 270
270 70
70 248
248 74
74 230
230 91
91 222
180 165
165 173
173 161
161 194
194 154
154 180
149 179
179 180
180 163
163 168
168 164
164 149
123 244
244 112
112 190
190 160
160 195
195 156
156 192
192 149
149 200
200 143
143 204
204 133
133 241
241 123
212 118
118 217
217 113
113 203
203 122
122 232
232 105
105 254
254 67
67 211
211 98
98 238
238 104
104 212
117 205
205 164
164 178
178 162
162 197
197 169
169 173
173 166
166 186
186 163
163 198
198 117
207 126
126 215
215 108
108 209
209 117
117 207
84 228
228 118
118 233
233 117
117 211
211 134
134 202
202 129
129 191
191 121
121 218
218 130
130 207
207 136
136 214
214 127
127 212
212 84
248 108
108 257
257 104
104 267
267 79
79 262
262 57
57 258
258 106
106 250
250 91
91 261
261 55
55 288
288 85
85 251
251 94
94 227
227 84
84 248
231 139
139 201
201 131
131 248
248 123
123 229
229 109
109 231
157 199
199 160
160 212
212 149
149 196
196 194
194 170
170 157
157 174
174 167
167 172
172 171
171 157
321 11
11 328
328 31
31 265
265 38
38 297
297 18
18 278
278 98
98 239
239 124
124 224
224 120
120 206
206 157
157 202
202 137
137 215
215 141
141 213
213 122
122 231
231 97
97 222
222 95
95 252
252 60
60 256
256 47
47 327
327 12
12 319
319 3
3 323
323 8
8 321
283 109
109 272
272 44
44 268
268 38
38 283
47 291
291 68
68 242
242 96
96 259
259 92
92 243
243 97
97 235
235 82
82 274
274 48
48 295
295 106
106 267
267 126
126 211
211 128
128 233
233 145
145 201
201 142
142 223
223 107
107 284
284 74
74 296
296 50
50 283
283 65
65 263
263 47
63 285
285 47
47 273
273 63
7 325
325 25
25 309
309 19
19 275
275 63
63 281
281 54
54 266
266 83
83 310
310 18
18 321
321 7
309 44
44 294
294 20
20 278
278 30
30 304
304 40
40 320
320 33
33 309
17 335
335 12
12 337
337 8
8 352
352 11
11 334
334 41
41 318
318 42
42 321
321 47
47 287
287 49
49 299
299 52
52 277
277 59
59 282
282 55
55 323
323 35
35 309
309 36
36 338
338 7
7 313
313 17
317 43
43 304
304 45
45 305
305 78
78 341
341 19
19 353
353 17
17 331
331 2
2 312
312 14
14 317
32 326
326 38
38 301
301 73
73 269
269 62
62 256
256 64
64 279
279 69
69 305
305 52
52 324
324 3
3 382
382 6
6 330
330 10
10 316
316 32
1 344
344 3
3 357
357 32
32 306
306 49
49 343
343 14
14 328
328 21
21 317
317 24
24 333
333 1
70 281
281 83
83 270
270 71
71 258
258 88
88 255
255 60
60 275
275 79
79 279
279 70
319 70
70 291
291 54
54 343
343 67
67 266
266 56
56 298
298 51
51 287
287 74
74 313
313 18
18 328
328 24
24 319
84 302
302 34
34 300
300 54
54 292
292 30
30 280
280 111
111 272
272 119
119 253
253 94
94 262
262 84
5 367
367 3
3 358
358 8
8 342
342 4
4 348
348 5
12 359
359 4
4 355
355 5
5 347
347 9
9 325
325 27
27 293
293 84
84 319
319 16
16 351
351 12
36 345
345 13
13 339
339 36
354 36
36 322
322 42
42 340
340 29
29 366
366 5
5 361
361 7
7 354
354 26
26 407
407 8
8 362
362 13
13 350
350 9
9 352
352 22
22 278
278 91
91 255
255 90
90 265
265 72
72 247
247 58
58 288
288 83
83 286
286 56
56 290
290 28
28 351
351 25
25 328
328 30
30 344
344 20
20 354
37 347
347 27
27 334
334 45
45 306
306 65
65 295
295 79
79 322
322 37
12 390
390 25
25 370
370 7
7 388
388 3
3 408
408 17
17 356
356 21
21 367
367 38
38 333
333 37
37 331
331 28
28 293
293 55
55 354
354 15
15 383
383 12
368 31
31 329
329 16
16 404
404 12
12 368
75 276
276 76
76 314
314 51
51 320
320 74
74 291
291 87
87 268
268 93
93 243
243 103
103 220
220 125
125 247
247 89
89 264
264 75
342 39
39 300
300 71
71 277
277 90
90 279
279 89
89 269
269 75
75 363
363 9
9 365
365 20
20 379
379 32
32 359
359 15
15 371
371 23
23 342
294 91
91 280
280 60
60 301
301 63
63 300
300 87
87 294
175 174
174 179
179 204
204 161
161 175
259 121
121 217
217 131
131 243
243 105
105 239
239 137
137 209
209 153
153 190
190 138
138 191
191 189
189 163
163 192
192 175
175 231
231 128
128 226
226 142
142 206
206 165
165 188
188 152
152 225
225 95
95 256
256 103
103 261
261 104
104 259
178 186
186 173
173 184
184 178
185 182
182 172
172 191
191 140
140 224
224 169
169 198
198 213
213 156
156 220
220 113
113 222
222 131
131 233
233 136
136 218
218 144
144 216
216 177
177 167
167 208
208 188
188 178
178 185
114 254
254 116
116 239
239 134
134 222
222 176
176 181
181 186
186 184
184 185
185 199
199 158
158 228
228 129
129 238
238 114
118 270
270 88
88 346
346 50
50 307
307 68
68 295
295 91
91 318
318 78
78 313
313 79
79 296
296 117
117 267
267 113
113 242
242 130
130 237
237 133
133 236
236 147
147 217
217 138
138 234
234 127
127 230
230 115
115 266
266 118
268 115
115 262
262 105
105 299
299 58
58 290
290 88
88 287
287 75
75 271
271 92
92 264
264 94
94 268
249 140
140 227
227 149
149 235
235 100
100 251
251 97
97 249
227 153
153 224
224 171
171 197
197 187
187 195
195 201
201 175
175 202
202 183
183 167
167 200
200 150
150 227
155 227
227 160
160 214
214 162
162 215
215 186
186 192
192 179
179 196
196 168
168 226
226 131
131 230
230 161
161 209
209 155
135 257
257 132
132 211
211 155
155 203
203 173
173 233
233 135
249 135
135 243
243 133
133 254
254 125
125 249
24 356
356 54
54 309
309 77
77 307
307 91
91 317
317 58
58 304
304 59
59 321
321 57
57 289
289 62
62 278
278 64
64 285
285 126
126 269
269 163
163 246
246 148
148 207
207 193
193 204
204 190
190 203
203 158
158 232
232 129
129 239
239 122
122 240
240 143
143 252
252 133
133 249
249 108
108 255
255 95
95 268
268 118
118 245
245 169
169 250
250 114
114 259
259 123
123 260
260 107
107 294
294 61
61 329
329 43
43 342
342 65
65 315
315 49
49 335
335 45
45 348
348 24
18 404
404 41
41 388
388 26
26 361
361 29
29 372
372 4
4 360
360 21
21 369
369 24
24 358
358 18
384 22
22 373
373 18
18 368
368 11
11 384
34 364
364 33
33 361
361 77
77 334
334 34
180 198
198 191
191 180
146 243
243 181
181 211
211 166
166 212
212 203
203 221
221 146
306 72
72 311
311 60
60 306
35 370
370 36
36 359
359 44
44 355
355 28
28 357
357 83
83 291
291 92
92 300
300 84
84 306
306 80
80 325
325 91
91 319
319 134
134 255
255 120
120 242
242 173
173 214
214 168
168 207
207 157
157 235
235 167
167 216
216 154
154 241
241 147
147 253
253 146
146 230
230 160
160 236
236 152
152 210
210 180
180 200
200 174
174 288
288 90
90 301
301 61
61 324
324 87
87 330
330 35
35 378
378 7
7 412
412 12
12 406
406 42
42 383
383 31
31 389
389 13
13 401
401 6
6 398
398 30
30 352
352 39
39 353
353 35
377 18
18 380
380 5
5 377
337 43
43 375
375 14
14 394
394 24
24 397
397 4
4 408
408 10
10 376
376 11
11 377
377 19
19 365
365 44
44 362
362 35
35 337
81 329
329 75
75 293
293 81
266 129
129 242
242 142
142 257
257 154
154 243
243 147
147 244
244 128
128 258
258 102
102 300
300 119
119 277
277 140
140 278
278 105
105 293
293 108
108 283
283 89
89 297
297 121
121 266
124 270
270 137
137 259
259 147
147 266
266 144
144 245
245 124
155 248
248 157
157 237
237 151
151 230
230 155
239 152
152 244
244 155
155 222
222 196
196 189
189 206
206 205
205 219
219 177
177 226
226 172
172 229
229 138
138 251
251 131
131 239
216 198
198 218
218 164
164 266
266 159
159 263
263 99
99 265
265 138
138 239
239 179
179 216
256 199
199 200
200 194
194 244
244 185
185 216
216 186
186 238
238 161
161 232
232 168
168 225
225 162
162 257
257 153
153 252
252 148
148 247
247 141
141 256
202 201
201 207
207 182
182 224
224 197
197 202
116 287
287 94
94 271
271 157
157 249
249 145
145 245
245 167
167 236
236 178
178 226
226 207
207 208
208 170
170 222
222 200
200 202
202 192
192 211
211 191
191 255
255 142
142 251
251 149
149 256
256 124
124 275
275 116
66 333
333 79
79 375
375 48
48 349
349 55
55 303
303 66
81 349
349 61
61 327
327 60
60 340
340 53
53 331
331 49
49 338
338 51
51 316
316 98
98 282
282 64
64 312
312 66
66 290
290 82
82 298
298 116
116 285
285 86
86 296
296 81
308 82
82 292
292 97
97 274
274 114
114 261
261 127
127 267
267 141
141 287
287 145
145 264
264 135
135 260
260 124
124 303
303 84
84 314
314 81
81 335
335 78
78 345
345 72
72 308
93 292
292 101
101 280
280 131
131 275
275 128
128 295
295 100
100 276
276 93
281 156
156 242
242 186
186 227
227 190
190 236
236 177
177 234
234 162
162 243
243 160
160 263
263 182
182 212
212 183
183 237
237 164
164 239
239 168
168 275
275 144
144 270
270 132
132 283
283 125
125 262
262 133
133 267
267 142
142 276
276 102
102 306
306 106
106 317
317 93
93 281
96 335
335 93
93 318
318 127
127 302
302 142
142 274
274 129
129 277
277 159
159 279
279 105
105 311
311 120
120 265
265 112
112 273
273 96
332 118
118 271
271 123
123 285
285 133
133 268
268 130
130 322
322 89
89 309
309 59
59 332
323 74
74 338
338 60
60 332
332 76
76 290
290 110
110 318
318 100
100 316
316 82
82 320
320 96
96 292
292 103
103 281
281 99
99 282
282 113
113 308
308 71
71 324
324 63
63 323
14 390
390 18
18 410
410 16
16 386
386 19
19 382
382 7
7 387
387 14
161 274
274 160
160 256
256 161
158 277
277 154
154 265
265 136
136 258
258 146
146 264
264 179
179 240
240 188
188 222
222 211
211 205
205 236
236 202
202 230
230 175
175 242
242 168
168 249
249 158
112 289
289 90
90 296
296 104
104 290
290 99
99 291
291 130
130 280
280 152
152 264
264 158
158 252
252 166
166 228
228 171
171 225
225 170
170 259
259 161
161 272
272 112
315 108
108 299
299 117
117 311
311 116
116 300
300 123
123 290
290 114
114 282
282 112
112 304
304 95
95 403
403 14
14 376
376 45
45 336
336 78
78 338
338 120
120 316
316 106
106 307
307 94
94 315
256 180
180 226
226 209
209 272
272 166
166 256
170 235
235 162
162 258
258 172
172 228
228 170
187 220
220 210
210 187
223 191
191 226
226 225
225 184
184 223
213 231
231 189
189 217
217 215
215 194
194 206
206 224
224 205
205 235
235 228
228 197
197 234
234 196
196 223
223 176
176 253
253 165
165 258
258 204
204 213
135 309
309 102
102 296
296 136
136 273
273 173
173 258
258 175
175 243
243 194
194 237
237 212
212 214
214 213
213 229
229 207
207 232
232 187
187 227
227 208
208 241
241 170
170 261
261 177
177 246
246 185
185 247
247 171
171 256
256 169
169 262
262 148
148 267
267 161
161 260
260 139
139 295
295 135
326 74
74 336
336 52
52 326
145 309
309 160
160 279
279 178
178 275
275 169
169 265
265 158
158 290
290 157
157 283
283 137
137 280
280 132
132 298
298 103
103 296
296 126
126 326
326 40
40 347
347 69
69 340
340 110
110 319
319 125
125 286
286 113
113 297
297 145
135 335
335 109
109 312
312 122
122 306
306 113
113 301
301 145
145 311
311 135
84 338
338 86
86 305
305 84
70 353
353 43
43 344
344 84
84 324
324 96
96 329
329 88
88 349
349 97
97 313
313 111
111 319
319 131
131 281
281 172
172 287
287 147
147 276
276 148
148 299
299 128
128 282
282 115
115 318
318 135
135 284
284 112
112 330
330 95
95 315
315 71
71 323
323 70
350 52
52 355
355 50
50 350
56 352
352 49
49 361
361 57
57 376
376 28
28 360
360 66
66 350
350 37
37 364
364 70
70 343
343 56
356 59
59 361
361 73
73 347
347 65
65 357
357 39
39 356
38 373
373 57
57 371
371 38
34 339
339 58
58 351
351 65
65 390
390 19
19 394
394 18
18 398
398 38
38 372
372 50
50 378
378 52
52 356
356 27
27 377
377 56
56 337
337 34
368 70
70 377
377 58
58 371
371 63
63 339
339 85
85 363
363 103
103 315
315 111
111 325
325 101
101 381
381 49
49 364
364 112
112 331
331 102
102 334
334 91
91 357
357 79
79 344
344 108
108 329
329 130
130 302
302 141
141 336
336 88
88 354
354 74
74 350
350 81
81 341
341 99
99 310
310 107
107 324
324 90
90 343
343 78
78 366
366 55
55 368
53 372
372 97
97 361
361 89
89 332
332 101
101 352
352 67
67 368
368 53
391 31
31 394
394 48
48 401
401 22
22 391
379 28
28 391
391 23
23 379
1 418
418 29
29 367
367 35
35 391
391 37
37 379
379 53
53 365
365 46
46 374
374 34
34 384
384 1
1 426
426 49
49 392
392 20
20 386
386 46
46 397
397 47
47 385
385 1
393 36
36 391
391 43
43 394
394 39
39 387
387 11
11 396
396 2
2 393
1 430
430 20
20 404
404 23
23 405
405 5
5 416
416 19
19 393
393 33
33 428
428 1
432 12
12 416
416 6
6 427
427 5
5 432
1 446
446 9
9 432
432 27
27 411
411 10
10 420
420 2
2 423
423 7
7 409
409 8
8 431
431 1
14 439
439 48
48 400
400 24
24 398
398 51
51 370
370 54
54 364
364 60
60 371
371 78
78 356
356 93
93 360
360 69
69 369
369 68
68 321
321 100
100 332
332 95
95 345
345 84
84 359
359 67
67 358
358 59
59 384
384 61
61 373
373 66
66 387
387 44
44 391
391 53
53 424
424 10
10 415
415 17
17 413
413 3
3 395
395 33
33 423
423 14
21 438
438 14
14 432
432 15
15 468
468 19
19 462
462 25
25 396
396 21
13 414
414 24
24 402
402 21
21 382
382 34
34 405
405 36
36 408
408 13
370 76
76 348
348 72
72 389
389 45
45 422
422 66
66 394
394 44
44 398
398 26
26 393
393 59
59 362
362 73
73 383
383 83
83 371
371 65
65 370
155 284
284 168
168 254
254 164
164 263
263 162
162 267
267 155
312 152
152 308
308 117
117 317
317 116
116 313
313 128
128 334
334 107
107 343
343 106
106 377
377 74
74 386
386 71
71 364
364 81
81 375
375 92
92 320
320 113
113 307
307 148
148 311
311 150
150 269
269 149
149 268
268 170
170 252
252 188
188 280
280 155
155 291
291 129
129 318
318 143
143 293
293 146
146 282
282 139
139 312
165 282
282 179
179 268
268 167
167 291
291 164
164 279
279 185
185 248
248 174
174 245
245 190
190 299
299 155
155 293
293 151
151 300
300 144
144 278
278 165
340 105
105 310
310 156
156 285
285 200
200 227
227 209
209 230
230 219
219 213
213 247
247 190
190 304
304 124
124 323
323 128
128 326
326 150
150 341
341 122
122 317
317 152
152 337
337 104
104 340
87 348
348 116
116 343
343 124
124 344
344 87
75 400
400 54
54 372
372 87
87 347
347 94
94 346
346 117
117 340
340 111
111 324
324 125
125 329
329 114
114 305
305 165
165 312
312 141
141 381
381 112
112 379
379 76
76 374
374 72
72 362
362 75
16 418
418 31
31 407
407 41
41 421
421 26
26 413
413 50
50 385
385 58
58 380
380 75
75 382
382 65
65 414
414 16
415 23
23 417
417 16
16 415
11 427
427 17
17 419
419 24
24 415
415 36
36 411
411 52
52 401
401 63
63 397
397 62
62 355
355 100
100 395
395 70
70 370
370 60
60 412
412 13
13 425
425 11
8 437
437 4
4 446
446 13
13 426
426 11
11 440
440 29
29 429
429 8
35 439
439 21
21 416
416 35
432 46
46 396
396 65
65 429
429 31
31 427
427 28
28 432
39 415
415 53
53 416
416 33
33 410
410 39
23 488
488 19
19 475
475 23
444 22
22 452
452 5
5 434
434 26
26 440
440 14
14 442
442 29
29 494
494 23
23 420
420 33
33 418
418 39
39 432
432 40
40 399
399 47
47 423
423 36
36 425
425 35
35 409
409 18
18 444
433 40
40 444
444 8
8 433
433 46
46 450
450 16
16 436
436 15
15 448
448 31
31 433
1 457
457 32
32 407
407 45
45 405
405 67
67 433
433 1
342 114
114 345
345 110
110 348
348 98
98 338
338 107
107 342
242 217
217 198
198 233
233 224
224 254
254 192
192 269
269 175
175 266
266 180
180 262
262 193
193 220
220 203
203 270
270 197
197 242
212 258
258 246
246 221
221 210
210 234
234 242
242 183
183 273
273 177
177 263
263 186
186 245
245 194
194 257
257 189
189 251
251 212
243 234
234 211
211 238
238 203
203 233
233 227
227 201
201 243
318 148
148 316
316 121
121 305
305 155
155 302
302 200
200 292
292 161
161 286
286 137
137 333
333 113
113 327
327 147
147 318
315 196
196 239
239 201
201 266
266 199
199 281
281 149
149 318
318 139
139 294
294 174
174 252
252 209
209 233
233 226
226 235
235 245
245 228
228 243
243 256
256 264
264 181
181 250
250 206
206 222
222 218
218 214
214 260
260 212
212 249
249 176
176 278
278 166
166 313
313 129
129 346
346 109
109 347
347 138
138 315
307 137
137 298
298 136
136 307
115 319
319 152
152 322
322 141
141 333
333 142
142 307
307 165
165 315
315 115
91 368
368 118
118 338
338 115
115 342
342 91
91 426
426 35
35 431
431 59
59 399
399 64
64 365
365 73
73 378
378 91
55 401
401 56
56 407
407 57
57 388
388 91
91 387
387 71
71 392
392 72
72 398
398 55
166 311
311 199
199 271
271 176
176 305
305 157
157 302
302 159
159 284
284 186
186 301
301 169
169 286
286 166
372 81
81 373
373 95
95 370
370 80
80 321
321 133
133 289
289 177
177 291
291 176
176 276
276 201
201 253
253 191
191 286
286 185
185 310
310 166
166 294
294 172
172 332
332 119
119 352
352 111
111 355
355 85
85 367
367 90
90 359
359 105
105 353
353 98
98 424
424 63
63 402
402 55
55 396
396 69
69 372
411 105
105 372
372 77
77 412
412 67
67 411
392 111
111 354
354 114
114 362
362 113
113 358
358 86
86 383
383 74
74 378
378 103
103 392
106 365
365 84
84 351
351 106
324 151
151 295
295 154
154 340
340 135
135 323
323 137
137 321
321 131
131 327
327 134
134 324
283 198
198 265
265 191
191 273
273 221
221 251
251 207
207 262
262 188
188 274
274 218
218 230
230 240
240 187
187 289
289 149
149 303
303 161
161 293
293 171
171 283
285 163
163 300
300 153
153 316
316 167
167 294
294 177
177 298
298 158
158 285
239 220
220 214
214 239
276 202
202 253
253 208
208 255
255 205
205 250
250 195
195 216
216 239
239 224
224 257
257 211
211 244
244 219
219 231
231 229
229 260
260 227
227 267
267 183
183 276
231 238
238 214
214 233
233 223
223 231
296 175
175 300
300 171
171 294
294 192
192 259
259 254
254 231
231 232
232 249
249 225
225 263
263 193
193 276
276 197
197 285
285 173
173 283
283 162
162 296
325 145
145 320
320 132
132 325
368 123
123 345
345 152
152 323
323 141
141 325
325 151
151 336
336 170
170 296
296 154
154 324
324 127
127 348
348 115
115 376
376 87
87 373
373 94
94 368
428 79
79 366
366 85
85 389
389 109
109 372
372 114
114 368
368 106
106 392
392 124
124 359
359 100
100 391
391 76
76 411
411 42
42 417
417 34
34 428
3 456
456 6
6 451
451 33
33 488
488 66
66 428
428 39
39 430
430 10
10 445
445 3
458 3
3 472
472 2
2 458
38 410
410 81
81 382
382 78
78 394
394 88
88 339
339 102
102 361
361 100
100 385
385 61
61 405
405 65
65 408
408 55
55 406
406 38
38 440
440 40
40 446
446 8
8 449
449 21
21 445
445 50
50 438
438 38
465 22
22 449
449 12
12 465
465 33
33 457
457 21
21 454
454 39
39 449
449 28
28 465
58 444
444 51
51 438
438 58
361 139
139 335
335 166
166 379
379 113
113 364
364 104
104 378
378 120
120 355
355 121
121 361
148 361
361 108
108 349
349 117
117 373
373 93
93 363
363 122
122 342
342 148
409 45
45 442
442 26
26 464
464 8
8 471
471 7
7 460
460 47
47 443
443 4
4 441
441 14
14 473
473 28
28 454
454 30
30 404
404 84
84 410
410 75
75 402
402 69
69 405
405 99
99 351
351 148
148 344
344 125
125 343
343 127
127 328
328 82
82 414
414 72
72 432
432 43
43 409
44 421
421 110
110 360
360 117
117 350
350 82
82 380
380 80
80 409
409 44
456 70
70 405
405 76
76 400
400 89
89 369
369 90
90 402
402 96
96 375
375 101
101 356
356 128
128 354
354 135
135 342
342 131
131 331
331 129
129 378
378 118
118 388
388 106
106 370
370 102
102 357
357 98
98 397
397 82
82 390
390 71
71 393
393 61
61 453
453 12
12 489
489 9
9 463
463 4
4 482
482 14
14 447
447 54
54 417
417 44
44 467
467 24
24 452
452 58
58 476
476 35
35 465
465 13
13 456
38 474
474 15
15 463
463 17
17 478
478 16
16 466
466 10
10 434
434 83
83 423
423 53
53 451
451 27
27 456
456 38
214 247
247 219
219 253
253 216
216 237
237 260
260 235
235 236
236 215
215 241
241 214
221 284
284 189
189 283
283 181
181 277
277 221
347 149
149 321
321 158
158 309
309 162
162 295
295 182
182 278
278 203
203 276
276 255
255 225
225 253
253 242
242 238
238 267
267 265
265 204
204 292
292 221
221 282
282 180
180 268
268 209
209 269
269 214
214 329
329 146
146 297
297 187
187 352
352 142
142 355
355 126
126 347
140 338
338 164
164 306
306 153
153 325
325 156
156 321
321 160
160 314
314 159
159 308
308 172
172 307
307 183
183 288
288 191
191 278
278 195
195 277
277 212
212 262
262 251
251 223
223 273
273 231
231 261
261 226
226 268
268 220
220 241
241 249
249 290
290 168
168 347
347 134
134 339
339 147
147 330
330 144
144 319
319 140
100 405
405 111
111 393
393 86
86 410
410 89
89 420
420 81
81 416
416 62
62 421
421 52
52 427
427 76
76 408
408 96
96 407
407 129
129 360
360 130
130 346
346 132
132 350
350 119
119 412
412 93
93 387
387 113
113 382
382 100
458 48
48 442
442 96
96 414
414 111
111 408
408 84
84 428
428 73
73 384
384 100
100 371
371 123
123 390
390 126
126 358
358 121
121 367
367 107
107 365
365 150
150 339
339 140
140 380
380 90
90 425
425 64
64 454
454 43
43 441
441 53
53 450
450 50
50 455
455 36
36 435
435 11
11 469
469 61
61 452
452 44
44 457
457 38
38 419
419 18
18 458
466 45
45 437
437 20
20 466
26 495
495 5
5 470
470 38
38 469
469 32
32 460
460 29
29 475
475 22
22 477
477 17
17 480
480 15
15 490
490 26
481 24
24 484
484 4
4 481
1 479
479 34
34 481
481 8
8 470
470 18
18 491
491 26
26 466
466 36
36 458
458 1
102 409
409 84
84 411
411 107
107 394
394 90
90 416
416 86
86 399
399 106
106 398
398 122
122 391
391 102
418 97
97 396
396 78
78 386
386 92
92 432
432 76
76 440
440 102
102 433
433 93
93 418
57 451
451 81
81 435
435 64
64 431
431 60
60 422
422 52
52 443
443 57
466 39
39 471
471 11
11 499
499 33
33 466
427 71
71 446
446 41
41 466
466 31
31 485
485 43
43 473
473 29
29 500
500 7
7 482
482 44
44 463
463 57
57 427
427 100
100 406
406 65
65 415
415 72
72 434
434 55
55 430
430 67
67 448
448 20
20 486
486 39
39 484
484 34
34 491
491 28
28 478
478 60
60 437
437 77
77 427
259 240
240 233
233 247
247 215
215 288
288 195
195 302
302 174
174 322
322 165
165 317
317 167
167 335
335 144
144 333
333 204
204 271
271 217
217 259
131 346
346 165
165 350
350 137
137 331
331 187
187 298
298 213
213 248
248 190
190 274
274 210
210 252
252 247
247 238
238 260
260 239
239 232
232 259
259 234
234 258
258 236
236 241
241 229
229 243
243 343
343 131
205 281
281 216
216 266
266 225
225 276
276 205
314 195
195 291
291 205
205 283
283 203
203 298
298 190
190 361
361 213
213 322
322 184
184 356
356 143
143 357
357 158
158 328
328 151
151 331
331 161
161 308
308 192
192 314
154 320
320 163
163 309
309 200
200 314
314 179
179 311
311 173
173 297
297 154
372 162
162 325
325 167
167 321
321 173
173 324
324 197
197 299
299 220
220 269
269 235
235 270
270 208
208 314
314 214
214 303
303 154
154 338
338 157
157 346
346 144
144 360
360 137
137 358
358 127
127 376
376 121
121 364
364 130
130 372
131 385
385 154
154 316
316 174
174 326
326 145
145 349
349 136
136 372
372 131
297 185
185 356
356 201
201 289
289 203
203 312
312 180
180 297
202 306
306 178
178 323
323 163
163 331
331 179
179 330
330 172
172 337
337 171
171 309
309 191
191 338
338 167
167 342
342 166
166 336
336 155
155 339
339 159
159 364
364 138
138 348
348 185
185 320
320 174
174 319
319 189
189 300
300 208
208 275
275 188
188 297
297 181
181 328
328 176
176 295
295 177
177 305
305 209
209 301
301 205
205 302
302 202
308 206
206 305
305 225
225 311
311 202
202 316
316 198
198 308
224 282
282 267
267 253
253 247
247 275
275 226
226 271
271 224
207 278
278 240
240 273
273 229
229 281
281 224
224 272
272 228
228 257
257 242
242 263
263 237
237 274
274 207
277 226
226 292
292 223
223 297
297 207
207 277
42 485
485 34
34 499
499 18
18 472
472 11
11 493
493 15
15 482
482 67
67 453
453 62
62 438
438 74
74 413
413 88
88 469
469 42
449 51
51 484
484 41
41 449
363 140
140 351
351 161
161 375
375 142
142 372
372 138
138 402
402 92
92 401
401 90
90 400
400 95
95 384
384 85
85 386
386 114
114 377
377 108
108 449
449 54
54 483
483 38
38 480
480 56
56 472
472 42
42 465
465 72
72 437
437 68
68 421
421 98
98 366
366 128
128 370
370 134
134 354
354 153
153 358
358 143
143 381
381 165
165 364
364 227
227 292
292 243
243 244
244 230
230 269
269 268
268 239
239 301
301 211
211 283
283 228
228 286
286 235
235 282
282 229
229 279
279 249
249 277
277 217
217 308
308 175
175 346
346 187
187 378
378 135
135 373
373 131
131 363
117 382
382 116
116 366
366 115
115 399
399 139
139 363
363 117
383 136
136 362
362 141
141 348
348 152
152 349
349 176
176 331
331 175
175 334
334 146
146 374
374 115
115 371
371 117
117 383
182 309
309 181
181 357
357 157
157 340
340 178
178 307
307 182
148 385
385 155
155 359
359 148
75 465
465 63
63 451
451 64
64 447
447 82
82 430
430 73
73 444
444 105
105 433
433 125
125 391
391 146
146 394
394 144
144 377
377 137
137 367
367 147
147 360
360 148
148 355
355 159
159 366
366 151
151 351
351 166
166 373
373 145
145 354
354 175
175 339
339 156
156 333
333 182
182 313
313 209
209 327
327 163
163 365
365 132
132 376
376 128
128 383
383 120
120 427
427 99
99 418
418 75
438 83
83 457
457 50
50 493
493 48
48 459
459 51
51 456
456 40
40 492
492 24
24 482
482 71
71 441
441 97
97 437
437 125
125 435
435 99
99 429
429 69
69 438
431 100
100 428
428 85
85 438
438 92
92 431
431 153
153 369
369 127
127 396
396 115
115 398
398 121
121 389
389 94
94 410
410 118
118 387
387 140
140 425
425 124
124 400
400 109
109 431
448 90
90 451
451 88
88 445
445 65
65 436
436 76
76 485
485 51
51 461
461 69
69 447
447 92
92 453
453 79
79 470
470 49
49 460
460 50
50 462
462 46
46 467
467 70
70 476
476 89
89 421
421 95
95 410
410 108
108 429
429 111
111 431
431 86
86 448
119 406
406 103
103 386
386 119
133 398
398 127
127 388
388 133
131 395
395 133
133 427
427 122
122 440
440 91
91 434
434 94
94 411
411 106
106 424
424 129
129 419
419 101
101 418
418 103
103 407
407 119
119 368
368 149
149 362
362 189
189 331
331 177
177 324
324 196
196 317
317 192
192 323
323 191
191 328
328 197
197 338
338 200
200 325
325 233
233 272
272 230
230 266
266 258
258 238
238 248
248 245
245 293
293 186
186 337
337 179
179 336
336 182
182 341
341 172
172 382
382 145
145 393
393 131
446 103
103 421
421 120
120 387
387 157
157 368
368 148
148 381
381 160
160 348
348 187
187 355
355 152
152 351
351 172
172 396
396 131
131 389
389 136
136 397
397 112
112 401
401 115
115 439
439 111
111 471
471 45
45 481
481 49
49 475
475 62
62 461
461 76
76 472
472 77
77 452
452 68
68 450
450 83
83 446
50 481
481 59
59 455
455 54
54 463
463 55
55 459
459 74
74 467
467 64
64 461
461 65
65 477
477 30
30 468
468 50
99 447
447 93
93 442
442 80
80 464
464 57
57 474
474 97
97 446
446 99
113 463
463 82
82 452
452 99
99 448
448 116
116 415
415 78
78 413
413 113
87 450
450 78
78 458
458 99
99 467
467 113
113 392
392 114
114 417
417 87
478 46
46 468
468 54
54 473
473 64
64 482
482 56
56 486
486 36
36 478
324 192
192 319
319 186
186 310
310 203
203 335
335 184
184 324
306 223
223 303
303 215
215 296
296 210
210 306
224 306
306 211
211 318
318 221
221 314
314 235
235 287
287 224
250 256
256 257
257 252
252 250
224 305
305 219
219 278
278 226
226 291
291 231
231 279
279 258
258 277
277 250
250 248
248 270
270 247
247 284
284 241
241 297
297 224
167 350
350 179
179 381
381 152
152 377
377 156
156 362
362 178
178 342
342 168
168 321
321 222
222 299
299 226
226 323
323 212
212 280
280 230
230 306
306 225
225 336
336 214
214 332
332 191
191 333
333 236
236 291
291 229
229 318
318 232
232 266
266 237
237 302
302 224
224 310
310 194
194 324
324 181
181 349
349 167
87 438
438 131
131 409
409 171
171 362
362 163
163 340
340 169
169 374
374 151
151 371
371 147
147 383
383 152
152 400
400 150
150 380
380 167
167 367
367 182
182 368
368 158
158 370
370 143
143 404
404 104
104 436
436 85
85 455
455 81
81 454
454 98
98 461
461 68
68 483
483 73
73 443
443 84
84 500
500 39
39 496
496 51
51 488
488 42
42 478
478 35
35 499
499 44
44 487
487 90
90 450
450 95
95 430
430 87
75 468
468 68
68 480
480 61
61 491
491 47
47 495
495 49
49 492
492 87
87 444
444 75
126 410
410 109
109 407
407 126
498 35
35 489
489 62
62 479
479 82
82 477
477 69
69 486
486 64
64 484
484 76
76 466
466 94
94 459
459 126
126 391
391 138
138 401
401 132
132 416
416 108
108 462
462 75
75 490
490 22
22 498
91 457
457 86
86 441
441 91
149 410
410 133
133 426
426 124
124 475
475 63
63 479
479 68
68 473
473 99
99 460
460 120
120 436
436 112
112 431
431 129
129 428
428 119
119 454
454 104
104 422
422 117
117 384
384 162
162 377
377 176
176 351
351 170
170 340
340 180
180 387
387 149
472 96
96 476
476 85
85 468
468 103
103 459
459 105
105 455
455 110
110 467
467 101
101 420
420 118
118 415
415 133
133 416
416 139
139 409
409 149
149 399
399 137
137 424
424 114
114 466
466 91
91 456
456 79
79 499
499 83
83 452
452 95
95 472
345 192
192 344
344 194
194 351
351 179
179 363
363 168
168 348
348 202
202 315
315 210
210 331
331 197
197 333
333 218
218 317
317 207
207 319
319 206
206 349
349 186
186 405
405 152
152 386
386 158
158 398
398 138
138 424
424 145
145 397
397 159
159 371
371 172
172 374
374 177
177 358
358 166
166 404
404 180
180 353
353 174
174 345
285 254
254 286
286 240
240 282
282 237
237 276
276 248
248 285
239 298
298 240
240 306
306 257
257 285
285 246
246 304
304 279
279 239
309 228
228 288
288 252
252 278
278 251
251 275
275 261
261 306
306 243
243 297
297 253
253 281
281 258
258 280
280 264
264 271
271 242
242 305
305 239
239 313
313 219
219 309
309 239
239 315
315 225
225 314
314 226
226 309
217 322
322 219
219 332
332 224
224 319
319 217
341 193
193 326
326 217
217 325
325 234
234 309
309 190
190 341
191 368
368 194
194 346
346 184
184 357
357 188
188 330
330 199
199 338
338 220
220 325
325 247
247 303
303 231
231 296
296 216
216 307
307 211
211 331
331 212
212 328
328 203
203 321
321 230
230 288
288 250
250 312
312 205
205 341
341 191
175 367
367 168
168 364
364 191
191 345
345 181
181 388
388 141
141 392
392 143
143 409
409 165
165 395
395 151
151 380
380 161
161 360
360 175
259 282
282 245
245 260
260 262
262 266
266 259
278 273
273 244
244 274
274 260
260 280
280 265
265 285
285 266
266 278
284 283
283 278
278 263
263 284
270 286
286 256
256 292
292 258
258 293
293 265
265 290
290 260
260 275
275 284
284 270
238 294
294 270
270 298
298 245
245 331
331 231
231 328
328 228
228 317
317 226
226 319
319 243
243 314
314 259
259 272
272 238
253 332
332 223
223 325
325 240
240 310
310 249
249 288
288 256
256 295
295 266
266 292
292 282
282 287
287 248
248 301
301 251
251 309
309 238
238 300
300 242
242 318
318 253
418 109
109 421
421 108
108 418
139 442
442 143
143 416
416 141
141 419
419 136
136 412
412 121
121 433
433 107
107 422
422 139
177 426
426 145
145 428
428 139
139 418
418 167
167 398
398 177
339 219
219 352
352 205
205 338
338 204
204 335
335 212
212 344
344 196
196 339
337 211
211 341
341 206
206 353
353 196
196 369
369 199
199 339
339 198
198 337
356 228
228 344
344 265
265 325
325 237
237 324
324 209
209 320
320 250
250 302
302 246
246 328
328 239
239 323
323 230
230 358
358 186
186 409
409 166
166 377
377 196
196 356
224 342
342 203
203 350
350 198
198 356
356 212
212 346
346 210
210 327
327 264
264 337
337 224
317 238
238 340
340 223
223 339
339 224
224 354
354 184
184 397
397 160
160 407
407 130
130 415
415 177
177 380
380 174
174 366
366 235
235 317
277 300
300 252
252 297
297 244
244 327
327 243
243 326
326 229
229 299
299 277
254 332
332 267
267 289
289 255
255 309
309 256
256 294
294 276
276 285
285 291
291 263
263 312
312 277
277 311
311 241
241 323
323 288
288 254
289 296
296 261
261 293
293 312
312 271
271 289
273 297
297 293
293 289
289 273
254 344
344 236
236 335
335 242
242 307
307 273
273 294
294 301
301 254
245 315
315 257
257 324
324 241
241 319
319 251
251 307
307 245
254 319
319 266
266 302
302 303
303 270
270 316
316 245
245 310
310 248
248 314
314 254
365 197
197 374
374 189
189 372
372 172
172 416
416 146
146 419
419 155
155 394
394 164
164 370
370 169
169 359
359 223
223 346
346 254
254 317
317 249
249 322
322 253
253 330
330 216
216 362
362 181
181 383
383 168
168 373
373 178
178 365
175 376
376 179
179 385
385 176
176 394
394 184
184 365
365 191
191 371
371 175
379 213
213 369
369 214
214 356
356 203
203 394
394 183
183 366
366 200
200 416
416 181
181 375
375 194
194 370
370 192
192 381
381 189
189 407
407 191
191 379
173 384
384 206
206 348
348 217
217 379
379 173
285 311
311 281
281 299
299 258
258 315
315 256
256 320
320 282
282 335
335 246
246 308
308 272
272 280
280 292
292 285
208 333
333 268
268 305
305 285
285 321
321 208
353 253
253 351
351 204
204 374
374 200
200 368
368 208
208 350
350 230
230 354
354 242
242 353
263 330
330 258
258 318
318 272
272 314
314 278
278 315
315 263
173 393
393 170
170 428
428 187
187 363
363 218
218 345
345 249
249 323
323 259
259 324
324 263
263 309
309 275
275 280
280 308
308 260
260 353
353 210
210 377
377 202
202 372
372 192
192 390
390 176
176 418
418 157
157 410
410 182
182 380
380 186
186 386
386 173
411 138
138 434
434 121
121 456
456 131
131 465
465 84
84 452
452 117
117 423
423 151
151 403
403 183
183 398
398 172
172 408
408 173
173 417
417 142
142 413
413 127
127 448
448 128
128 444
444 119
119 431
431 135
135 411
78 484
484 93
93 458
458 115
115 452
452 100
100 447
447 127
127 423
423 199
199 381
381 207
207 360
360 203
203 357
357 210
210 392
392 202
202 388
388 198
198 364
364 231
231 346
346 232
232 345
345 229
229 342
342 234
234 356
356 224
224 378
378 205
205 389
389 154
154 402
402 150
150 412
412 152
152 411
411 175
175 401
401 140
140 490
490 80
80 478
478 101
101 472
472 78
72 494
494 46
46 487
487 82
82 481
481 65
65 488
488 72
481 121
121 441
441 118
118 445
445 112
112 443
443 108
108 422
422 147
147 454
454 122
122 493
493 84
84 481
86 482
482 88
88 481
481 92
92 470
470 86
421 169
169 400
400 193
193 367
367 210
210 376
376 192
192 396
396 179
179 393
393 208
208 390
390 209
209 387
387 194
194 402
402 161
161 399
399 159
159 421
284 286
286 311
311 292
292 287
287 295
295 305
305 280
280 284
316 302
302 283
283 339
339 297
297 284
284 316
216 388
388 243
243 334
334 222
222 363
363 216
198 398
398 196
196 405
405 211
211 367
367 216
216 347
347 248
248 343
343 275
275 325
325 293
293 298
298 286
286 309
309 316
316 277
277 313
313 281
281 345
345 259
259 356
356 247
247 328
328 269
269 306
306 307
307 312
312 308
308 290
290 340
340 267
267 336
336 239
239 329
329 241
241 360
360 212
212 394
394 207
207 396
396 198
132 436
436 140
140 434
434 175
175 422
422 171
171 412
412 160
160 431
431 158
158 420
420 152
152 427
427 189
189 393
393 245
245 352
352 267
267 374
374 221
221 377
377 212
212 372
372 215
215 371
371 197
197 409
409 214
214 375
375 225
225 333
333 233
233 341
341 219
219 397
397 198
198 421
421 144
144 414
414 132
135 448
448 141
141 436
436 133
133 443
443 144
144 447
447 108
108 495
495 132
132 432
432 135
492 93
93 488
488 135
135 438
438 107
107 479
479 79
79 486
486 86
86 468
468 119
119 466
466 123
123 437
437 153
153 452
452 129
129 460
460 114
114 453
453 95
95 464
464 105
105 491
491 72
72 492
109 464
464 134
134 455
455 133
133 458
458 109
457 110
110 459
459 109
109 457
495 116
116 467
467 117
117 457
457 127
127 479
479 111
111 495
492 119
119 471
471 122
122 456
456 181
181 429
429 145
145 457
457 142
142 425
425 170
170 444
444 139
139 495
495 140
140 494
494 76
76 492
137 432
432 155
155 430
430 137
136 481
481 100
100 461
461 130
130 479
479 150
150 454
454 148
148 406
406 159
159 430
430 161
161 448
448 136
137 465
465 136
136 441
441 137
329 290
290 311
311 312
312 330
330 264
264 328
328 256
256 362
362 229
229 373
373 239
239 338
338 266
266 329
365 233
233 346
346 237
237 349
349 255
255 322
322 280
280 329
329 240
240 370
370 226
226 393
393 238
238 350
350 220
220 376
376 217
217 365
365 242
242 359
359 255
255 381
381 200
200 383
383 226
226 372
372 220
220 365
404 219
219 357
357 228
228 364
364 234
234 347
347 250
250 367
367 222
222 365
365 201
201 415
415 159
159 451
451 141
141 461
461 118
118 449
449 128
128 472
472 108
108 477
477 137
137 460
460 163
163 413
413 198
198 404
154 440
440 187
187 431
431 202
202 400
400 194
194 408
408 223
223 368
368 216
216 407
407 197
197 380
380 188
188 432
432 154
94 500
500 110
110 476
476 107
107 446
446 106
106 485
485 102
102 483
483 94
460 142
142 464
464 127
127 473
473 130
130 474
474 109
109 488
488 131
131 472
472 141
141 460
143 460
460 147
147 433
433 154
154 411
411 205
205 383
383 204
204 402
402 239
239 396
396 212
212 401
401 195
195 355
355 230
230 388
388 225
225 377
377 228
228 389
389 224
224 371
371 218
218 404
404 179
179 467
467 138
138 443
443 143
139 462
462 114
114 491
491 130
130 484
484 141
141 493
493 134
134 468
468 112
112 477
477 128
128 463
463 153
153 438
438 156
156 427
427 159
159 445
445 143
143 458
458 139
436 161
161 479
479 160
160 436
256 343
343 264
264 341
341 244
244 355
355 232
232 364
364 257
257 322
322 307
307 314
314 294
294 306
306 285
285 313
313 287
287 320
320 262
262 338
338 256
295 353
353 307
307 337
337 292
292 313
313 301
301 329
329 291
291 339
339 290
290 342
342 256
256 352
352 260
260 310
310 273
273 317
317 276
276 326
326 252
252 304
304 295
295 345
345 284
284 299
299 306
306 295
392 241
241 333
333 273
273 334
334 269
269 374
374 274
274 317
317 314
314 316
316 310
310 319
319 277
277 331
331 271
271 327
327 262
262 351
351 264
264 348
348 250
250 379
379 232
232 377
377 227
227 397
397 282
282 326
326 295
295 289
289 358
358 246
246 382
382 200
200 395
395 184
184 436
436 173
173 423
423 182
182 424
424 166
166 411
411 261
261 323
323 272
272 344
344 280
280 325
325 305
305 354
354 240
240 390
390 216
216 392
149 468
468 138
138 483
483 186
186 438
438 165
165 427
427 169
169 435
435 149
158 443
443 146
146 439
439 152
152 457
457 161
161 451
451 170
170 465
465 147
147 471
471 149
149 441
441 158
100 497
497 54
54 496
496 103
103 482
482 100
492 148
148 458
458 174
174 413
413 188
188 403
403 209
209 400
400 208
208 410
410 178
178 434
434 157
157 425
425 184
184 428
428 171
171 446
446 152
152 449
449 144
144 484
484 142
142 482
482 107
107 486
486 125
125 487
487 100
100 500
500 115
115 470
470 123
123 469
469 143
143 472
472 158
158 453
453 168
168 406
406 213
213 401
401 225
225 392
392 217
217 481
481 139
139 492
406 190
190 414
414 191
191 443
443 200
200 417
417 204
204 422
422 179
179 406
406 238
238 399
399 192
192 426
426 211
211 423
423 193
193 419
419 183
183 406
154 480
480 109
109 486
486 156
156 439
439 207
207 415
415 227
227 378
378 244
244 349
349 265
265 379
379 257
257 383
383 242
242 366
366 230
230 406
406 194
194 420
420 177
177 449
449 159
159 488
488 126
126 469
469 154
498 104
104 496
496 123
123 489
489 145
145 470
470 154
154 477
477 152
152 463
463 146
146 492
492 80
80 498
498 129
129 485
485 107
107 498
500 131
131 499
499 107
107 500
430 180
180 445
445 177
177 430
194 429
429 193
193 427
427 183
183 447
447 214
214 421
421 208
208 437
437 210
210 398
398 231
231 376
376 229
229 386
386 228
228 414
414 212
212 409
409 213
213 411
411 194
428 191
191 444
444 188
188 428
199 443
443 195
195 428
428 194
194 436
436 199
433 178
178 452
452 155
155 455
455 199
199 430
430 164
164 463
463 171
171 433
425 219
219 419
419 201
201 380
380 273
273 341
341 269
269 338
338 289
289 390
390 272
272 346
346 284
284 357
357 249
249 368
368 268
268 347
347 280
280 366
366 250
250 359
359 253
253 360
360 263
263 369
369 247
247 378
378 233
233 376
376 258
258 373
373 230
230 387
387 240
240 361
361 237
237 397
397 251
251 386
386 235
235 410
410 217
217 431
431 197
197 418
418 192
192 435
435 191
191 433
433 184
184 454
454 167
167 440
440 169
169 474
474 133
133 475
475 172
172 425
409 223
223 412
412 209
209 420
420 205
205 436
436 215
215 432
432 216
216 409
384 232
232 398
398 224
224 409
409 230
230 411
411 220
220 384
391 244
244 385
385 229
229 384
384 222
222 395
395 233
233 400
400 226
226 391
253 368
368 276
276 322
322 281
281 317
317 283
283 349
349 252
252 364
364 253
318 302
302 321
321 315
315 331
331 283
283 328
328 296
296 318
333 331
331 316
316 321
321 317
317 301
301 326
326 309
309 313
313 308
308 318
318 278
278 341
341 286
286 333
287 334
334 295
295 328
328 314
314 324
324 338
338 279
279 332
332 287
262 364
364 287
287 333
333 262
365 283
283 364
364 266
266 351
351 271
271 352
352 326
326 340
340 298
298 339
339 312
312 346
346 308
308 343
343 294
294 356
356 262
262 408
408 236
236 398
398 259
259 375
375 264
264 361
361 249
249 384
384 246
246 365
256 367
367 254
254 382
382 270
270 376
376 266
266 369
369 311
311 322
322 300
300 373
373 279
279 352
352 275
275 365
365 289
289 357
357 293
293 349
349 284
284 355
355 256
377 278
278 365
365 290
290 344
344 277
277 380
380 256
256 394
394 253
253 388
388 234
234 377
263 388
388 311
311 370
370 280
280 360
360 286
286 355
355 285
285 368
368 263
392 285
285 359
359 265
265 350
350 252
252 392
413 258
258 392
392 275
275 371
371 263
263 383
383 264
264 377
377 247
247 372
372 255
255 391
391 237
237 413
413 253
253 396
396 256
256 409
409 249
249 378
378 255
255 387
387 294
294 362
362 295
295 359
359 288
288 352
352 302
302 365
365 281
281 332
332 310
310 361
361 265
265 407
407 221
221 419
419 229
229 405
405 247
247 413
424 234
234 395
395 240
240 416
416 223
223 439
439 224
224 401
401 222
222 419
419 256
256 413
413 203
203 442
442 164
164 448
448 185
185 424
198 449
449 190
190 424
424 198
441 183
183 445
445 182
182 441
436 218
218 418
418 203
203 440
440 206
206 436
187 470
470 147
147 489
489 157
157 457
457 164
164 490
490 180
180 467
467 185
185 453
453 196
196 433
433 212
212 445
445 187
452 187
187 472
472 162
162 451
451 165
165 473
473 179
179 452
207 452
452 206
206 444
444 249
249 428
428 235
235 423
423 227
227 436
436 219
219 441
441 207
425 241
241 422
422 229
229 451
451 207
207 450
450 189
189 446
446 248
248 393
393 279
279 392
392 270
270 398
398 243
243 403
403 222
222 426
426 198
198 425
176 457
457 165
165 464
464 188
188 454
454 208
208 425
425 176
151 475
475 163
163 484
484 147
147 478
478 173
173 459
459 198
198 427
427 204
204 430
430 201
201 434
434 193
193 471
471 184
184 463
463 177
177 492
492 168
168 456
456 151
178 466
466 151
151 458
458 178
487 161
161 460
460 190
190 458
458 167
167 483
483 181
181 475
475 155
155 487
306 336
336 331
331 351
351 323
323 325
325 315
315 329
329 306
378 276
276 371
371 287
287 372
372 306
306 303
303 376
376 280
280 391
391 266
266 378
271 394
394 262
262 393
393 264
264 389
389 250
250 405
405 257
257 387
387 271
352 312
312 344
344 301
301 332
332 328
328 317
317 330
330 321
321 329
329 322
322 337
337 313
313 359
359 297
297 352
310 350
350 292
292 368
368 288
288 374
374 299
299 335
335 310
378 297
297 366
366 284
284 369
369 310
310 339
339 300
300 385
385 287
287 394
394 313
313 352
352 316
316 347
347 305
305 348
348 277
277 398
398 271
271 386
386 278
278 379
379 267
267 375
375 293
293 378
399 254
254 421
421 250
250 399
412 275
275 393
393 266
266 399
399 291
291 358
358 307
307 355
355 350
350 315
315 378
378 281
281 377
377 268
268 417
417 247
247 436
436 230
230 412
464 226
226 439
439 235
235 431
431 263
263 412
412 265
265 400
400 269
269 424
424 221
221 445
445 218
218 487
487 150
150 491
491 170
170 464
410 243
243 423
423 242
242 410
406 259
259 403
403 262
262 410
410 288
288 446
446 202
202 464
464 201
201 459
459 252
252 406
435 238
238 414
414 255
255 406
406 240
240 411
411 246
246 395
395 244
244 401
401 232
232 435
427 280
280 401
401 266
266 411
411 254
254 402
402 225
225 418
418 232
232 427
209 437
437 211
211 470
470 227
227 438
438 263
263 436
436 250
250 431
431 255
255 423
423 244
244 427
427 229
229 425
425 209
204 434
434 222
222 464
464 210
210 452
452 209
209 443
443 205
205 429
429 204
193 447
447 204
204 457
457 218
218 448
448 195
195 453
453 236
236 435
435 193
462 198
198 484
484 195
195 455
455 253
253 416
416 251
251 438
438 234
234 433
433 241
241 437
437 225
225 440
440 212
212 444
444 223
223 453
453 222
222 445
445 239
239 439
439 263
263 461
461 189
189 473
473 200
200 456
456 187
187 475
475 183
183 494
494 166
166 462
462 191
191 482
482 159
159 495
495 186
186 491
491 167
167 478
478 171
171 476
476 133
133 499
499 175
175 462
193 475
475 189
189 462
462 193
500 189
189 493
493 188
188 483
483 193
193 465
465 192
192 468
468 176
176 500
499 172
172 490
490 187
187 477
477 176
176 469
469 165
165 486
486 146
146 496
496 167
167 499
320 352
352 315
315 367
367 302
302 357
357 321
321 339
339 317
317 342
342 319
319 362
362 314
314 332
332 320
318 333
333 320
320 318
340 368
368 296
296 349
349 298
298 360
360 303
303 358
358 316
316 401
401 299
299 377
377 309
309 363
363 307
307 365
365 334
334 322
322 352
352 343
343 328
328 336
336 340
320 372
372 308
308 364
364 298
298 356
356 317
317 349
349 320
340 355
355 320
320 344
344 325
325 371
371 338
338 354
354 339
339 340
374 312
312 391
391 296
296 374
341 367
367 324
324 329
329 371
371 339
339 374
374 327
327 342
342 340
340 341
369 331
331 362
362 371
371 346
346 325
325 356
356 351
351 341
341 347
347 318
318 369
276 410
410 285
285 402
402 276
272 411
411 297
297 403
403 272
379 298
298 392
392 281
281 400
400 309
309 423
423 264
264 395
395 274
274 406
406 272
272 412
412 276
276 416
416 267
267 413
413 289
289 379
443 250
250 464
464 237
237 455
455 243
243 414
414 274
274 430
430 221
221 432
432 251
251 437
437 257
257 428
428 267
267 418
418 277
277 375
375 304
304 345
345 355
355 357
357 318
318 381
381 300
300 400
400 320
320 379
379 295
295 386
386 314
314 364
364 330
330 378
378 324
324 369
369 301
301 389
389 278
278 398
398 294
294 404
404 262
262 440
440 240
240 420
420 228
228 473
473 218
218 494
494 219
219 486
486 222
222 499
499 177
177 488
488 192
192 467
467 209
209 476
476 223
223 448
448 225
225 443
280 434
434 245
245 429
429 280
443 280
280 439
439 247
247 432
432 254
254 442
442 224
224 479
479 205
205 459
459 220
220 449
449 238
238 443
211 477
477 196
196 488
488 181
181 496
496 171
171 485
485 226
226 495
495 247
247 449
449 221
221 480
480 199
199 466
466 207
207 465
465 203
203 474
474 211
500 203
203 483
483 211
211 469
469 298
298 384
384 260
260 409
409 269
269 413
413 275
275 428
428 262
262 442
442 256
256 421
421 261
261 438
438 254
254 445
445 257
257 443
443 213
213 454
454 215
215 463
463 191
191 500
228 466
466 245
245 454
454 228
366 334
334 378
378 362
362 345
345 349
349 332
332 358
358 343
343 365
365 317
317 363
363 318
318 361
361 315
315 366
353 328
328 360
360 323
323 353
305 392
392 353
353 377
377 326
326 364
364 332
332 366
366 305
387 314
314 410
410 293
293 393
393 305
305 373
373 308
308 387
419 305
305 397
397 278
278 411
411 294
294 415
415 275
275 417
417 269
269 442
442 268
268 396
396 290
290 380
380 307
307 383
383 310
310 387
387 304
304 394
394 302
302 395
395 273
273 412
412 281
281 425
425 265
265 437
437 272
272 419
216 456
456 246
246 420
420 266
266 414
414 299
299 419
419 231
231 468
468 228
228 459
459 249
249 450
450 241
241 495
495 232
232 447
447 202
202 462
462 208
208 475
475 217
217 444
444 216
498 173
173 497
497 232
232 496
496 239
239 468
468 245
245 473
473 260
260 457
457 242
242 435
435 244
244 433
433 282
282 405
405 304
304 390
390 295
295 432
432 258
258 441
441 230
230 463
463 216
216 471
471 198
198 485
485 196
196 500
500 160
160 498
295 415
415 308
308 384
384 330
330 372
372 363
363 325
325 375
375 350
350 358
358 361
361 335
335 337
337 387
387 312
312 419
419 309
309 402
402 295
322 393
393 317
317 370
370 325
325 383
383 322
342 368
368 352
352 337
337 342
421 320
320 402
402 356
356 375
375 364
364 348
348 373
373 332
332 388
388 327
327 391
391 369
369 343
343 379
379 349
349 366
366 342
342 360
360 347
347 380
380 315
315 396
396 322
322 399
399 270
270 438
438 293
293 411
411 295
295 406
406 283
283 435
435 266
266 421
426 308
308 418
418 294
294 433
433 310
310 406
406 312
312 390
390 328
328 370
370 323
323 376
376 333
333 329
329 419
419 314
314 389
389 311
311 397
397 307
307 414
414 289
289 421
421 287
287 426
365 360
360 357
357 359
359 368
368 348
348 365
448 270
270 413
413 279
279 409
409 292
292 408
408 306
306 392
392 326
326 384
384 342
342 374
374 346
346 401
401 371
371 368
368 361
361 365
365 347
347 388
388 338
338 381
381 364
364 397
397 322
322 426
426 264
264 450
450 257
257 453
453 255
255 459
459 235
235 463
463 231
231 471
471 237
237 469
469 221
221 485
485 199
199 490
490 190
190 491
491 187
187 492
492 214
214 474
474 208
208 482
482 216
216 478
478 202
202 458
458 197
197 460
460 233
233 448
448 264
264 453
453 258
258 448
224 478
478 220
220 474
474 263
263 454
454 272
272 448
448 224
429 297
297 434
434 288
288 444
444 244
244 455
455 254
254 462
462 213
213 460
460 212
212 490
490 223
223 485
485 252
252 467
467 241
241 489
489 278
278 429
413 302
302 415
415 329
329 406
406 327
327 437
437 289
289 439
439 292
292 431
431 275
275 448
448 277
277 427
427 296
296 413
374 352
352 382
382 316
316 403
403 343
343 378
378 341
341 370
370 334
334 393
393 355
355 385
385 339
339 400
400 330
330 396
396 363
363 381
381 347
347 384
384 345
345 374
370 382
382 357
357 416
416 342
342 407
407 323
323 403
403 393
393 335
335 394
394 338
338 399
399 361
361 370
243 470
470 215
215 475
475 213
213 472
472 234
234 451
451 273
273 436
436 290
290 442
442 288
288 443
443 313
313 414
414 318
318 439
439 304
304 415
415 312
312 418
418 315
315 404
404 365
365 370
370 374
374 354
354 344
344 340
340 413
413 317
317 408
408 324
324 386
386 303
303 429
429 299
299 438
438 271
271 459
459 256
256 465
465 243
447 266
266 455
455 250
250 447
224 488
488 227
227 485
485 264
264 461
461 267
267 447
447 279
279 436
436 276
276 440
440 297
297 432
432 300
300 422
422 307
307 429
429 315
315 424
424 283
283 478
478 243
243 458
458 225
225 476
476 230
230 479
479 229
229 482
482 224
483 246
246 485
485 236
236 471
471 259
259 458
458 282
282 452
452 240
240 456
456 279
279 454
454 269
269 466
466 244
244 482
482 235
235 483
497 238
238 483
483 210
210 497
492 215
215 497
497 199
199 491
491 196
196 492
366 384
384 349
349 398
398 375
375 366
492 267
267 468
468 257
257 467
467 261
261 458
458 314
314 434
434 341
341 400
400 352
352 405
405 291
291 430
430 318
318 417
417 321
321 389
389 357
357 385
385 379
379 362
362 380
380 366
366 372
372 368
368 378
378 350
350 403
403 325
325 446
446 295
295 440
440 281
281 427
427 326
326 412
412 306
306 431
431 296
296 433
433 302
302 444
444 290
290 473
473 254
254 474
474 221
221 490
490 250
250 479
479 237
237 487
487 241
241 492
228 488
488 244
244 490
490 226
226 486
486 228
462 258
258 469
469 261
261 475
475 256
256 462
270 465
465 289
289 457
457 280
280 450
450 309
309 422
422 323
323 417
417 319
319 464
464 270
462 282
282 480
480 270
270 455
455 303
303 427
427 301
301 479
479 269
269 456
456 273
273 462
472 255
255 489
489 272
272 476
476 266
266 460
460 276
276 465
465 280
280 462
462 262
262 495
495 253
253 472
242 486
486 262
262 472
472 242
498 255
255 481
481 242
242 492
492 224
224 498
461 287
287 449
449 291
291 448
448 301
301 450
450 317
317 429
429 338
338 395
395 367
367 360
360 391
391 344
344 387
387 348
348 390
390 331
331 432
432 320
320 425
425 294
294 460
460 268
268 461
373 380
380 399
399 367
367 397
397 366
366 387
387 377
377 373
423 321
321 433
433 312
312 423
327 423
423 347
347 414
414 327
423 371
371 407
407 346
346 425
425 352
352 402
402 332
332 423
411 356
356 422
422 333
333 396
396 349
349 386
386 350
350 388
388 374
374 423
423 329
329 446
446 327
327 411
354 394
394 340
340 392
392 386
386 390
390 354
401 354
354 427
427 331
331 415
415 322
322 431
431 332
332 430
430 338
338 439
439 320
320 440
440 350
350 401
469 284
284 409
409 380
380 383
383 364
364 413
413 351
351 398
398 401
401 353
353 424
424 330
330 411
411 373
373 359
359 358
358 417
417 339
339 436
436 294
294 461
461 277
277 469
498 239
239 497
497 296
296 458
458 292
292 441
441 286
286 469
469 279
279 474
474 257
257 496
496 265
265 453
453 275
275 471
471 245
245 493
493 226
226 498
257 499
499 252
252 487
487 269
269 495
495 270
270 485
485 271
271 466
466 275
275 482
482 257
275 481
481 280
280 488
488 297
297 441
441 302
302 459
459 305
305 428
428 285
285 447
447 281
281 477
477 275
463 277
277 472
472 268
268 463
306 453
453 313
313 450
450 306
487 277
277 468
468 288
288 455
455 313
313 496
496 261
261 494
494 263
263 487
290 465
465 323
323 447
447 290
284 483
483 245
245 497
497 268
268 490
490 293
293 462
462 290
290 454
454 307
307 476
476 284
289 494
494 276
276 475
475 289
487 285
285 474
474 291
291 483
483 289
289 466
466 286
286 490
490 273
273 497
497 313
313 486
486 284
284 487
484 283
283 475
475 291
291 487
487 306
306 470
470 303
303 463
463 301
301 467
467 292
292 500
500 204
204 484
258 491
491 217
217 484
484 258
482 318
318 456
456 304
304 460
460 295
295 485
485 292
292 468
468 334
334 389
389 376
376 385
385 384
384 372
372 409
409 311
311 451
451 308
308 482
472 298
298 495
495 281
281 472
325 472
472 354
354 414
414 351
351 436
436 352
352 437
437 344
344 428
428 331
331 434
434 332
332 462
462 295
295 468
468 326
326 429
429 325
290 490
490 309
309 452
452 302
302 479
479 325
325 459
459 327
327 448
448 346
346 410
410 369
369 395
395 364
364 396
396 355
355 425
425 349
349 421
421 311
311 454
454 308
308 453
453 317
317 482
482 290
415 397
397 405
405 379
379 415
404 364
364 434
434 345
345 412
412 381
381 415
415 336
336 420
420 353
353 419
419 376
376 428
428 348
348 404
359 410
410 372
372 391
391 384
384 403
403 400
400 362
362 411
411 340
340 408
408 359
404 370
370 412
412 359
359 404
360 427
427 370
370 414
414 360
420 340
340 449
449 315
315 442
442 299
299 471
471 331
331 429
429 339
339 420
286 480
480 305
305 471
471 307
307 473
473 304
304 465
465 311
311 443
443 300
300 441
441 332
332 447
447 347
347 430
430 384
384 412
412 385
385 383
383 411
411 367
367 420
420 360
360 404
404 316
316 474
474 286
339 479
479 315
315 451
451 322
322 469
469 339
317 476
476 339
339 458
458 300
300 457
457 317
425 363
363 426
426 357
357 392
392 398
398 358
358 421
421 356
356 425
470 322
322 468
468 312
312 457
457 347
347 450
450 381
381 425
425 366
366 404
404 395
395 387
387 403
403 390
390 394
394 386
386 406
406 362
362 410
410 378
378 436
436 361
361 453
453 340
340 483
483 304
304 481
481 302
302 467
467 317
317 470
485 327
327 470
470 319
319 482
482 334
334 473
473 320
320 461
461 314
314 485
298 490
490 353
353 445
445 324
324 433
433 335
335 451
451 330
330 444
444 316
316 485
485 298
497 298
298 489
489 282
282 484
484 290
290 499
499 284
284 497
471 330
330 468
468 358
358 451
451 342
342 432
432 383
383 391
391 388
388 399
399 415
415 403
403 389
389 408
408 343
343 435
435 336
336 438
438 338
338 465
465 324
324 471
498 326
326 471
471 314
314 487
487 292
292 497
497 287
287 498
320 491
491 308
308 490
490 320
335 455
455 310
310 466
466 379
379 445
445 359
359 417
417 408
408 407
407 374
374 402
402 388
388 410
410 377
377 447
447 335
341 446
446 382
382 417
417 385
385 416
416 373
373 438
438 363
363 441
441 349
349 440
440 341
414 410
410 405
405 414
456 364
364 443
443 360
360 433
433 414
414 427
427 365
365 448
448 341
341 459
459 328
328 456
455 377
377 443
443 366
366 457
457 341
341 455
394 413
413 380
380 436
436 389
389 409
409 388
388 406
406 401
401 411
411 394
417 400
400 404
404 391
391 417
394 433
433 417
417 394
432 394
394 421
421 373
373 420
420 402
402 387
387 419
419 362
362 432
464 342
342 469
469 328
328 488
488 333
333 482
482 332
332 464
398 451
451 384
384 437
437 357
357 462
462 366
366 464
464 329
329 454
454 378
378 434
434 393
393 409
409 416
416 425
425 390
390 418
418 395
395 422
422 388
388 412
412 398
418 441
441 380
380 423
423 411
411 418
363 453
453 380
380 475
475 371
371 424
424 367
367 429
429 351
351 430
430 386
386 438
438 391
391 420
420 418
418 398
398 432
432 455
455 361
361 459
459 360
360 446
446 363
300 492
492 291
291 477
477 357
357 467
467 340
340 463
463 363
363 456
456 335
335 478
478 322
322 489
489 300
322 494
494 291
291 493
493 321
321 474
474 317
317 480
480 315
315 486
486 322
368 426
426 390
390 439
439 397
397 438
438 392
392 368
492 340
340 485
485 354
354 480
480 329
329 492
374 474
474 337
337 472
472 358
358 492
492 382
382 481
481 314
314 477
477 366
366 471
471 338
338 487
487 318
318 499
499 389
389 440
440 374
463 374
374 424
424 421
421 416
416 415
415 406
406 442
442 385
385 448
448 368
368 469
469 346
346 465
465 347
347 463
490 350
350 478
478 344
344 466
466 391
391 463
463 395
395 423
423 408
408 422
422 396
396 434
434 386
386 493
493 310
310 484
484 316
316 497
497 331
331 490
435 451
451 406
406 423
423 461
461 362
362 435
452 367
367 446
446 393
393 436
436 388
388 431
431 420
420 407
407 413
413 435
435 383
383 468
468 356
356 470
470 351
351 452
369 467
467 401
401 419
419 437
437 405
405 431
431 407
407 424
424 376
376 458
458 404
404 412
412 413
413 422
422 416
416 429
429 390
390 474
474 381
381 479
479 343
343 472
472 347
347 473
473 370
370 449
449 369
361 484
484 335
335 500
500 336
336 488
488 404
404 472
472 361
375 497
497 361
361 482
482 368
368 457
457 369
369 471
471 384
384 452
452 365
365 450
450 375
447 434
434 411
411 450
450 388
388 467
467 407
407 458
458 383
383 449
449 376
376 470
470 373
373 457
457 387
387 477
477 360
360 492
492 381
381 485
485 412
412 432
432 430
430 415
415 447
436 432
432 419
419 409
409 480
480 367
367 456
456 386
386 444
444 428
428 418
418 423
423 436
385 453
453 402
402 443
443 410
410 445
445 436
436 417
417 447
447 403
403 452
452 385
390 497
497 439
439 441
441 423
423 445
445 424
424 433
433 419
419 453
453 399
399 440
440 418
418 444
444 410
410 446
446 390
498 390
390 487
487 391
391 473
473 365
365 495
495 323
323 486
486 385
385 476
476 384
384 483
483 375
375 490
490 322
322 498
498 354
354 486
486 330
330 494
494 366
366 478
478 373
373 499
499 338
338 498
491 384
384 479
479 416
416 426
426 433
433 457
457 378
378 464
464 386
386 483
483 398
398 438
438 413
413 459
459 405
405 448
448 394
394 474
474 409
409 465
465 362
362 491
489 348
348 454
454 402
402 466
466 376
376 460
460 410
410 465
465 427
427 426
426 443
443 420
420 458
458 417
417 452
452 411
411 442
442 418
418 450
450 437
437 449
449 400
400 478
478 370
370 491
491 329
329 489
469 403
403 468
468 417
417 463
463 400
400 469
392 475
475 383
383 470
470 392
470 441
441 447
447 428
428 470
475 437
437 470
470 401
401 475
476 425
425 431
431 458
458 452
452 456
456 397
397 460
460 426
426 440
440 435
435 450
450 466
466 427
427 467
467 415
415 454
454 406
406 493
493 407
407 475
475 403
403 473
473 392
392 479
479 414
414 469
469 372
372 482
482 386
386 500
500 357
357 486
486 376
376 494
494 394
394 471
471 405
405 464
464 387
387 476
476 436
436 454
454 435
435 455
455 444
444 440
440 468
468 406
406 464
464 410
410 472
472 411
411 492
492 392
392 476
485 398
398 488
488 397
397 485
429 461
461 433
433 446
446 431
431 442
442 429
498 426
426 473
473 433
433 464
464 429
429 483
483 420
420 462
462 418
418 479
479 411
411 474
474 405
405 485
485 401
401 484
484 377
377 494
494 416
416 486
486 383
383 481
481 402
402 476
476 393
393 489
489 388
388 498
481 410
410 491
491 412
412 497
497 406
406 481
410 500
500 391
391 490
490 410
485 411
411 484
484 420
420 495
495 410
410 485
399 482
482 423
423 448
448 454
454 456
456 463
463 428
428 473
473 431
431 461
461 442
442 485
485 408
408 481
481 403
403 488
488 429
429 475
475 422
422 460
460 399
421 469
469 443
443 449
449 438
438 421
477 444
444 484
484 421
421 477
477 433
433 489
489 438
438 473
473 454
454 449
449 476
476 432
432 493
493 422
422 477
461 473
473 440
440 459
459 461
452 478
478 441
441 479
479 446
446 482
482 413
413 492
492 461
461 452
464 470
470 452
452 468
468 442
442 464
477 482
482 451
451 476
476 465
465 453
453 464
464 460
460 488
488 418
418 497
497 431
431 477
427 494
494 385
385 496
496 401
401 490
490 427
434 491
491 417
417 480
480 430
430 492
492 423
423 495
495 428
428 472
472 448
448 471
471 455
455 456
456 457
457 450
450 458
458 434
498 446
446 484
484 479
479 464
464 488
488 463
463 471
471 469
469 457
457 483
483 440
440 486
486 473
473 478
478 456
456 476
476 475
475 470
470 472
472 434
434 477
477 419
419 499
499 406
406 498
489 467
467 462
462 481
481 444
444 487
487 475
475 480
480 457
457 489
436 496
496 428
428 499
499 465
465 490
490 473
473 500
500 433
433 495
495 438
438 497
497 457
457 486
486 443
443 492
492 462
462 477
477 469
469 483
483 489
489 436
474 454
454 499
499 459
459 449
449 474
492 470
470 477
477 491
491 443
443 493
493 450
450 492
496 492
492 481
481 474
474 488
488 496
498 474
474 493
493 471
471 485
485 497
497 482
482 494
494 480
480 486
486 489
489 496
496 473
473 498
2 489
489 92
4 498
498 49
6 459
8 486
486 14
17 487
487 55
19 493
493 64
20 482
482 185
23 495
495 165
25 484
484 68
27 499
499 100
31 486
486 41
32 497
497 34
33 500
500 74
36 497
497 62
37 420
38 488
488 94
40 477
477 95
43 491
491 91
45 492
492 53
50 474
474 81
52 494
494 84
58 478
478 174
59 492
492 206
61 496
496 339
70 473
473 117
78 498
498 86
79 484
484 89
87 498
498 141
96 488
488 142
97 483
483 437
98 486
486 138
101 481
481 137
103 500
500 130
113 477
477 120
118 499
499 155
121 491
491 156
122 473
473 259
124 458
458 474
474 143
127 489
489 183
133 485
485 139
135 500
500 149
136 475
475 228
151 487
487 305
154 474
162 477
477 266
164 466
466 182
168 495
495 194
169 479
479 218
170 494
494 184
176 486
486 200
178 468
468 484
484 260
179 497
497 394
188 494
494 269
193 485
485 229
201 500
500 208
210 500
500 216
212 492
492 280
215 493
493 277
222 490
490 397
230 480
480 380
231 500
500 240
233 476
476 234
237 481
481 288
242 488
488 292
243 482
248 463
249 495
495 254
250 499
499 321
251 442
256 485
485 493
493 312
257 500
500 262
258 498
498 261
264 495
495 342
271 489
489 286
274 441
441 445
275 500
500 308
278 494
494 368
285 492
492 290
299 492
492 303
300 498
498 301
302 488
488 324
306 498
498 350
307 487
487 425
309 500
500 319
320 478
478 337
323 499
499 328
334 493
493 414
341 467
467 352
343 495
495 444
444 494
494 370
344 499
499 408
345 448
448 497
497 424
349 484
484 367
355 398
398 490
490 430
358 498
498 382
359 450
450 494
494 434
360 489
489 374
361 500
500 390
369 477
477 483
483 498
498 399
372 492
492 418
373 486
486 494
494 491
491 449
378 462
379 472
472 427
392 496
496 407
395 481
396 443
400 500
500 440
402 484
484 490
490 480
403 489
489 404
405 498
498 436
415 469
421 492
492 452
423 499
499 483
435 496
496 476
447 453
456 497
460 478
478 498
475 495
466 491

