236
2 12
12 11
11 8
8 20
20 33
33 9
9 2
16 10
10 2
2 16
1 23
23 10
10 21
21 25
25 15
15 16
16 42
42 6
6 60
60 7
7 1
26 4
4 27
27 2
2 26
25 37
37 4
4 28
28 3
3 52
52 22
22 25
12 41
41 13
13 12
16 36
36 10
10 24
24 11
11 27
27 12
12 34
34 25
25 26
26 35
35 16
30 17
17 28
28 8
8 18
18 24
24 51
51 41
41 46
46 34
34 45
45 26
26 43
43 11
11 48
48 3
3 67
67 12
12 38
38 5
5 59
59 16
16 30
14 40
40 8
8 44
44 28
28 37
37 30
30 14
14 67
67 13
13 72
72 10
10 57
57 47
47 23
23 32
32 21
21 20
20 36
36 25
25 40
40 24
24 19
19 66
66 3
3 54
54 35
35 39
39 14
53 44
44 37
37 53
1 55
55 27
27 36
36 84
84 6
6 74
74 2
2 56
56 33
33 42
42 40
40 53
53 14
14 29
29 1
8 75
75 18
18 61
61 8
50 36
36 52
52 11
11 88
88 27
27 68
68 7
7 69
69 25
25 71
71 4
4 50
9 65
65 32
32 43
43 45
45 50
50 9
63 23
23 55
55 11
11 76
76 9
9 64
64 8
8 63
63 45
45 48
48 20
20 56
56 50
50 62
62 22
22 54
54 17
17 49
49 71
71 31
31 58
58 21
21 60
60 35
35 55
55 26
26 63
78 4
4 80
80 16
16 69
69 14
14 74
74 7
7 79
79 8
8 90
90 15
15 38
38 63
63 34
34 81
81 2
2 78
17 65
65 29
29 51
51 42
42 43
43 46
46 55
55 40
40 57
57 17
70 26
26 108
108 21
21 70
12 112
112 2
2 97
97 24
24 76
76 13
13 85
85 4
4 101
101 10
10 77
77 49
49 66
66 40
40 94
94 19
19 61
61 37
37 52
52 58
58 44
44 70
70 17
17 82
82 12
5 118
118 12
12 78
78 5
91 8
8 117
117 38
38 64
64 58
58 63
63 57
57 56
56 53
53 46
46 74
74 20
20 86
86 5
5 91
1 103
103 7
7 106
106 17
17 96
96 6
6 87
87 11
11 83
83 65
65 39
39 82
82 35
35 91
91 1
1 104
104 7
7 137
137 15
15 100
100 11
11 98
98 4
4 95
95 1
76 33
33 68
68 50
50 101
101 25
25 76
71 67
67 91
91 56
56 71
68 40
40 83
83 30
30 75
75 71
71 64
64 70
70 47
47 77
77 66
66 53
53 69
69 36
36 68
13 105
105 16
16 104
104 6
6 145
145 10
10 119
119 4
4 124
124 5
5 160
160 39
39 88
88 22
22 185
185 9
9 102
102 18
18 103
103 13
28 114
114 7
7 107
107 16
16 119
119 12
12 122
122 13
13 80
80 43
43 54
54 51
51 62
62 68
68 58
58 76
76 28
90 63
63 77
77 62
62 60
60 61
61 87
87 53
53 73
73 14
14 90
95 27
27 126
126 13
13 184
184 15
15 150
150 10
10 151
151 14
14 137
137 30
30 85
85 20
20 95
23 104
104 20
20 103
103 23
109 23
23 95
95 22
22 109
80 58
58 110
110 26
26 104
104 29
29 79
79 51
51 75
75 83
83 43
43 107
107 46
46 80
28 119
119 21
21 124
124 16
16 118
118 24
24 144
144 36
36 93
93 52
52 100
100 69
69 84
84 51
51 130
130 18
18 128
128 72
72 74
74 48
48 78
78 31
31 116
116 8
8 106
106 35
35 99
99 64
64 73
73 70
70 80
80 41
41 109
109 3
3 121
121 33
33 90
90 34
34 89
89 28
85 59
59 90
90 47
47 103
103 43
43 85
28 104
104 59
59 86
86 37
37 116
116 40
40 92
92 61
61 75
75 54
54 55
55 85
85 57
57 81
81 44
44 82
82 42
42 102
102 28
28 131
131 19
19 115
115 7
7 142
142 16
16 127
127 28
28 132
132 2
2 129
129 28
60 101
101 68
68 86
86 60
135 59
59 115
115 60
60 131
131 43
43 136
136 21
21 143
143 4
4 140
140 18
18 134
134 23
23 112
112 53
53 108
108 46
46 124
124 25
25 179
179 12
12 135
113 32
32 79
79 66
66 85
85 77
77 82
82 50
50 124
124 51
51 92
92 44
44 114
114 46
46 145
145 11
11 129
129 20
20 149
149 29
29 113
57 95
95 54
54 88
88 57
17 122
122 57
57 113
113 17
123 31
31 117
117 17
17 135
135 28
28 123
97 93
93 41
41 117
117 42
42 178
178 2
2 159
159 11
11 148
148 5
5 125
125 44
44 105
105 63
63 95
95 88
88 97
125 26
26 140
140 21
21 138
138 20
20 148
148 17
17 125
48 125
125 97
97 48
48 196
196 4
4 163
163 3
3 155
155 23
23 161
161 20
20 142
142 26
26 141
141 27
27 138
138 48
45 99
99 54
54 105
105 83
83 80
80 82
82 79
79 45
49 129
129 51
51 134
134 38
38 137
137 37
37 132
132 35
35 121
121 52
52 118
118 76
76 86
86 70
70 91
91 75
75 74
74 90
90 79
79 89
89 78
78 49
34 111
111 50
50 107
107 49
49 117
117 45
45 106
106 34
92 84
84 86
86 99
99 66
66 92
71 92
92 80
80 91
91 71
94 102
102 62
62 106
106 71
71 95
95 67
67 119
119 34
34 135
135 32
32 128
128 31
31 133
133 46
46 116
116 41
41 94
106 73
73 136
136 64
64 106
90 110
110 66
66 106
106 81
81 90
11 171
171 16
16 151
151 13
13 165
165 11
28 193
193 29
29 176
176 23
23 188
188 6
6 201
201 9
9 198
198 11
11 183
183 34
34 185
185 26
26 155
155 37
37 144
144 27
27 153
153 5
5 175
175 14
14 159
159 28
7 156
156 8
8 152
152 35
35 163
163 28
28 138
138 40
40 137
137 47
47 116
116 70
70 87
87 98
98 67
67 129
129 61
61 100
100 74
74 92
92 86
86 103
103 90
90 82
82 101
101 85
85 94
94 120
120 7
69 133
133 50
50 114
114 69
142 58
58 143
143 30
30 142
33 183
183 12
12 182
182 24
24 152
152 41
41 149
149 40
40 141
141 43
43 154
154 21
21 150
150 30
30 153
153 31
31 142
142 44
44 156
156 18
18 165
165 33
117 70
70 119
119 80
80 179
179 33
33 161
161 67
67 113
113 84
84 109
109 87
87 129
129 69
69 117
128 57
57 126
126 49
49 121
121 70
70 125
125 98
98 88
88 111
111 66
66 130
130 56
56 96
96 133
133 72
72 139
139 53
53 116
116 108
108 78
78 127
127 99
99 93
93 104
104 74
74 117
117 63
63 124
124 55
55 128
150 43
43 159
159 19
19 158
158 46
46 151
151 22
22 148
148 38
38 150
27 167
167 39
39 163
163 45
45 150
150 27
157 27
27 164
164 8
8 191
191 13
13 157
65 124
124 84
84 141
141 57
57 144
144 78
78 131
131 71
71 130
130 69
69 161
161 38
38 155
155 41
41 160
160 19
19 175
175 17
17 157
157 35
35 153
153 42
42 132
132 100
100 77
77 115
115 66
66 128
128 60
60 118
118 65
48 169
169 18
18 228
228 2
2 220
220 32
32 162
162 5
5 174
174 65
65 146
146 7
7 147
147 48
106 90
90 118
118 79
79 92
92 109
109 85
85 113
113 95
95 86
86 131
131 101
101 88
88 119
119 77
77 106
73 122
122 77
77 126
126 62
62 107
107 89
89 96
96 115
115 94
94 104
104 109
109 106
106 74
74 116
116 73
157 49
49 132
132 68
68 112
112 120
120 104
104 124
124 79
79 122
122 74
74 139
139 77
77 128
128 73
73 114
114 82
82 117
117 83
83 190
190 14
14 182
182 41
41 157
1 166
166 50
50 150
150 68
68 157
157 58
58 149
149 48
48 123
123 1
1 211
211 14
14 203
203 43
43 152
152 56
56 135
135 83
83 128
128 85
85 137
137 72
72 144
144 64
64 206
206 5
5 197
197 10
10 181
181 1
15 204
204 16
16 203
203 18
18 195
195 12
12 233
233 5
5 229
229 4
4 226
226 9
9 218
218 8
8 168
168 20
20 165
165 44
44 159
159 69
69 149
149 63
63 138
138 51
51 147
147 64
64 188
188 33
33 219
219 14
14 215
215 29
29 211
211 17
17 197
197 15
182 40
40 162
162 76
76 121
121 113
113 116
116 86
86 126
126 119
119 135
135 98
98 149
149 71
71 197
197 30
30 182
53 151
151 55
55 134
134 73
73 148
148 25
25 225
225 12
12 216
216 20
20 174
174 36
36 182
182 46
46 165
165 84
84 130
130 81
81 143
143 80
80 142
142 53
112 124
124 107
107 103
103 114
114 96
96 112
138 101
101 144
144 79
79 196
196 50
50 218
218 16
16 217
217 7
7 170
170 22
22 168
168 42
42 160
160 51
51 153
153 96
96 154
154 73
73 147
147 74
74 132
132 70
70 138
92 146
146 87
87 138
138 107
107 142
142 110
110 112
112 92
158 62
62 165
165 86
86 121
121 144
144 125
125 92
92 150
150 53
53 158
57 156
156 80
80 145
145 57
88 128
128 97
97 127
127 88
153 88
88 155
155 68
68 170
170 21
21 181
181 39
39 200
200 57
57 162
162 52
52 153
194 13
13 198
198 30
30 255
255 3
3 194
34 214
214 23
23 181
181 22
22 194
194 25
25 221
221 33
33 189
189 27
27 166
166 54
54 167
167 37
37 193
193 34
34 237
237 7
7 259
259 11
11 201
201 34
175 56
56 168
168 58
58 162
162 68
68 164
164 55
55 191
191 36
36 192
192 22
22 207
207 10
10 236
236 2
2 235
235 38
38 204
204 34
34 184
184 48
48 172
172 45
45 175
42 189
189 51
51 177
177 31
31 176
176 42
158 82
82 152
152 53
53 171
171 37
37 184
184 42
42 182
182 47
47 183
183 40
40 193
193 74
74 175
175 62
62 173
173 64
64 160
160 83
83 145
145 119
119 128
128 99
99 133
133 120
120 153
153 70
70 158
156 60
60 163
163 59
59 156
75 162
162 72
72 160
160 95
95 155
155 90
90 111
111 89
89 117
117 91
91 131
131 122
122 140
140 75
114 160
160 78
78 147
147 87
87 148
148 75
75 157
157 97
97 146
146 100
100 138
138 112
112 114
139 118
118 114
114 139
158 88
88 163
163 94
94 121
121 89
89 132
132 142
142 120
120 139
139 81
81 156
156 63
63 165
165 69
69 193
193 51
51 200
200 49
49 169
169 130
130 85
85 158
115 160
160 121
121 114
114 133
133 105
105 115
1 246
246 30
30 202
202 42
42 186
186 46
46 212
212 21
21 198
198 69
69 172
172 58
58 174
174 85
85 162
162 98
98 141
141 115
115 134
134 103
103 126
126 139
139 122
122 158
158 77
77 205
205 15
15 199
199 1
1 222
222 37
37 230
230 36
36 207
207 43
43 219
219 39
39 204
204 60
60 171
171 59
59 167
167 108
108 147
147 102
102 129
129 104
104 146
146 124
124 151
151 75
75 159
159 53
53 194
194 46
46 210
210 1
22 234
234 26
26 195
195 28
28 268
268 12
12 287
287 17
17 223
223 24
24 222
222 22
1 314
314 12
12 326
326 21
21 227
227 22
22 203
203 40
40 184
184 56
56 217
217 19
19 232
232 1
44 180
180 65
65 178
178 44
231 29
29 252
252 8
8 229
229 10
10 231
1 247
247 29
29 233
233 13
13 224
224 32
32 231
231 18
18 215
215 44
44 201
201 54
54 176
176 52
52 182
182 55
55 216
216 23
23 220
220 19
19 241
241 2
2 251
251 28
28 242
242 15
15 238
238 1
254 32
32 229
229 24
24 227
227 23
23 244
244 2
2 294
294 8
8 254
73 221
221 41
41 199
199 61
61 166
166 73
72 177
177 111
111 169
169 72
210 55
55 185
185 72
72 171
171 68
68 168
168 73
73 187
187 45
45 213
213 46
46 195
195 58
58 191
191 56
56 192
192 63
63 242
242 51
51 210
165 88
88 214
214 71
71 210
210 67
67 165
35 226
226 40
40 223
223 69
69 207
207 63
63 213
213 57
57 201
201 56
56 240
240 24
24 246
246 14
14 265
265 2
2 258
258 15
15 251
251 23
23 232
232 34
34 227
227 46
46 220
220 35
181 65
65 227
227 42
42 224
224 35
35 181
127 141
141 113
113 126
126 158
158 133
133 127
139 166
166 106
106 129
129 131
131 99
99 143
143 127
127 123
123 114
114 157
157 92
92 174
174 59
59 265
265 32
32 255
255 39
39 222
222 53
53 180
180 84
84 171
171 101
101 178
178 88
88 181
181 62
62 202
202 100
100 155
155 135
135 134
134 139
182 122
122 159
159 139
139 210
210 90
90 164
164 77
77 182
161 92
92 170
170 86
86 182
182 78
78 165
165 79
79 161
189 82
82 161
161 75
75 189
167 120
120 150
150 110
110 165
165 99
99 145
145 170
170 103
103 167
254 38
38 253
253 27
27 198
198 66
66 183
183 81
81 173
173 109
109 180
180 92
92 202
202 97
97 161
161 127
127 167
167 154
154 140
140 123
123 137
137 91
91 164
164 102
102 182
182 95
95 163
163 96
96 194
194 64
64 222
222 74
74 215
215 72
72 207
207 80
80 208
208 58
58 218
218 146
146 169
169 121
121 189
189 52
52 228
228 50
50 203
203 25
25 250
250 5
5 235
235 22
22 270
270 7
7 296
296 13
13 254
31 235
235 72
72 218
218 67
67 223
223 61
61 260
260 23
23 257
257 3
3 274
274 2
2 293
293 46
46 234
234 31
1 272
272 9
9 247
247 6
6 283
283 18
18 248
248 33
33 235
235 57
57 216
216 83
83 186
186 96
96 171
171 110
110 163
163 135
135 160
160 153
153 126
126 136
136 104
104 156
156 87
87 193
193 75
75 200
200 70
70 234
234 48
48 252
252 63
63 226
226 43
43 230
230 62
62 198
198 59
59 191
191 101
101 174
174 99
99 176
176 79
79 199
199 64
64 204
204 68
68 244
244 31
31 254
254 1
1 298
298 3
3 278
278 1
228 84
84 226
226 68
68 225
225 41
41 231
231 40
40 233
233 69
69 228
184 81
81 191
191 65
65 184
138 149
149 123
123 165
165 116
116 138
91 193
193 101
101 198
198 115
115 147
147 167
167 134
134 136
136 157
157 126
126 159
159 149
149 142
142 138
138 129
129 177
177 91
91 196
196 95
95 195
195 79
79 187
187 103
103 176
176 109
109 217
217 73
73 204
204 126
126 161
161 124
124 162
162 89
89 214
214 98
98 192
192 91
77 188
188 108
108 168
168 77
10 267
267 19
19 285
285 20
20 248
248 108
108 200
200 89
89 211
211 77
77 225
225 91
91 197
197 75
75 221
221 76
76 218
218 78
78 184
184 86
86 228
228 82
82 262
262 6
6 266
266 5
5 275
275 11
11 269
269 25
25 258
258 22
22 236
236 44
44 273
273 28
28 276
276 29
29 263
263 14
14 249
249 10
4 274
274 47
47 232
232 56
56 212
212 49
49 209
209 59
59 237
237 67
67 277
277 14
14 272
272 4
20 309
309 4
4 278
278 33
33 258
258 50
50 238
238 40
40 241
241 52
52 246
246 36
36 275
275 9
9 313
313 46
46 303
303 20
1 312
312 4
4 322
322 20
20 310
310 6
6 281
281 25
25 296
296 10
10 286
286 1
243 54
54 231
231 49
49 258
258 39
39 268
268 31
31 256
256 37
37 243
58 243
243 51
51 249
249 90
90 219
219 98
98 236
236 43
43 254
254 64
64 237
237 74
74 229
229 55
55 224
224 75
75 201
201 139
139 163
163 131
131 165
165 145
145 105
105 164
164 129
129 152
152 117
117 171
171 134
134 168
168 124
124 186
186 85
85 215
215 100
100 238
238 58
59 313
313 13
13 314
314 14
14 278
278 32
32 274
274 40
40 257
257 42
42 247
247 45
45 273
273 58
58 216
216 101
101 204
204 88
88 203
203 79
79 212
212 59
230 80
80 229
229 77
77 218
218 104
104 176
176 178
178 110
110 173
173 102
102 174
174 116
116 172
172 120
120 175
175 87
87 208
208 92
92 225
225 83
83 223
223 71
71 222
222 96
96 188
188 136
136 147
147 162
162 132
132 141
141 151
151 138
138 155
155 128
128 156
156 113
113 192
192 103
103 209
209 85
85 206
206 66
66 254
254 49
49 233
233 68
68 230
185 119
119 196
196 94
94 213
213 92
92 212
212 95
95 199
199 93
93 148
148 105
105 185
174 159
159 140
140 174
173 137
137 150
150 155
155 161
161 147
147 179
179 116
116 190
190 121
121 173
189 158
158 168
168 141
141 164
164 123
123 189
144 182
182 131
131 189
189 142
142 165
165 186
186 143
143 173
173 117
117 213
213 160
160 174
174 130
130 184
184 112
112 193
193 106
106 188
188 111
111 197
197 129
129 196
196 148
148 144
259 70
70 224
224 101
101 236
236 110
110 200
200 112
112 195
195 103
103 238
238 132
132 177
177 144
144 151
151 175
175 172
172 118
118 176
176 124
124 217
217 127
127 201
201 125
125 185
185 99
99 230
230 59
59 239
239 16
16 259
41 266
266 23
23 292
292 32
32 280
280 38
38 261
261 42
42 279
279 67
67 257
257 41
16 282
282 7
7 271
271 41
41 245
245 16
251 54
54 250
250 48
48 280
280 69
69 240
240 97
97 216
216 89
89 258
258 56
56 248
248 77
77 234
234 71
71 247
247 73
73 222
222 94
94 297
297 16
16 269
269 30
30 251
27 287
287 35
35 255
255 44
44 269
269 34
34 263
263 48
48 270
270 43
43 251
251 55
55 256
256 64
64 259
259 27
306 27
27 281
281 9
9 306
60 243
243 93
93 232
232 85
85 220
220 60
117 199
199 147
147 209
209 143
143 188
188 119
119 216
216 124
124 192
192 117
260 80
80 249
249 65
65 243
243 95
95 220
220 88
88 221
221 117
117 180
180 140
140 187
187 81
81 205
205 79
79 234
234 104
104 242
242 71
71 237
237 82
82 247
247 89
89 259
259 74
74 260
197 151
151 185
185 133
133 197
163 197
197 175
175 163
109 211
211 135
135 176
176 159
159 179
179 171
171 128
128 204
204 115
115 203
203 161
161 185
185 163
163 174
174 189
189 137
137 198
198 109
251 105
105 212
212 114
114 205
205 109
109 224
224 81
81 260
260 76
76 256
256 83
83 251
263 53
53 278
278 37
37 263
261 77
77 287
287 47
47 295
295 36
36 276
276 56
56 263
263 68
68 261
168 185
185 165
165 168
194 154
154 182
182 168
168 199
199 118
118 232
232 114
114 214
214 136
136 190
190 142
142 231
231 84
84 246
246 61
61 264
264 52
52 255
255 73
73 261
261 96
96 223
223 111
111 230
230 109
109 284
284 91
91 235
235 92
92 226
226 107
107 212
212 115
115 224
224 128
128 194
2 311
311 57
57 272
272 19
19 314
314 15
15 301
301 2
324 3
3 312
312 2
2 324
54 269
269 62
62 307
307 10
10 324
324 28
28 282
282 61
61 253
253 54
54 278
278 78
78 245
245 85
85 239
239 84
84 279
279 49
49 309
309 26
26 314
314 42
42 274
274 54
7 332
332 2
2 319
319 12
12 316
316 9
9 328
328 8
8 304
304 30
30 291
291 17
17 293
293 54
54 252
252 101
101 237
237 103
103 208
208 112
112 227
227 187
187 157
157 155
155 190
190 158
158 194
194 138
138 204
204 130
130 191
191 87
87 251
251 60
60 288
288 7
312 64
64 281
281 41
41 293
293 47
47 305
305 16
16 325
325 19
19 329
329 6
6 318
318 14
14 324
324 18
18 300
300 35
35 312
233 123
123 200
200 129
129 211
211 141
141 184
184 134
134 247
247 84
84 244
244 75
75 233
233 165
165 224
224 118
118 208
208 119
119 206
206 147
147 228
228 100
100 223
223 120
120 203
203 184
184 194
194 168
168 186
186 197
197 169
169 198
198 166
166 182
182 173
173 167
167 164
164 156
156 200
200 151
151 207
207 79
79 243
243 99
99 233
24 310
310 62
62 293
293 44
44 275
275 65
65 253
253 111
111 233
233 88
88 239
239 94
94 229
229 81
81 254
254 72
72 268
268 51
51 341
341 4
4 348
348 17
17 299
299 37
37 312
312 7
7 290
290 29
29 306
306 24
22 301
301 69
69 281
281 84
84 275
275 72
72 267
267 22
330 8
8 333
333 6
6 330
7 342
342 8
8 335
335 7
48 274
274 76
76 265
265 70
70 266
266 48
298 52
52 271
271 23
23 298
45 298
298 39
39 294
294 78
78 304
304 40
40 283
283 45
13 328
328 18
18 332
332 23
23 316
316 13
330 9
9 320
320 13
13 319
319 44
44 299
299 38
38 290
290 61
61 312
312 45
45 329
329 55
55 306
306 48
48 300
300 49
49 311
311 31
31 340
340 35
35 318
318 10
10 315
315 16
16 372
372 7
7 330
11 321
321 10
10 330
330 22
22 289
289 11
286 59
59 263
263 74
74 298
298 67
67 303
303 58
58 280
280 51
51 366
366 11
11 286
273 92
92 239
239 106
106 219
219 122
122 222
222 86
86 274
274 73
73 280
280 77
77 290
290 50
50 273
53 311
311 74
74 273
273 53
267 98
98 248
248 97
97 255
255 93
93 303
303 81
81 273
273 87
87 241
241 103
103 249
249 115
115 243
243 82
82 252
252 105
105 253
253 86
86 267
56 310
310 27
27 336
336 10
10 347
347 5
5 346
346 13
13 322
322 16
16 323
323 26
26 317
317 70
70 301
301 88
88 267
267 80
80 276
276 85
85 309
309 84
84 285
285 53
53 286
286 25
25 292
292 56
79 263
263 108
108 258
258 90
90 261
261 86
86 262
262 93
93 256
256 79
256 113
113 238
238 148
148 213
213 135
135 220
220 124
124 237
237 110
110 256
79 288
288 63
63 272
272 122
122 234
234 120
120 230
230 116
116 215
215 137
137 193
193 134
134 201
201 151
151 214
214 130
130 256
256 97
97 266
266 79
180 178
178 177
177 180
181 155
155 219
219 139
139 208
208 133
133 238
238 128
128 227
227 190
190 179
179 170
170 183
183 180
180 176
176 150
150 181
125 225
225 134
134 216
216 130
130 217
217 185
185 183
183 210
210 170
170 205
205 169
169 219
219 177
177 189
189 186
186 193
193 181
181 174
174 164
164 203
203 125
131 218
218 141
141 212
212 131
221 142
142 222
222 139
139 227
227 133
133 230
230 131
131 245
245 102
102 221
212 154
154 196
196 203
203 183
183 189
189 199
199 192
192 191
191 150
150 212
1 356
356 3
3 364
364 27
27 327
327 29
29 302
302 39
39 320
320 44
44 328
328 77
77 282
282 94
94 259
259 134
134 230
230 137
137 218
218 175
175 212
212 159
159 207
207 174
174 237
237 152
152 206
206 198
198 182
182 200
200 162
162 225
225 130
130 221
221 119
119 261
261 114
114 240
240 125
125 233
233 138
138 229
229 112
112 241
241 104
104 263
263 96
96 264
264 83
83 290
290 79
79 319
319 57
57 315
315 15
15 321
321 14
14 343
343 51
51 295
295 65
65 317
317 33
33 330
330 26
26 335
335 28
28 336
336 31
31 322
322 56
56 308
308 24
24 331
331 1
38 323
323 44
44 324
324 53
53 322
322 42
42 316
316 38
40 331
331 38
38 314
314 40
6 349
349 28
28 351
351 2
2 397
397 5
5 367
367 4
4 345
345 6
321 45
45 349
349 14
14 365
365 8
8 382
382 6
6 379
379 43
43 332
332 40
40 325
325 30
30 336
336 39
39 318
318 37
37 321
172 253
253 120
120 241
241 135
135 235
235 141
141 227
227 140
140 230
230 136
136 221
221 151
151 209
209 161
161 207
207 181
181 205
205 172
208 162
162 223
223 143
143 217
217 150
150 231
231 201
201 145
145 218
218 149
149 204
204 157
157 206
206 156
156 208
68 310
310 92
92 283
283 89
89 251
251 99
99 267
267 100
100 252
252 107
107 268
268 125
125 255
255 117
117 226
226 146
146 222
222 161
161 215
215 179
179 202
202 206
206 163
163 213
213 204
204 158
158 208
208 172
172 195
195 121
121 285
285 96
96 278
278 68
296 99
99 266
266 124
124 240
240 129
129 295
295 132
132 245
245 161
161 227
227 149
149 226
226 147
147 233
233 137
137 236
236 123
123 279
279 95
95 282
282 85
85 299
299 71
71 292
292 66
66 300
300 65
65 296
1 339
339 29
29 335
335 88
88 304
304 109
109 250
250 103
103 280
280 112
112 286
286 60
60 291
291 91
91 296
296 68
68 321
321 24
24 337
337 1
338 39
39 337
337 34
34 346
346 18
18 355
355 12
12 350
350 41
41 336
336 37
37 363
363 30
30 338
359 15
15 344
344 32
32 365
365 23
23 361
361 13
13 352
352 19
19 357
357 3
3 378
378 2
2 359
10 380
380 17
17 371
371 3
3 398
398 16
16 354
354 9
9 358
358 10
1 395
395 32
32 368
368 9
9 369
369 10
10 359
359 37
37 345
345 40
40 334
334 21
21 333
333 45
45 338
338 1
42 342
342 21
21 339
339 42
326 44
44 354
354 33
33 335
335 36
36 367
367 8
8 389
389 18
18 362
362 42
42 326
358 50
50 294
294 89
89 311
311 62
62 315
315 74
74 326
326 24
24 356
356 20
20 358
358 45
45 339
339 22
22 358
358 29
29 352
352 24
24 358
10 381
381 8
8 390
390 25
25 361
361 45
45 365
365 41
41 358
358 12
12 376
376 10
214 194
194 195
195 200
200 212
212 213
213 172
172 209
209 186
186 210
210 188
188 205
205 192
192 214
232 195
195 197
197 214
214 163
163 229
229 160
160 236
236 142
142 234
234 126
126 232
116 303
303 102
102 252
252 116
131 246
246 121
121 273
273 90
90 281
281 118
118 272
272 100
100 283
283 93
93 269
269 116
116 239
239 154
154 230
230 169
169 232
232 131
262 136
136 239
239 175
175 222
222 151
151 228
228 157
157 235
235 145
145 246
246 167
167 224
224 168
168 230
230 190
190 238
238 137
137 254
254 138
138 240
240 126
126 250
250 131
131 262
260 106
106 267
267 105
105 269
269 115
115 252
252 137
137 262
262 97
97 260
276 176
176 221
221 172
172 233
233 150
150 260
260 107
107 276
255 133
133 249
249 129
129 255
350 82
82 270
270 106
106 281
281 128
128 257
257 137
137 255
255 126
126 258
258 120
120 276
276 83
83 300
300 79
79 325
325 68
68 350
264 123
123 259
259 126
126 279
279 138
138 255
255 146
146 246
246 198
198 224
224 237
237 190
190 235
235 158
158 241
241 145
145 265
265 120
120 292
292 121
121 269
269 107
107 264
182 207
207 202
202 182
221 205
205 214
214 199
199 196
196 208
208 180
180 245
245 153
153 234
234 188
188 221
223 174
174 219
219 196
196 200
200 207
207 193
193 210
210 217
217 194
194 221
221 179
179 232
232 173
173 216
216 186
186 227
227 166
166 223
140 268
268 110
110 291
291 96
96 290
290 87
87 275
275 123
123 274
274 172
172 247
247 166
166 267
267 161
161 246
246 155
155 220
220 171
171 230
230 203
203 223
223 182
182 257
257 140
143 254
254 141
141 251
251 139
139 252
252 130
130 248
248 143
264 143
143 239
239 178
178 229
229 164
164 250
250 129
129 261
261 175
175 265
265 170
170 234
234 169
169 258
258 140
140 270
270 115
115 281
281 126
126 264
177 272
272 141
141 262
262 177
305 75
75 298
298 167
167 273
273 177
177 233
233 199
199 216
216 184
184 209
209 192
192 254
254 153
153 274
274 127
127 264
264 104
104 322
322 65
65 307
307 66
66 305
330 68
68 342
342 53
53 330
52 318
318 63
63 345
345 48
48 339
339 58
58 330
330 49
49 302
302 52
10 401
401 9
9 387
387 8
8 392
392 2
2 383
383 52
52 336
336 46
46 340
340 54
54 331
331 65
65 323
323 78
78 316
316 67
67 305
305 105
105 289
289 76
76 332
332 71
71 320
320 81
81 350
350 28
28 379
379 10
26 397
397 8
8 415
415 4
4 373
373 23
23 385
385 20
20 402
402 6
6 393
393 7
7 374
374 26
1 377
377 36
36 359
359 21
21 360
360 55
55 362
362 83
83 294
294 101
101 305
305 72
72 307
307 93
93 300
300 85
85 287
287 90
90 379
379 38
38 383
383 12
12 400
400 2
2 412
412 6
6 405
405 8
8 406
406 26
26 347
347 40
40 363
363 39
39 344
344 44
44 353
353 14
14 389
389 10
10 370
370 1
113 277
277 133
133 263
263 111
111 301
301 120
120 281
281 123
123 294
294 104
104 298
298 90
90 304
304 102
102 326
326 84
84 320
320 107
107 275
275 113
293 113
113 287
287 95
95 293
76 313
313 75
75 334
334 98
98 327
327 80
80 307
307 105
105 328
328 60
60 331
331 57
57 329
329 66
66 333
333 70
70 323
323 104
104 312
312 79
79 302
302 91
91 318
318 72
72 317
317 108
108 266
266 114
114 286
286 119
119 300
300 117
117 293
293 76
324 87
87 307
307 89
89 316
316 100
100 306
306 86
86 288
288 95
95 308
308 59
59 337
337 79
79 321
321 76
76 357
357 24
24 370
370 39
39 372
372 61
61 339
339 56
56 324
346 81
81 345
345 71
71 341
341 88
88 338
338 74
74 346
62 335
335 78
78 339
339 69
69 331
331 73
73 315
315 90
90 350
350 87
87 367
367 55
55 361
361 34
34 352
352 80
80 346
346 60
60 344
344 47
47 314
314 91
91 319
319 96
96 304
304 111
111 330
330 102
102 324
324 62
62 347
347 49
49 389
389 17
17 401
401 13
13 384
384 39
39 393
393 18
18 390
390 46
46 343
343 62
53 358
358 59
59 348
348 62
62 354
354 53
356 80
80 374
374 77
77 336
336 66
66 356
21 400
400 19
19 382
382 11
11 373
373 21
148 297
297 147
147 256
256 146
146 275
275 114
114 322
322 111
111 306
306 119
119 290
290 110
110 316
316 92
92 332
332 94
94 319
319 93
93 357
357 81
81 363
363 44
44 377
377 21
21 375
375 78
78 340
340 116
116 282
282 129
129 269
269 139
139 255
255 184
184 271
271 134
134 261
261 148
218 210
210 226
226 208
208 218
280 162
162 215
215 218
218 159
159 287
287 122
122 280
96 349
349 56
56 358
358 60
60 362
362 95
95 319
319 109
109 346
346 110
110 305
305 114
114 311
311 133
133 280
280 142
142 244
244 158
158 276
276 148
148 315
315 75
75 323
323 96
12 398
398 92
92 323
323 97
97 288
288 115
115 332
332 109
109 334
334 84
84 341
341 74
74 368
368 41
41 372
372 48
48 364
364 85
85 333
333 96
96 351
351 35
35 409
409 8
8 429
429 17
17 395
395 12
54 373
373 47
47 377
377 74
74 358
358 58
58 371
371 27
27 396
396 12
12 440
440 9
9 403
403 5
5 418
418 7
7 405
405 40
40 360
360 59
59 361
361 82
82 356
356 54
22 394
394 27
27 376
376 22
28 402
402 22
22 380
380 24
24 451
451 15
15 429
429 16
16 406
406 25
25 391
391 14
14 399
399 28
54 385
385 24
24 381
381 33
33 415
415 28
28 370
370 54
29 388
388 60
60 361
361 75
75 365
365 49
49 380
380 29
127 288
288 135
135 263
263 152
152 243
243 151
151 280
280 141
141 296
296 101
101 317
317 117
117 337
337 91
91 320
320 112
112 312
312 115
115 289
289 123
123 292
292 159
159 286
286 127
242 207
207 230
230 200
200 227
227 196
196 234
234 197
197 229
229 222
222 186
186 242
182 245
245 187
187 243
243 156
156 275
275 153
153 278
278 143
143 270
270 163
163 241
241 197
197 242
242 182
395 49
49 408
408 13
13 430
430 14
14 414
414 39
39 395
376 86
86 372
372 80
80 395
395 38
38 388
388 50
50 359
359 56
56 352
352 72
72 335
335 89
89 347
347 149
149 307
307 139
139 277
277 182
182 252
252 164
164 256
256 155
155 294
294 124
124 290
290 127
127 308
308 106
106 360
360 73
73 375
375 48
48 391
391 43
43 396
396 46
46 403
403 29
29 370
370 31
31 399
399 44
44 392
392 36
36 398
398 24
24 407
407 32
32 400
400 63
63 381
381 30
30 376
6 447
447 8
8 412
412 3
3 416
416 11
11 418
418 6
404 38
38 416
416 18
18 404
366 56
56 382
382 30
30 401
401 31
31 387
387 67
67 364
364 71
71 359
359 62
62 396
396 77
77 378
378 45
45 404
404 5
5 421
421 6
6 413
413 10
10 419
419 43
43 394
394 41
41 376
376 54
54 366
21 437
437 3
3 452
452 12
12 428
428 5
5 417
417 21
22 424
424 21
21 426
426 6
6 454
454 23
23 412
412 20
20 390
390 60
60 419
419 22
6 495
495 23
23 466
466 39
39 436
436 6
4 443
443 3
3 470
470 15
15 473
473 19
19 431
431 5
5 432
432 4
420 25
25 424
424 31
31 441
441 17
17 433
433 4
4 452
452 6
6 442
442 10
10 439
439 26
26 425
425 24
24 420
59 391
391 56
56 412
412 41
41 420
420 22
22 411
411 35
35 386
386 61
61 387
387 59
53 392
392 51
51 370
370 55
55 376
376 75
75 377
377 48
48 424
424 54
54 397
397 30
30 443
443 7
7 453
453 3
3 462
462 22
22 445
445 29
29 422
422 59
59 388
388 65
65 354
354 90
90 321
321 100
100 343
343 66
66 373
373 71
71 383
383 81
81 361
361 62
62 366
366 53
295 176
176 278
278 154
154 251
251 156
156 262
262 212
212 216
216 209
209 193
193 276
276 175
175 263
263 150
150 279
279 145
145 345
345 115
115 318
318 118
118 283
283 129
129 293
293 125
125 310
310 127
127 326
326 120
120 303
303 123
123 300
300 155
155 295
264 158
158 255
255 151
151 264
131 299
299 141
141 288
288 145
145 283
283 162
162 307
307 153
153 277
277 165
165 248
248 174
174 247
247 221
221 210
210 224
224 211
211 229
229 204
204 231
231 217
217 214
214 228
228 168
168 264
264 150
150 296
296 159
159 295
295 131
128 322
322 141
141 319
319 119
119 346
346 145
145 292
292 128
121 354
354 68
68 373
373 76
76 365
365 113
113 313
313 128
128 312
312 144
144 288
288 163
163 279
279 174
174 259
259 184
184 291
291 129
129 317
317 143
143 303
303 121
352 104
104 324
324 105
105 309
309 103
103 320
320 122
122 316
316 121
121 305
305 131
131 282
282 137
137 311
311 132
132 363
363 87
87 352
97 386
386 66
66 366
366 89
89 339
339 97
348 108
108 321
321 112
112 327
327 111
111 325
325 103
103 333
333 94
94 348
318 153
153 325
325 121
121 318
304 170
170 306
306 138
138 331
331 117
117 343
343 101
101 304
236 191
191 271
271 190
190 239
239 157
157 249
249 168
168 255
255 192
192 232
232 208
208 242
242 204
204 241
241 179
179 250
250 185
185 260
260 173
173 236
236 188
188 252
252 186
186 236
266 178
178 244
244 193
193 215
215 181
181 262
262 199
199 243
243 191
191 239
239 205
205 236
236 195
195 290
290 134
134 304
304 158
158 294
294 166
166 269
269 130
130 317
317 132
132 313
313 152
152 266
180 275
275 168
168 326
326 133
133 321
321 157
157 274
274 164
164 280
280 198
198 251
251 196
196 248
248 169
169 256
256 222
222 231
231 211
211 247
247 179
179 263
263 180
193 270
270 169
169 264
264 179
179 265
265 180
180 258
258 171
171 281
281 130
130 284
284 162
162 296
296 161
161 282
282 154
154 289
289 126
126 320
320 150
150 268
268 193
136 300
300 134
134 308
308 193
193 266
266 151
151 323
323 128
128 318
318 123
123 346
346 120
120 327
327 129
129 298
298 136
303 156
156 302
302 137
137 298
298 151
151 303
316 155
155 311
311 138
138 318
318 130
130 338
338 150
150 333
333 123
123 336
336 121
121 327
327 124
124 316
148 304
304 140
140 299
299 148
46 407
407 62
62 389
389 57
57 353
353 99
99 388
388 69
69 342
342 93
93 368
368 88
88 358
358 94
94 374
374 107
107 329
329 131
131 354
354 148
148 337
337 135
135 328
328 126
126 316
316 154
154 303
303 174
174 332
332 136
136 378
378 96
96 348
348 97
97 352
352 64
64 384
384 45
45 398
398 46
342 103
103 341
341 91
91 342
98 359
359 115
115 347
347 98
134 339
339 112
112 334
334 133
133 335
335 134
101 351
351 110
110 352
352 106
106 349
349 101
340 167
167 308
308 147
147 340
330 153
153 340
340 154
154 343
343 119
119 334
334 122
122 341
341 121
121 344
344 109
109 355
355 101
101 350
350 134
134 312
312 140
140 331
331 159
159 322
322 130
130 330
219 220
220 239
239 209
209 233
233 189
189 219
219 229
229 231
231 237
237 230
230 214
214 219
183 253
253 214
214 252
252 211
211 240
240 200
200 235
235 208
208 241
241 206
206 225
225 219
219 183
280 190
190 277
277 183
183 244
244 207
207 281
281 172
172 279
279 165
165 280
162 300
300 165
165 283
283 180
180 280
280 191
191 258
258 194
194 267
267 179
179 319
319 142
142 293
293 164
164 286
286 162
261 187
187 291
291 217
217 251
251 206
206 248
248 205
205 262
262 194
194 286
286 189
189 294
294 168
168 302
302 185
185 259
259 181
181 285
285 169
169 299
299 164
164 297
297 177
177 288
288 162
162 315
315 158
158 318
318 146
146 261
227 218
218 226
226 215
215 227
219 282
282 182
182 284
284 172
172 316
316 140
140 327
327 161
161 303
303 210
210 236
236 240
240 218
218 245
245 229
229 224
224 213
213 216
216 227
227 272
272 201
201 234
234 219
259 211
211 268
268 192
192 271
271 204
204 259
283 199
199 279
279 179
179 283
239 235
235 202
202 257
257 222
222 262
262 228
228 239
249 239
239 265
265 209
209 242
242 227
227 249
200 284
284 196
196 253
253 197
197 246
246 249
249 208
208 250
250 207
207 278
278 200
292 172
172 314
314 152
152 328
328 200
200 283
283 281
281 214
214 259
259 219
219 261
261 171
171 292
421 43
43 423
423 30
30 464
464 36
36 402
402 37
37 421
79 398
398 67
67 390
390 47
47 421
421 38
38 406
406 64
64 371
371 106
106 358
358 131
131 336
336 156
156 305
305 174
174 306
306 171
171 293
293 180
180 295
295 186
186 292
292 175
175 330
330 132
132 367
367 98
98 342
342 105
105 362
362 79
390 95
95 364
364 73
73 397
397 72
72 390
390 82
82 377
377 78
78 390
84 390
390 76
76 423
423 71
71 376
376 84
392 84
84 361
361 94
94 372
372 91
91 382
382 74
74 385
385 79
79 392
46 436
436 40
40 414
414 37
37 411
411 51
51 400
400 50
50 399
399 72
72 412
412 66
66 389
389 70
70 380
380 88
88 376
376 89
89 398
398 96
96 392
392 55
55 405
405 46
37 437
437 32
32 422
422 37
137 313
313 147
147 317
317 139
139 309
309 163
163 289
289 160
160 312
312 137
164 309
309 160
160 304
304 173
173 300
300 164
128 365
365 132
132 338
338 162
162 317
317 172
172 324
324 164
164 327
327 147
147 320
320 137
137 344
344 146
146 334
334 128
26 448
448 76
76 396
396 80
80 424
424 50
50 404
404 94
94 375
375 128
128 341
341 129
129 356
356 97
97 381
381 78
78 411
411 47
47 468
468 3
3 475
475 58
58 400
400 55
55 443
443 37
37 440
440 26
452 16
16 430
430 33
33 413
413 88
88 414
414 45
45 484
484 14
14 452
435 47
47 420
420 52
52 408
408 55
55 407
407 61
61 432
432 59
59 454
454 7
7 457
457 40
40 452
452 26
26 450
450 27
27 417
417 20
20 435
1 449
449 21
21 435
435 79
79 425
425 46
46 401
401 53
53 410
410 1
4 449
449 25
25 429
429 20
20 434
434 4
57 418
418 35
35 434
434 70
70 404
404 78
78 384
384 73
73 410
410 57
301 179
179 296
296 176
176 301
178 309
309 188
188 285
285 182
182 301
301 178
263 211
211 273
273 201
201 291
291 190
190 316
316 176
176 300
300 213
213 250
250 233
233 216
216 286
286 205
205 263
195 267
267 206
206 253
253 202
202 280
280 208
208 257
257 246
246 232
232 226
226 263
263 207
207 258
258 195
300 202
202 279
279 201
201 300
187 299
299 242
242 235
235 248
248 269
269 197
197 277
277 216
216 250
250 225
225 256
256 236
236 220
220 300
300 184
184 274
274 187
178 315
315 181
181 303
303 177
177 312
312 173
173 317
317 180
180 302
302 187
187 275
275 195
195 289
289 204
204 304
304 178
250 249
249 256
256 230
230 250
264 250
250 237
237 290
290 196
196 287
287 194
194 298
298 219
219 264
243 240
240 248
248 238
238 243
178 311
311 183
183 296
296 211
211 270
270 235
235 244
244 203
203 274
274 239
239 268
268 248
248 243
243 227
227 260
260 225
225 271
271 230
230 262
262 237
237 264
264 212
212 273
273 232
232 254
254 229
229 251
251 221
221 255
255 220
220 288
288 182
182 305
305 178
104 381
381 111
111 361
361 103
103 351
351 140
140 353
353 104
118 359
359 105
105 382
382 121
121 355
355 118
166 356
356 168
168 310
310 171
171 352
352 146
146 368
368 118
118 357
357 123
123 369
369 104
104 380
380 137
137 338
338 151
151 339
339 166
99 414
414 98
98 376
376 133
133 361
361 169
169 328
328 161
161 369
369 166
166 327
327 184
184 312
312 185
185 311
311 211
211 325
325 179
179 313
313 178
178 320
320 158
158 334
334 152
152 349
349 114
114 375
375 126
126 346
346 129
129 383
383 99
413 67
67 446
446 34
34 422
422 42
42 416
416 99
99 410
410 75
75 421
421 57
57 413
142 342
342 204
204 310
310 174
174 327
327 193
193 329
329 142
402 91
91 395
395 83
83 366
366 113
113 377
377 119
119 347
347 125
125 404
404 90
90 402
142 402
402 69
69 389
389 102
102 370
370 120
120 348
348 109
109 362
362 136
136 346
346 138
138 344
344 142
460 48
48 394
394 65
65 401
401 96
96 400
400 128
128 382
382 122
122 355
355 142
142 341
341 167
167 356
356 187
187 303
303 216
216 296
296 198
198 326
326 171
171 321
321 160
160 335
335 170
170 337
337 152
152 364
364 101
101 413
413 53
53 409
409 49
49 486
486 16
16 460
20 442
442 38
38 433
433 20
1 499
499 20
20 460
460 2
2 456
456 17
17 469
469 4
4 455
455 5
5 497
497 1
371 127
127 358
358 112
112 373
373 103
103 386
386 104
104 371
359 147
147 361
361 140
140 359
379 185
185 334
334 160
160 347
347 138
138 381
381 117
117 379
60 403
403 120
120 374
374 118
118 379
379 105
105 366
366 134
134 367
367 151
151 348
348 149
149 353
353 177
177 321
321 173
173 335
335 181
181 322
322 163
163 344
344 159
159 359
359 124
124 371
371 68
68 457
457 10
10 461
461 28
28 450
450 72
72 401
401 83
83 399
399 60
60 408
408 120
120 412
412 80
80 433
433 74
74 406
406 60
7 479
479 25
25 458
458 7
60 455
455 24
24 444
444 49
49 438
438 41
41 435
435 64
64 466
466 43
43 429
429 31
31 453
453 60
62 431
431 44
44 445
445 67
67 453
453 51
51 428
428 62
439 62
62 435
435 70
70 475
475 15
15 480
480 4
4 492
492 5
5 462
462 10
10 471
471 53
53 442
442 33
33 470
470 60
60 420
420 77
77 426
426 55
55 422
422 61
61 439
29 465
465 9
9 463
463 29
45 495
495 29
29 451
451 45
456 38
38 465
465 32
32 461
461 18
18 463
463 35
35 449
449 30
30 490
490 19
19 497
497 37
37 444
444 59
59 464
464 45
45 469
469 42
42 447
447 31
31 456
459 64
64 448
448 34
34 456
456 71
71 431
431 80
80 417
417 73
73 419
419 68
68 439
439 11
11 459
459 55
55 444
444 57
57 447
447 46
46 437
437 56
56 486
486 51
51 458
458 30
30 460
460 40
40 461
461 48
48 470
470 42
42 477
477 27
27 459
403 117
117 389
389 116
116 366
366 109
109 386
386 122
122 393
393 100
100 403
101 403
403 82
82 435
435 77
77 431
431 75
75 416
416 78
78 428
428 131
131 371
371 129
129 374
374 130
130 357
357 125
125 360
360 124
124 370
370 108
108 413
413 127
127 373
373 136
136 394
394 86
86 385
385 93
93 391
391 118
118 376
376 101
384 89
89 396
396 87
87 384
21 473
473 30
30 489
489 18
18 480
480 41
41 456
456 50
50 449
449 110
110 437
437 82
82 423
423 104
104 416
416 106
106 372
372 124
124 384
384 111
111 398
398 101
101 397
397 81
81 432
432 73
73 459
459 21
143 397
397 139
139 360
360 142
142 384
384 145
145 357
357 146
146 363
363 143
399 103
103 392
392 107
107 425
425 84
84 407
407 145
145 385
385 155
155 331
331 163
163 359
359 223
223 247
247 259
259 244
244 241
241 226
226 275
275 236
236 267
267 229
229 273
273 220
220 342
342 180
180 318
318 176
176 349
349 170
170 350
350 154
154 348
348 162
162 346
346 171
171 384
384 157
157 366
366 143
143 389
389 126
126 377
377 115
115 390
390 129
129 372
372 114
114 396
396 95
95 445
445 81
81 428
428 98
98 423
423 83
83 405
405 89
89 417
417 93
93 399
194 299
299 207
207 293
293 194
165 347
347 179
179 327
327 192
192 297
297 198
198 321
321 182
182 349
349 188
188 312
312 191
191 301
301 194
194 292
292 190
190 295
295 197
197 333
333 165
251 249
249 269
269 252
252 231
231 299
299 209
209 274
274 238
238 263
263 234
234 251
241 258
258 243
243 257
257 267
267 245
245 263
263 251
251 241
273 245
245 270
270 257
257 261
261 226
226 247
247 265
265 244
244 262
262 231
231 273
268 244
244 273
273 246
246 294
294 201
201 332
332 176
176 336
336 144
144 358
358 148
148 362
362 146
146 371
371 153
153 341
341 175
175 308
308 206
206 287
287 241
241 268
277 247
247 255
255 224
224 288
288 234
234 325
325 215
215 274
274 225
225 277
392 177
177 365
365 167
167 346
346 192
192 331
331 236
236 293
293 212
212 283
283 233
233 277
277 243
243 260
260 258
258 269
269 250
250 268
268 256
256 266
266 203
203 284
284 208
208 329
329 211
211 343
343 200
200 340
340 160
160 348
348 165
165 353
353 174
174 387
387 124
124 391
391 115
115 392
133 382
382 171
171 360
360 156
156 373
373 142
142 377
377 133
63 442
442 66
66 422
422 133
133 395
395 126
126 391
391 125
125 379
379 135
135 374
374 160
160 390
390 130
130 392
392 121
121 399
399 102
102 408
408 63
65 458
458 63
63 455
455 76
76 456
456 79
79 438
438 65
24 498
498 14
14 488
488 43
43 476
476 28
28 471
471 24
481 13
13 499
499 24
24 482
482 54
54 427
427 96
96 407
407 95
95 405
405 123
123 401
401 92
92 443
443 65
65 415
415 88
88 500
500 11
11 481
467 63
63 481
481 17
17 478
478 35
35 492
492 40
40 467
483 46
46 452
452 49
49 451
451 68
68 467
467 12
12 472
472 47
47 436
436 52
52 473
473 42
42 483
483 72
72 462
462 61
61 483
183 318
318 189
189 306
306 213
213 322
322 220
220 285
285 214
214 310
310 206
206 314
314 183
411 95
95 421
421 101
101 410
410 105
105 406
406 89
89 409
409 119
119 403
403 163
163 373
373 179
179 369
369 167
167 372
372 134
134 386
386 184
184 337
337 183
183 323
323 178
178 396
396 118
118 400
400 112
112 417
417 90
90 468
468 67
67 455
455 73
73 442
442 91
91 411
87 439
439 101
101 454
454 85
85 418
418 94
94 409
409 102
102 411
411 92
92 424
424 87
376 148
148 383
383 152
152 361
361 156
156 403
403 146
146 376
129 400
400 130
130 393
393 129
416 129
129 398
398 132
132 391
391 166
166 377
377 176
176 376
376 143
143 450
450 31
31 494
494 38
38 488
488 41
41 491
491 56
56 441
441 52
52 487
487 62
62 447
447 80
80 456
456 84
84 451
451 82
82 490
490 32
32 496
496 64
64 463
463 90
90 448
448 102
102 414
414 145
145 408
408 115
115 422
422 103
103 405
405 112
112 416
190 323
323 248
248 275
275 240
240 309
309 197
197 316
316 228
228 283
283 226
226 287
287 218
218 289
289 237
237 277
277 250
250 286
286 227
227 288
288 225
225 280
280 224
224 311
311 190
189 335
335 224
224 328
328 190
190 361
361 201
201 346
346 198
198 315
315 210
210 321
321 203
203 330
330 186
186 344
344 178
178 324
324 189
197 324
324 194
194 307
307 217
217 323
323 197
474 76
76 458
458 82
82 456
456 96
96 428
428 86
86 444
444 70
70 441
441 78
78 420
420 127
127 443
443 114
114 388
388 175
175 350
350 181
181 336
336 193
193 331
331 203
203 338
338 182
182 352
352 197
197 334
334 189
189 348
348 173
173 394
394 157
157 416
416 108
108 431
431 87
87 483
483 44
44 474
474 63
63 470
470 50
50 460
460 102
102 471
471 61
61 477
477 53
53 474
112 424
424 113
113 415
415 112
106 423
423 103
103 454
454 104
104 456
456 87
87 461
461 83
83 440
440 112
112 418
418 106
123 423
423 130
130 407
407 97
97 445
445 133
133 426
426 107
107 454
454 134
134 409
409 123
146 412
412 132
132 431
431 120
120 417
417 144
144 354
354 159
159 397
397 155
155 408
408 146
123 417
417 146
146 414
414 123
405 118
118 425
425 116
116 405
89 435
435 98
98 451
451 119
119 424
424 121
121 405
405 135
135 410
410 117
117 433
433 123
123 446
446 69
69 463
463 65
65 476
476 106
106 419
419 89
86 463
463 74
74 436
436 95
95 438
438 100
100 478
478 53
53 479
479 52
52 452
452 68
68 470
470 67
67 477
477 92
92 435
435 116
116 428
428 108
108 421
421 105
105 420
420 89
89 429
429 86
218 303
303 212
212 305
305 242
242 301
301 218
265 295
295 239
239 289
289 245
245 280
280 230
230 307
307 218
218 317
317 196
196 308
308 195
195 292
292 240
240 311
311 235
235 288
288 252
252 271
271 253
253 276
276 272
272 256
256 279
279 255
255 262
262 259
259 270
270 275
275 261
261 265
335 211
211 338
338 205
205 326
326 209
209 304
304 208
208 319
319 265
265 277
277 263
263 249
249 282
282 221
221 318
318 191
191 335
244 285
285 255
255 280
280 251
251 264
264 273
273 282
282 250
250 289
289 254
254 284
284 258
258 278
278 244
322 244
244 291
291 233
233 322
217 343
343 218
218 323
323 230
230 306
306 202
202 302
302 240
240 298
298 229
229 303
303 233
233 315
315 217
221 323
323 219
219 302
302 227
227 305
305 251
251 288
288 246
246 316
316 222
222 313
313 213
213 321
321 217
217 327
327 234
234 297
297 245
245 322
322 221
335 221
221 340
340 203
203 335
270 285
285 258
258 294
294 249
249 283
283 264
264 278
278 273
273 270
305 274
274 279
279 283
283 270
270 262
262 305
227 343
343 226
226 317
317 227
186 375
375 154
154 351
351 186
124 419
419 136
136 380
380 153
153 385
385 160
160 410
410 140
140 367
367 174
174 397
397 167
167 403
403 164
164 355
355 189
189 352
352 186
186 336
336 227
227 314
314 208
208 332
332 228
228 318
318 238
238 287
287 261
261 280
280 272
272 284
284 275
275 305
305 229
229 372
372 215
215 335
335 190
190 349
349 194
194 354
354 149
149 399
399 124
420 124
124 435
435 99
99 448
448 116
116 437
437 115
115 420
492 102
102 496
496 54
54 492
449 109
109 479
479 57
57 492
492 49
49 484
484 118
118 420
420 122
122 458
458 97
97 449
31 489
489 68
68 481
481 70
70 455
455 88
88 483
483 93
93 441
441 95
95 439
439 98
98 440
440 107
107 449
449 89
89 452
452 80
80 488
488 76
76 482
482 48
48 469
469 79
79 485
485 31
474 100
100 440
440 113
113 442
442 101
101 460
460 69
69 469
469 65
65 466
466 89
89 497
497 28
28 493
493 62
62 494
494 47
47 480
480 22
22 472
472 86
86 457
457 84
84 474
183 347
347 206
206 339
339 161
161 380
380 154
154 383
383 186
186 353
353 181
181 384
384 179
179 376
376 192
192 352
352 195
195 348
348 208
208 341
341 183
368 158
158 364
364 183
183 356
356 189
189 357
357 150
150 368
367 165
165 368
368 156
156 367
349 199
199 356
356 203
203 360
360 226
226 354
354 196
196 349
324 213
213 349
349 207
207 324
217 359
359 188
188 365
365 211
211 355
355 214
214 324
324 212
212 320
320 202
202 331
331 217
374 165
165 390
390 173
173 368
368 182
182 380
380 194
194 358
358 217
217 357
357 193
193 351
351 180
180 367
367 162
162 374
433 156
156 427
427 173
173 393
393 172
172 374
374 142
142 382
382 151
151 381
381 185
185 417
417 126
126 433
382 190
190 364
364 168
168 382
141 422
422 125
125 434
434 128
128 406
406 135
135 413
413 141
429 162
162 420
420 135
135 415
415 141
141 391
391 169
169 382
382 150
150 399
399 151
151 433
433 136
136 429
138 401
401 143
143 388
388 138
300 247
247 292
292 243
243 300
429 148
148 391
391 149
149 389
389 152
152 409
409 151
151 443
443 158
158 408
408 230
230 347
347 205
205 398
398 142
142 401
401 153
153 388
388 187
187 368
368 191
191 336
336 232
232 332
332 237
237 297
297 243
243 306
306 255
255 290
290 279
279 282
282 285
285 273
273 300
300 254
254 329
329 212
212 352
352 209
209 344
344 239
239 307
307 241
241 309
309 266
266 288
288 253
253 311
311 242
242 362
362 196
196 386
386 154
154 438
438 143
143 437
437 129
129 418
418 132
132 419
419 140
140 411
411 138
138 429
178 402
402 150
150 423
423 187
187 399
399 154
154 409
409 157
157 412
412 161
161 405
405 177
177 397
397 178
137 415
415 149
149 395
395 182
182 379
379 198
198 370
370 174
174 403
403 172
172 405
405 178
178 400
400 166
166 413
413 147
147 407
407 137
447 155
155 419
419 172
172 432
432 137
137 421
421 139
139 429
429 144
144 425
425 121
121 440
440 124
124 460
460 113
113 447
444 115
115 451
451 108
108 444
447 128
128 444
444 122
122 447
462 103
103 455
455 122
122 448
448 124
124 441
441 99
99 462
368 205
205 377
377 168
168 433
433 183
183 367
367 195
195 368
389 190
190 388
388 186
186 389
193 399
399 195
195 387
387 188
188 383
383 193
199 408
408 205
205 378
378 192
192 388
388 193
193 389
389 179
179 404
404 175
175 394
394 189
189 374
374 208
208 353
353 202
202 368
368 197
197 365
365 206
206 356
356 216
216 370
370 200
200 358
358 220
220 338
338 237
237 343
343 232
232 342
342 242
242 326
326 238
238 347
347 236
236 361
361 199
198 402
402 182
182 401
401 190
190 396
396 180
180 369
369 201
201 365
365 199
199 381
381 198
218 353
353 219
219 333
333 228
228 348
348 218
249 337
337 244
244 328
328 249
259 306
306 284
284 277
277 288
288 272
272 311
311 270
270 292
292 250
250 301
301 335
335 249
249 307
307 258
258 286
286 268
268 259
204 360
360 225
225 302
302 281
281 307
307 269
269 276
276 259
259 379
379 212
212 339
339 231
231 356
356 218
218 359
359 221
221 345
345 210
210 346
346 204
287 310
310 233
233 312
312 252
252 289
289 276
276 295
295 293
293 307
307 284
284 320
320 222
222 324
324 251
251 322
322 257
257 287
256 327
327 233
233 344
344 248
248 345
345 271
271 287
287 273
273 298
298 267
267 286
286 319
319 256
289 268
268 318
318 246
246 351
351 236
236 355
355 262
262 289
383 237
237 344
344 249
249 342
342 246
246 336
336 250
250 299
299 296
296 291
291 301
301 267
267 359
359 252
252 324
324 247
247 308
308 245
245 332
332 235
235 323
323 277
277 289
289 272
272 325
325 261
261 297
297 309
309 274
274 361
361 241
241 350
350 222
222 334
334 256
256 356
356 244
244 367
367 206
206 399
399 194
194 383
430 202
202 363
363 196
196 382
382 199
199 383
383 215
215 381
381 204
204 392
392 198
198 391
391 165
165 429
429 141
141 421
421 151
151 428
428 117
117 430
75 453
453 117
117 454
454 148
148 442
442 137
137 435
435 150
150 431
431 151
151 430
430 111
111 462
462 81
81 464
464 139
139 447
447 75
114 463
463 142
142 418
418 184
184 393
393 174
174 449
449 114
114 498
498 88
88 459
459 114
478 112
112 452
452 110
110 478
469 101
101 457
457 121
121 452
452 138
138 424
424 186
186 403
403 189
189 412
412 167
167 427
427 169
169 416
416 177
177 419
419 168
168 414
414 166
166 478
478 114
114 455
455 107
107 467
467 78
78 466
466 87
87 469
84 476
476 78
78 481
481 116
116 461
461 125
125 465
465 84
91 481
481 84
84 475
475 74
74 473
473 91
477 111
111 439
439 105
105 492
492 89
89 485
485 81
81 493
493 71
71 472
472 103
103 477
470 99
99 486
486 79
79 470
484 93
93 497
497 121
121 459
459 115
115 457
457 128
128 448
448 160
160 422
422 146
146 470
470 94
94 482
482 117
117 477
477 91
91 489
489 95
95 464
464 108
108 469
469 75
75 484
493 130
130 440
440 123
123 462
462 124
124 457
457 138
138 453
453 119
119 456
456 132
132 466
466 83
83 495
495 63
63 494
494 120
120 476
476 129
129 472
472 101
101 497
497 106
106 493
484 94
94 499
499 72
72 494
494 68
68 491
491 101
101 473
473 115
115 467
467 125
125 464
464 110
110 493
493 92
92 484
480 91
91 487
487 58
58 480
213 341
341 233
233 346
346 255
255 312
312 273
273 316
316 259
259 331
331 229
229 338
338 243
243 323
323 266
266 343
343 251
251 334
334 245
245 321
321 254
254 339
339 213
352 233
233 353
353 247
247 333
333 276
276 313
313 269
269 326
326 273
273 340
340 229
229 352
409 185
185 385
385 199
199 401
401 195
195 415
415 175
175 409
207 409
409 176
176 390
390 207
474 105
105 494
494 93
93 488
488 129
129 490
490 116
116 483
483 124
124 476
476 131
131 441
441 157
157 411
411 180
180 405
405 207
207 358
358 218
218 360
360 242
242 352
352 213
213 374
374 201
201 475
475 109
109 482
482 108
108 480
480 107
107 484
484 85
85 474
144 462
462 137
137 464
464 161
161 438
438 172
172 448
448 133
133 477
477 126
126 434
434 144
366 227
227 382
382 221
221 369
369 196
196 380
380 210
210 366
366 258
258 351
351 255
255 347
347 246
246 366
149 436
436 140
140 451
451 135
135 434
434 165
165 395
395 201
201 393
393 250
250 341
341 256
256 374
374 218
218 370
370 227
227 394
394 188
188 431
431 176
176 424
424 193
193 422
422 182
182 405
405 242
242 372
372 232
232 348
348 229
229 360
360 247
247 366
366 181
181 416
416 179
179 480
480 137
137 476
476 128
128 471
471 123
123 482
482 142
142 481
481 107
107 496
496 153
153 425
425 149
131 485
485 137
137 482
482 131
336 259
259 347
347 256
256 346
346 251
251 353
353 239
239 363
363 209
209 378
378 211
211 393
393 222
222 399
399 245
245 358
358 254
254 336
274 318
318 272
272 299
299 279
279 300
300 301
301 316
316 274
302 285
285 344
344 257
257 324
324 268
268 297
297 329
329 279
279 313
313 291
291 310
310 292
292 308
308 278
278 302
270 333
333 300
300 290
290 288
288 302
302 322
322 274
274 311
311 298
298 275
275 336
336 269
269 317
317 270
218 378
378 238
238 371
371 203
203 403
403 235
235 349
349 286
286 294
294 260
260 332
332 270
270 337
337 253
253 388
388 217
217 375
375 228
228 377
377 218
197 422
422 199
199 400
400 220
220 368
368 206
206 395
395 197
190 418
418 197
197 405
405 190
407 194
194 416
416 190
190 407
383 249
249 376
376 214
214 383
136 498
498 129
129 493
493 134
134 457
457 157
157 443
443 225
225 383
383 212
212 387
387 204
204 404
404 203
203 385
385 192
192 407
407 170
170 435
435 191
191 396
396 218
218 384
384 196
196 423
423 152
152 486
486 122
122 456
456 149
149 461
461 136
198 416
416 196
196 415
415 203
203 414
414 170
170 440
440 168
168 421
421 189
189 420
420 190
190 432
432 192
192 406
406 174
174 411
411 198
127 468
468 125
125 473
473 138
138 476
476 168
168 445
445 127
487 117
117 494
494 123
123 492
492 127
127 500
500 112
112 487
373 246
246 370
370 256
256 388
388 257
257 369
369 244
244 373
221 418
418 205
205 416
416 206
206 406
406 222
222 398
398 210
210 404
404 241
241 365
365 240
240 371
371 251
251 373
373 213
213 445
445 169
169 428
428 208
208 390
390 229
229 384
384 221
221 404
404 246
246 393
393 221
304 302
302 307
307 295
295 288
288 311
311 290
290 304
247 372
372 279
279 339
339 259
259 345
345 274
274 325
325 305
305 293
293 320
320 313
313 283
283 282
282 297
297 304
304 267
267 306
306 303
303 294
294 315
315 260
260 334
334 261
261 363
363 247
234 384
384 247
247 375
375 239
239 360
360 234
317 331
331 296
296 310
310 306
306 336
336 282
282 317
396 253
253 360
360 281
281 324
324 264
264 332
332 301
301 329
329 305
305 326
326 307
307 303
303 315
315 302
302 317
317 284
284 328
328 285
285 337
337 287
287 349
349 259
259 375
375 254
254 390
390 216
216 380
380 226
226 378
378 234
234 391
391 214
214 407
407 207
207 415
415 223
223 402
402 213
213 386
386 228
228 389
389 217
217 411
411 212
212 395
395 227
227 396
269 346
346 264
264 345
345 269
368 265
265 341
341 285
285 382
382 264
264 351
351 269
269 348
348 293
293 323
323 311
311 299
299 289
289 343
343 275
275 375
375 262
262 383
383 231
231 368
285 352
352 266
266 327
327 294
294 340
340 299
299 318
318 290
290 347
347 268
268 374
374 275
275 346
346 285
280 346
346 297
297 312
312 280
338 280
280 339
339 317
317 321
321 272
272 338
266 378
378 283
283 342
342 273
273 366
366 290
290 333
333 301
301 338
338 295
295 360
360 261
261 358
358 266
255 372
372 268
268 353
353 263
263 314
314 288
288 344
344 287
287 370
370 269
269 354
354 243
243 365
365 266
266 355
355 285
285 368
368 260
260 350
350 259
259 367
367 255
229 399
399 255
255 396
396 211
211 392
392 233
233 398
398 229
421 220
220 407
407 226
226 381
381 224
224 402
402 229
229 401
401 221
221 434
434 145
145 469
469 133
133 487
487 135
135 452
452 170
170 421
163 455
455 188
188 413
413 214
214 421
421 198
198 426
426 163
151 457
457 149
149 458
458 163
163 430
430 154
154 463
463 158
158 451
451 165
165 436
436 151
446 154
154 441
441 164
164 461
461 152
152 472
472 141
141 460
460 145
145 476
476 163
163 469
469 151
151 467
467 136
136 446
400 232
232 418
418 231
231 416
416 210
210 400
406 227
227 412
412 211
211 406
406 252
252 377
377 243
243 362
362 282
282 395
395 238
238 394
394 237
237 406
400 271
271 406
406 257
257 390
390 262
262 387
387 240
240 385
385 209
209 417
417 221
221 405
405 224
224 400
144 454
454 170
170 463
463 172
172 440
440 187
187 430
430 215
215 409
409 239
239 400
400 219
219 457
457 179
179 425
425 184
184 437
437 146
146 483
483 143
143 446
446 144
144 453
453 169
169 452
452 159
159 450
450 144
173 458
458 165
165 454
454 190
190 438
438 176
176 436
436 186
186 441
441 177
177 440
440 173
147 470
470 162
162 456
456 147
491 141
141 488
488 118
118 491
473 151
151 491
491 145
145 494
494 147
147 473
473 190
190 464
464 155
155 486
486 161
161 467
467 152
152 473
471 150
150 489
489 132
132 479
479 165
165 473
473 139
139 465
465 140
140 471
164 481
481 149
149 476
476 152
152 471
471 164
171 442
442 191
191 439
439 176
176 476
476 184
184 455
455 187
187 493
493 135
135 500
500 164
164 469
469 173
173 435
435 219
219 421
421 246
246 413
413 236
236 397
397 201
201 410
410 194
194 449
449 199
199 428
428 171
174 452
452 192
192 439
439 195
195 431
431 198
198 429
429 234
234 404
404 237
237 414
414 207
207 423
423 206
206 444
444 166
166 447
447 171
171 433
433 174
179 461
461 176
176 443
443 183
183 476
476 182
182 436
436 181
181 483
483 149
149 482
482 170
170 460
460 179
474 179
179 462
462 174
174 459
459 144
144 474
419 213
213 415
415 211
211 420
420 201
201 419
316 314
314 298
298 348
348 288
288 319
319 303
303 327
327 339
339 308
308 316
351 297
297 355
355 274
274 356
356 293
293 351
356 327
327 368
368 288
288 356
306 330
330 326
326 328
328 319
319 306
304 337
337 303
303 347
347 291
291 324
324 306
306 340
340 309
309 312
312 356
356 301
301 351
351 280
280 353
353 310
310 316
316 323
323 315
315 304
273 380
380 248
248 381
381 259
259 365
365 277
277 334
334 311
311 350
350 304
304 378
378 272
272 345
345 273
251 394
394 244
244 405
405 254
254 389
389 270
270 359
359 273
273 384
384 251
403 264
264 389
389 256
256 402
402 251
251 403
372 266
266 383
383 275
275 388
388 288
288 373
373 265
265 372
371 286
286 374
374 282
282 386
386 247
247 385
385 258
258 371
325 316
316 324
324 318
318 331
331 320
320 322
322 337
337 333
333 292
292 325
274 379
379 285
285 363
363 274
371 274
274 364
364 284
284 341
341 344
344 313
313 340
340 316
316 329
329 325
325 312
312 370
370 311
311 353
353 287
287 357
357 263
263 371
261 376
376 293
293 371
371 273
273 365
365 276
276 372
372 261
415 261
261 403
403 218
218 415
422 241
241 408
408 227
227 415
415 217
217 444
444 224
224 419
419 203
203 422
200 465
465 186
186 463
463 180
180 435
435 213
213 422
422 200
453 246
246 428
428 232
232 430
430 200
200 462
462 185
185 498
498 146
146 446
446 177
177 447
447 189
189 453
155 488
488 166
166 456
456 248
248 416
416 252
252 453
453 221
221 425
425 223
223 442
442 197
197 466
466 155
198 438
438 226
226 425
425 242
242 419
419 239
239 424
424 204
204 427
427 211
211 435
435 198
155 490
490 198
198 477
477 162
162 489
489 154
154 472
472 155
138 499
499 175
175 479
479 138
151 500
500 138
138 492
492 143
143 484
484 148
148 468
468 187
187 456
456 204
204 439
439 193
193 450
450 197
197 451
451 177
177 495
495 135
135 496
496 132
132 497
497 155
155 482
482 151
474 207
207 433
433 203
203 466
466 201
201 474
362 305
305 351
351 319
319 373
373 326
326 350
350 317
317 348
348 309
309 364
364 296
296 342
342 298
298 357
357 316
316 356
356 315
315 341
341 314
314 400
400 258
258 390
390 273
273 391
391 280
280 361
361 312
312 347
347 313
313 346
346 295
295 366
366 287
287 383
383 274
274 399
399 263
263 362
323 331
331 341
341 321
321 323
249 416
416 254
254 409
409 247
247 397
397 253
253 398
398 301
301 380
380 287
287 376
376 294
294 345
345 306
306 378
378 328
328 343
343 299
299 354
354 313
313 352
352 309
309 355
355 302
302 358
358 318
318 332
332 323
323 336
336 334
334 300
300 349
349 329
329 322
322 330
330 346
346 320
320 362
362 289
289 377
377 266
266 389
389 267
267 410
410 249
431 240
240 422
422 261
261 424
424 247
247 473
473 186
186 469
469 203
203 449
449 224
224 456
456 199
199 454
454 236
236 434
434 249
249 404
404 244
244 415
415 228
228 427
427 205
205 443
443 214
214 417
417 217
217 431
277 417
417 250
250 397
397 299
299 363
363 291
291 361
361 313
313 395
395 297
297 388
388 279
279 390
390 294
294 387
387 268
268 420
420 252
252 445
445 230
230 411
411 229
229 429
429 208
208 454
454 224
224 475
475 214
214 461
461 217
217 426
426 243
243 418
418 254
254 433
433 235
235 412
412 267
267 404
404 259
259 394
394 270
270 408
408 251
251 419
419 272
272 398
398 262
262 401
401 289
289 379
379 278
278 369
369 277
458 256
256 415
415 251
251 425
425 231
231 426
426 277
277 405
405 253
253 431
431 220
220 441
441 211
211 458
276 403
403 270
270 396
396 281
281 385
385 276
374 322
322 348
348 336
336 337
337 332
332 352
352 324
324 358
358 309
309 389
389 276
276 391
391 275
275 384
384 306
306 357
357 300
300 374
392 274
274 396
396 304
304 390
390 282
282 404
404 273
273 394
394 260
260 392
423 255
255 418
418 306
306 392
392 303
303 371
371 307
307 374
374 295
295 398
398 278
278 381
381 266
266 430
430 243
243 427
427 237
237 423
432 267
267 423
423 216
216 432
455 238
238 412
412 266
266 436
436 205
205 450
450 209
209 451
451 208
208 472
472 172
172 482
482 220
220 432
432 212
212 458
458 194
194 455
460 196
196 487
487 150
150 499
499 197
197 494
494 180
180 470
470 189
189 479
479 186
186 482
482 188
188 460
210 452
452 195
195 468
468 192
192 483
483 186
186 481
481 204
204 462
462 211
211 449
449 231
231 443
443 210
455 230
230 448
448 227
227 451
451 218
218 437
437 260
260 409
409 269
269 402
402 286
286 414
414 244
244 459
459 195
195 482
482 189
189 486
486 165
165 499
499 199
199 476
476 206
206 450
450 247
247 447
447 215
215 465
465 210
210 460
460 243
243 438
438 205
205 464
464 208
208 455
300 399
399 296
296 375
375 300
314 354
354 325
325 338
338 333
333 343
343 342
342 314
321 366
366 317
317 367
367 331
331 375
375 309
309 376
376 314
314 349
349 321
359 327
327 388
388 324
324 359
363 346
346 338
338 330
330 359
359 298
298 372
372 291
291 377
377 321
321 355
355 323
323 335
335 363
353 355
355 338
338 366
366 361
361 327
327 385
385 311
311 372
372 310
310 369
369 308
308 360
360 319
319 357
357 336
336 358
358 343
343 341
341 353
333 369
369 334
334 350
350 347
347 354
354 353
353 345
345 348
348 333
218 460
460 223
223 440
440 226
226 475
475 243
243 461
461 222
222 450
450 249
249 438
438 333
333 351
351 364
364 363
363 305
305 391
391 320
320 382
382 300
300 415
415 290
290 403
403 288
288 407
407 258
258 458
458 218
478 222
222 462
462 230
230 460
460 225
225 446
446 260
260 442
442 233
233 432
432 241
241 448
448 266
266 429
429 265
265 435
435 258
258 444
444 242
242 468
468 200
200 478
412 286
286 425
425 255
255 433
433 257
257 412
264 412
412 279
279 396
396 276
276 409
409 264
283 405
405 281
281 410
410 285
285 381
381 283
234 437
437 244
244 426
426 280
280 397
397 283
283 420
420 288
288 419
419 254
254 443
443 250
250 449
449 239
239 439
439 268
268 413
413 264
264 432
432 234
485 206
206 499
499 177
177 467
467 232
232 463
463 209
209 486
486 237
237 456
456 266
266 462
462 282
282 397
397 287
287 429
429 293
293 426
426 283
283 402
402 307
307 392
392 312
312 386
386 295
295 427
427 263
263 440
440 234
234 478
478 174
174 485
471 181
181 467
467 209
209 479
479 196
196 485
485 178
178 471
221 471
471 218
218 464
464 212
212 455
455 221
418 290
290 432
432 274
274 418
305 387
387 332
332 349
349 354
354 360
360 365
365 319
319 371
371 316
316 377
377 326
326 374
374 308
308 380
380 305
396 321
321 394
394 302
302 396
305 397
397 291
291 429
429 294
294 403
403 292
292 404
404 296
296 411
411 273
273 437
437 252
252 422
422 303
303 425
425 289
289 424
424 323
323 371
371 339
339 375
375 340
340 372
372 348
348 369
369 335
335 396
396 305
342 359
359 354
354 355
355 370
370 330
330 374
374 335
335 377
377 318
318 380
380 319
319 400
400 344
344 342
331 371
371 342
342 368
368 331
271 453
453 316
316 405
405 309
309 406
406 310
310 401
401 298
298 384
384 300
300 403
403 318
318 397
397 381
381 345
345 356
356 378
378 317
317 386
386 331
331 399
399 304
304 398
398 313
313 412
412 271
271 442
442 270
270 441
441 234
234 454
454 227
227 452
452 252
252 438
438 259
259 431
431 271
492 226
226 482
482 218
218 492
470 212
212 485
485 220
220 492
492 192
192 470
500 201
201 470
470 219
219 455
455 264
264 445
445 284
284 410
410 291
291 413
413 273
273 449
449 260
260 461
461 283
283 442
442 293
293 454
454 239
239 452
452 228
228 446
446 271
271 416
416 275
275 433
433 280
280 440
440 278
278 408
408 305
305 383
383 314
314 418
418 269
269 496
496 186
186 489
489 200
200 481
481 194
194 490
490 158
158 500
223 485
485 238
238 483
483 243
243 487
487 212
212 479
479 247
247 498
498 189
189 484
484 204
204 493
493 196
196 489
489 207
207 481
481 211
211 472
472 223
489 334
334 374
374 341
341 380
380 327
327 379
379 336
336 402
402 304
304 440
440 281
281 443
443 265
265 463
463 245
245 469
469 195
195 490
490 208
208 489
290 437
437 286
286 423
423 290
421 291
291 450
450 261
261 461
461 295
295 429
429 318
318 441
441 278
278 449
449 302
302 420
420 297
297 409
409 298
298 458
458 263
263 439
439 255
255 451
451 290
290 422
422 262
262 421
474 263
263 471
471 244
244 455
455 231
231 495
495 243
243 488
488 205
205 466
466 298
298 424
424 321
321 401
401 331
331 417
417 279
279 436
436 272
272 421
421 254
254 448
448 308
308 452
452 242
242 464
464 227
227 489
489 223
223 500
500 221
221 474
250 495
495 263
263 477
477 266
266 469
469 250
203 480
480 245
245 465
465 286
286 471
471 270
270 455
455 261
261 459
459 256
256 498
498 250
250 464
464 277
277 448
448 257
257 456
456 264
264 470
470 203
299 407
407 312
312 413
413 314
314 393
393 320
320 403
403 304
304 414
414 307
307 408
408 327
327 386
386 339
339 382
382 322
322 384
384 335
335 404
404 299
421 299
299 428
428 285
285 438
438 294
294 442
442 296
296 421
388 351
351 362
362 329
329 388
305 416
416 322
322 398
398 332
332 401
401 330
330 414
414 319
319 389
389 361
361 388
388 349
349 407
407 342
342 383
383 337
337 409
409 305
421 328
328 392
392 343
343 398
398 326
326 418
418 335
335 424
424 301
301 428
428 327
327 422
422 309
309 415
415 311
311 416
416 330
330 411
411 305
305 421
474 258
258 446
446 254
254 479
479 259
259 444
444 273
273 431
431 336
336 408
408 320
320 437
437 314
314 421
421 276
276 457
457 233
233 484
484 228
228 472
472 236
236 500
500 248
248 474
433 320
320 467
467 267
267 459
459 272
272 445
445 274
274 453
453 285
285 433
359 368
368 376
376 358
358 375
375 360
360 359
435 328
328 444
444 278
278 469
469 268
268 462
462 304
304 436
436 280
280 435
431 301
301 427
427 299
299 426
426 312
312 435
435 300
300 410
410 352
352 382
382 379
379 356
356 350
350 419
419 313
313 420
420 326
326 403
403 349
349 398
398 346
346 413
413 325
325 373
373 375
375 371
371 338
338 377
377 359
359 366
366 354
354 393
393 317
317 430
430 276
276 431
239 499
499 219
219 480
480 302
302 457
457 278
278 448
448 279
279 431
431 288
288 433
433 297
297 429
429 307
307 446
446 262
262 482
482 245
245 485
485 239
264 498
498 276
276 466
466 262
262 468
468 249
249 486
486 254
254 491
491 239
239 460
460 275
275 478
478 264
474 268
268 484
484 264
264 474
443 300
300 449
449 294
294 443
310 432
432 291
291 423
423 310
289 473
473 297
297 453
453 289
460 308
308 457
457 312
312 447
447 265
265 472
472 246
246 465
465 304
304 470
470 279
279 463
463 285
285 489
489 237
237 494
494 225
225 481
481 294
294 485
485 266
266 499
499 240
240 460
313 446
446 309
309 475
475 274
274 451
451 287
287 469
469 281
281 460
460 253
253 476
476 277
277 493
493 271
271 461
461 290
290 456
456 289
289 459
459 301
301 450
450 303
303 428
428 310
310 431
431 305
305 427
427 313
395 347
347 380
380 353
353 362
362 365
365 378
378 363
363 384
384 341
341 394
394 350
350 389
389 340
340 395
382 364
364 373
373 357
357 382
358 382
382 388
388 371
371 386
386 329
329 387
387 337
337 401
401 345
345 400
400 348
348 394
394 361
361 390
390 367
367 365
365 372
372 355
355 383
383 398
398 356
356 380
380 358
299 459
459 292
292 434
434 299
339 424
424 341
341 451
451 299
299 473
473 298
298 476
476 268
268 477
477 348
348 401
401 343
343 410
410 339
432 326
326 430
430 335
335 469
469 339
339 399
399 350
350 416
416 358
358 391
391 351
351 395
395 315
315 432
426 331
331 414
414 352
352 455
455 299
299 472
472 289
289 466
466 287
287 461
461 291
291 433
433 347
347 412
412 317
317 426
359 400
400 360
360 377
377 387
387 355
355 396
396 353
353 389
389 363
363 391
391 359
385 364
364 408
408 344
344 418
418 357
357 403
403 382
382 407
407 394
394 354
354 385
432 324
324 427
427 370
370 384
384 385
385 375
375 422
422 332
332 406
406 340
340 409
409 359
359 426
426 321
321 432
330 431
431 337
337 423
423 325
325 442
442 314
314 449
449 332
332 428
428 343
343 429
429 345
345 418
418 363
363 415
415 359
359 417
417 373
373 366
366 406
406 367
367 392
392 386
386 372
372 369
369 400
400 362
362 396
396 398
398 409
409 350
350 412
412 360
360 416
416 355
355 411
411 356
356 432
432 311
311 445
445 313
313 443
443 319
319 421
421 330
393 383
383 400
400 376
376 380
380 365
365 396
396 366
366 390
390 364
364 393
371 455
455 365
365 423
423 338
338 402
402 361
361 411
411 380
380 418
418 375
375 405
405 353
353 401
401 374
374 393
393 391
391 371
462 296
296 482
482 290
290 497
497 254
254 495
495 313
313 484
484 315
315 458
458 309
309 460
460 360
360 413
413 369
369 390
390 401
401 371
371 399
399 351
351 430
430 330
330 439
439 269
269 462
474 296
296 483
483 280
280 462
462 278
278 474
286 500
500 251
251 480
480 275
275 464
464 255
255 486
486 273
273 491
491 314
314 471
471 288
288 465
465 269
269 481
481 297
297 490
490 268
268 479
479 286
456 320
320 453
453 305
305 436
436 306
306 438
438 317
317 457
457 311
311 465
465 295
295 486
486 299
299 480
480 274
274 492
492 309
309 482
482 298
298 481
481 293
293 456
404 387
387 399
399 381
381 404
438 352
352 433
433 322
322 449
449 323
323 438
478 361
361 430
430 355
355 424
424 346
346 442
442 326
326 438
438 318
318 460
460 336
336 441
441 359
359 435
435 367
367 413
413 382
382 418
418 388
388 390
390 404
404 384
384 377
377 392
392 378
378 415
415 368
368 395
395 427
427 356
356 465
465 324
324 458
458 320
320 475
475 316
316 456
456 342
342 421
421 349
349 420
420 372
372 432
432 376
376 426
426 362
362 434
434 321
321 491
491 290
290 488
488 266
266 494
494 288
288 496
496 292
292 468
468 265
265 487
487 286
286 478
393 390
390 392
392 407
407 395
395 379
379 403
403 377
377 389
389 393
408 404
404 418
418 400
400 385
385 408
354 433
433 353
353 428
428 374
374 410
410 407
407 402
402 354
301 483
483 304
304 473
473 347
347 438
438 337
337 443
443 335
335 444
444 380
380 423
423 388
388 420
420 354
354 412
412 389
389 396
396 408
408 386
386 397
397 393
393 413
413 371
371 424
424 372
372 421
421 357
357 425
425 325
325 452
452 317
317 440
440 307
307 478
478 301
368 448
448 331
331 439
439 368
325 450
450 323
323 464
464 300
300 481
481 319
319 470
470 310
310 454
454 330
330 449
449 355
355 445
445 384
384 423
423 385
385 448
448 378
378 452
452 368
368 430
430 386
386 421
421 416
416 390
390 406
406 383
383 441
441 351
351 471
471 336
336 468
468 338
338 431
431 354
354 447
447 325
457 363
363 419
419 389
389 446
446 344
344 464
464 330
330 457
295 496
496 332
332 457
457 327
327 470
470 339
339 479
479 345
345 431
431 356
356 428
428 401
401 392
392 399
399 440
440 329
329 466
466 295
472 368
368 460
460 328
328 458
458 340
340 469
469 342
342 485
485 302
302 497
497 304
304 493
493 351
351 450
450 335
335 477
477 312
312 472
419 381
381 403
403 428
428 371
371 419
350 462
462 343
343 439
439 377
377 425
425 395
395 424
424 383
383 419
419 392
392 411
411 391
391 410
410 396
396 413
413 458
458 350
456 337
337 477
477 350
350 436
436 356
356 442
442 362
362 489
489 317
317 456
447 357
357 429
429 413
413 410
410 420
420 391
391 454
454 359
359 450
450 353
353 436
436 358
358 444
444 356
356 447
372 435
435 413
413 448
448 393
393 447
447 375
375 443
443 366
366 433
433 372
472 381
381 431
431 364
364 442
442 372
372 456
456 333
333 472
499 298
298 496
496 327
327 488
488 346
346 463
463 372
372 472
472 308
308 486
486 325
325 494
494 334
334 498
498 296
296 499
474 355
355 499
499 301
301 474
344 488
488 348
348 485
485 359
359 493
493 390
390 452
452 395
395 430
430 374
374 480
480 322
322 482
482 344
493 366
366 465
465 367
367 470
470 335
335 481
481 306
306 496
496 305
305 476
476 340
340 466
466 375
375 450
450 387
387 455
455 379
379 425
425 394
394 417
417 434
434 374
374 453
453 362
362 493
486 369
369 483
483 316
316 486
344 500
500 342
342 486
486 321
321 461
461 341
341 449
449 364
364 493
493 363
363 473
473 331
331 467
467 353
353 492
492 294
294 487
487 344
397 406
406 398
398 397
429 405
405 399
399 453
453 383
383 425
425 419
419 400
400 441
441 389
389 422
422 397
397 429
437 358
358 438
438 401
401 442
442 429
429 373
373 449
449 354
354 437
396 432
432 406
406 399
399 414
414 417
417 433
433 398
398 415
415 396
376 469
469 352
352 451
451 370
370 439
439 376
374 444
444 373
373 456
456 378
378 464
464 398
398 443
443 376
376 462
462 392
392 422
422 402
402 426
426 427
427 396
396 449
449 388
388 436
436 374
349 488
488 355
355 476
476 374
374 437
437 349
494 365
365 481
481 354
354 490
490 356
356 463
463 349
349 477
477 343
343 494
482 343
343 478
478 330
330 482
402 452
452 427
427 433
433 438
438 468
468 373
373 482
482 358
358 445
445 376
376 493
493 379
379 460
460 401
401 453
453 415
415 431
431 425
425 430
430 402
412 435
435 419
419 434
434 428
428 409
409 412
475 373
373 477
477 387
387 466
466 421
421 404
404 444
444 400
400 423
423 418
418 436
436 413
413 454
454 403
403 455
455 412
412 408
408 432
432 402
402 424
424 414
414 422
422 411
411 459
459 383
383 467
467 370
370 500
500 354
354 486
486 352
352 475
494 384
384 471
471 392
392 464
464 404
404 440
440 448
448 414
414 444
444 409
409 441
441 420
420 488
488 381
381 475
475 333
333 491
491 389
389 479
479 347
347 494
495 362
362 457
457 380
380 476
476 367
367 494
494 331
331 495
450 435
435 417
417 451
451 393
393 450
462 396
396 461
461 429
429 450
450 386
386 476
476 382
382 462
474 401
401 480
480 383
383 462
462 402
402 445
445 385
385 457
457 371
371 492
492 377
377 485
485 353
353 496
496 358
358 497
497 334
334 495
495 344
344 474
466 396
396 467
467 404
404 465
465 376
376 470
470 380
380 489
489 402
402 492
492 382
382 478
478 393
393 466
385 483
483 428
428 456
456 385
407 452
452 439
439 424
424 407
460 443
443 405
405 442
442 407
407 478
478 385
385 473
473 406
406 462
462 414
414 455
455 411
411 480
480 426
426 493
493 415
415 460
445 430
430 440
440 410
410 445
447 432
432 467
467 422
422 445
445 460
460 409
409 447
474 394
394 437
437 416
416 453
453 420
420 462
462 438
438 441
441 470
470 410
410 483
483 419
419 447
447 417
417 463
463 371
371 500
500 397
397 466
466 412
412 482
482 378
378 474
442 455
455 439
439 477
477 430
430 451
451 461
461 423
423 480
480 434
434 444
444 425
425 436
436 449
449 416
416 452
452 442
441 451
451 468
468 449
449 441
457 391
391 446
446 425
425 452
452 432
432 488
488 441
441 466
466 458
458 417
417 479
479 403
403 485
485 386
386 457
431 456
456 433
433 464
464 444
444 452
452 431
457 431
431 446
446 477
477 448
448 491
491 411
411 478
478 413
413 457
494 393
393 490
490 372
372 484
484 364
364 495
495 343
343 487
487 369
369 494
481 380
380 496
496 382
382 499
499 371
371 481
409 481
481 408
408 437
437 472
472 416
416 494
494 457
457 418
418 454
454 442
442 470
470 465
465 409
471 423
423 469
469 391
391 489
489 392
392 500
500 376
376 486
486 396
396 471
451 456
456 461
461 455
455 445
445 450
450 451
476 451
451 470
470 467
467 439
439 494
494 435
435 476
487 447
447 436
436 476
476 454
454 446
446 497
497 410
410 471
471 427
427 492
492 417
417 484
484 394
394 495
495 401
401 499
499 399
399 487
474 446
446 476
476 439
439 486
486 427
427 483
483 426
426 481
481 431
431 463
463 438
438 482
482 430
430 489
489 444
444 478
478 473
473 452
452 472
472 460
460 470
470 459
459 425
425 487
487 352
352 498
498 409
409 474
442 493
493 449
449 488
488 434
434 487
487 430
430 500
500 407
407 490
490 468
468 456
456 498
498 437
437 462
462 432
432 475
475 445
445 479
479 446
446 480
480 442
474 450
450 500
500 442
442 489
489 436
436 474
456 476
476 472
472 456
476 492
492 433
433 499
499 439
439 484
484 482
482 455
455 475
475 452
452 491
491 463
463 471
471 465
465 476
478 467
467 483
483 445
445 489
489 448
448 478
464 479
479 460
460 478
478 476
476 464
469 485
485 461
461 494
494 458
458 495
495 459
459 480
480 464
464 493
493 454
454 486
486 456
456 469
474 484
484 469
469 474
476 494
494 464
464 487
487 480
480 476
474 485
485 476
476 484
484 479
479 473
473 486
486 483
483 474
475 490
490 461
461 496
496 465
465 475
486 477
477 478
478 489
489 492
492 488
488 466
466 475
475 486
500 498
498 475
475 491
491 467
467 500
3 474
474 21
5 493
493 57
6 462
462 159
7 455
8 466
466 191
15 478
478 45
16 499
499 71
18 498
498 52
23 496
496 133
26 497
497 31
32 497
497 33
34 482
482 213
36 465
465 231
50 492
492 76
54 498
498 149
55 471
471 96
59 493
493 61
60 478
478 261
65 494
494 69
67 472
472 482
482 335
73 489
489 118
74 486
486 115
77 500
500 122
78 499
499 81
83 487
487 172
84 499
499 88
86 480
480 187
90 470
470 252
94 490
490 136
98 444
444 496
496 316
99 493
493 102
100 495
495 188
103 474
474 151
104 463
463 360
106 499
499 107
108 488
488 156
111 492
492 167
113 499
499 139
114 481
481 171
119 479
479 193
124 494
494 220
125 484
484 176
126 493
493 192
128 486
486 131
134 500
500 182
140 497
497 168
152 490
490 228
161 489
489 178
169 462
462 493
493 223
174 491
491 216
180 499
499 381
181 484
484 203
183 467
467 395
185 486
486 474
474 270
190 500
500 197
194 488
488 260
206 498
498 210
212 489
489 289
215 492
492 224
217 485
485 236
222 491
491 339
226 495
495 253
227 493
493 287
229 451
230 476
476 285
233 481
481 257
234 460
460 485
485 307
235 494
494 255
237 490
490 247
241 500
500 298
246 483
483 281
258 479
259 497
497 327
267 470
470 404
269 477
477 295
272 473
473 388
277 498
498 341
280 488
488 374
283 478
478 311
284 452
452 487
487 338
286 495
495 357
299 500
500 302
309 494
494 419
314 500
500 454
318 448
320 496
496 432
322 484
484 383
323 489
489 420
324 478
478 499
499 445
326 447
447 440
328 493
493 497
497 362
329 481
481 470
470 471
340 491
491 422
345 483
347 498
498 380
350 487
487 385
355 492
492 431
368 480
480 490
490 370
375 477
477 443
379 495
495 389
386 487
487 423
387 498
498 406
393 497
497 396
398 497
497 468
468 499
499 458
400 495
495 425
405 469
469 496
496 450
413 498
498 441
416 485
485 426
429 465
465 498
498 492
492 480
449 494
453 464
486 495
495 463
463 500
474 499
476 497
473 496
489 482
482 487
481 495
495 491
490 485

