500 10000
171 317
329 438
156 178
366 403
50 319
370 430
240 245
433 466
41 443
428 478
15 276
329 474
227 428
147 466
118 336
134 447
146 448
318 406
56 227
206 470
131 365
143 169
202 433
145 282
144 327
101 462
87 405
214 256
137 306
170 297
218 455
17 446
5 352
197 314
59 134
202 320
17 232
109 484
116 259
146 238
47 320
66 83
145 287
16 251
143 423
15 472
193 226
128 455
10 177
54 55
181 480
154 326
186 202
93 368
433 461
280 311
367 393
221 288
355 381
251 423
67 235
12 447
431 487
293 357
234 432
93 344
248 333
102 281
114 316
18 247
133 295
59 109
478 490
194 349
397 428
136 249
63 430
91 432
35 97
189 400
170 488
212 484
219 327
360 463
106 488
99 207
105 288
188 273
23 278
230 290
108 344
331 346
43 292
200 333
9 194
153 260
256 473
343 389
164 243
62 386
148 461
23 474
150 243
132 137
336 485
143 469
3 472
415 433
280 403
270 363
270 324
126 236
52 488
176 216
237 480
234 334
108 488
131 373
365 393
221 361
230 414
475 498
396 483
96 435
149 215
265 484
66 130
216 277
336 480
83 355
133 159
35 86
136 295
69 459
120 142
20 262
210 356
304 422
14 250
101 453
251 370
222 302
299 308
105 452
50 65
261 286
32 176
236 455
83 157
324 500
276 421
198 320
270 301
61 487
42 479
197 336
295 385
58 123
65 399
191 281
265 426
119 333
9 281
62 279
245 460
140 207
186 384
281 462
129 200
241 292
396 484
336 347
101 495
315 327
171 174
44 324
383 389
52 418
13 405
135 432
374 423
64 145
181 442
348 395
90 263
175 358
141 237
399 404
365 423
406 456
42 162
31 169
24 290
54 339
111 114
362 407
214 330
111 423
124 166
189 364
135 269
304 318
172 215
317 449
100 150
361 381
429 439
101 176
121 351
110 276
123 399
1 445
50 244
332 349
108 157
81 293
160 342
121 449
110 122
151 268
24 300
46 451
209 365
61 267
137 287
74 385
206 268
184 469
98 322
48 188
249 455
227 367
122 150
231 274
212 239
208 303
244 329
6 209
20 145
122 220
37 54
179 271
260 444
269 296
84 414
16 443
171 422
46 437
55 140
47 308
92 460
86 122
237 469
108 364
12 103
7 211
91 500
370 457
52 229
31 457
408 452
328 385
307 428
7 110
161 418
195 231
97 113
426 474
33 331
129 378
224 247
353 357
178 409
251 410
298 452
238 445
178 318
307 324
135 419
346 458
208 233
75 257
61 429
202 316
43 284
23 388
418 496
103 331
90 472
344 455
398 472
96 495
89 443
164 375
311 324
93 496
34 477
58 361
440 500
65 120
6 499
269 334
88 101
66 409
284 418
5 258
103 263
107 125
131 399
308 408
81 324
67 426
159 336
278 404
29 124
103 316
133 387
383 455
137 353
36 446
109 405
82 327
96 320
124 129
142 403
29 331
109 320
120 150
269 278
9 264
1 46
184 481
144 390
32 217
50 447
39 455
37 293
205 362
78 93
42 127
220 267
1 497
248 399
176 315
215 469
203 225
206 320
473 483
126 381
378 462
323 492
329 422
28 363
278 343
46 236
38 478
178 494
235 317
142 402
218 457
153 271
93 281
182 268
286 418
140 496
192 481
49 222
158 215
66 410
264 360
387 478
59 277
401 422
191 465
49 474
221 392
70 210
161 185
224 231
45 83
52 452
431 490
224 399
145 458
118 119
54 80
254 433
70 433
2 244
17 316
167 174
173 354
127 296
146 359
56 425
94 141
223 285
293 490
135 180
388 414
51 440
157 255
16 246
340 488
115 210
52 258
57 447
96 358
357 427
208 397
5 201
382 412
73 466
33 38
487 492
39 238
90 175
246 375
36 219
57 245
135 314
129 391
38 358
306 421
16 371
76 326
45 354
408 456
24 322
300 344
161 416
226 378
112 362
195 382
280 485
27 367
38 163
17 493
25 315
136 359
249 272
134 181
3 114
300 403
32 372
473 490
6 110
83 457
158 369
211 499
38 211
272 467
123 370
409 421
50 386
192 208
5 357
300 369
155 465
52 237
232 425
416 489
151 367
302 368
49 368
42 164
380 413
189 429
135 142
18 35
4 342
15 425
41 125
394 500
139 489
405 460
9 160
323 422
321 409
69 347
475 495
215 343
206 393
41 245
5 112
35 478
36 210
23 40
103 419
30 107
266 329
175 229
18 91
237 488
212 455
170 216
8 171
55 219
170 252
226 346
312 371
210 214
156 469
25 72
70 398
219 246
162 335
394 468
183 345
158 281
40 361
33 226
46 431
146 162
4 231
339 376
448 490
44 162
325 494
17 283
165 461
85 246
23 189
401 403
77 471
93 122
436 446
82 285
236 449
18 442
458 484
364 378
18 59
242 352
60 359
344 377
270 323
284 332
74 356
149 307
23 203
205 493
172 464
132 249
255 277
142 466
103 437
206 311
440 466
391 471
32 69
147 227
409 461
298 468
155 277
122 458
55 277
120 214
98 250
254 321
114 286
40 46
227 358
311 484
131 474
62 130
219 271
142 335
33 246
131 278
137 289
198 343
41 476
180 402
319 470
101 254
460 493
151 352
228 336
298 416
40 162
165 181
204 461
197 427
344 386
75 130
80 499
36 166
29 118
18 164
247 460
103 307
220 339
77 306
188 224
11 224
13 498
145 224
208 485
378 425
30 228
270 394
79 155
160 249
238 267
145 352
155 283
58 475
255 496
225 415
28 390
266 340
307 471
127 337
94 286
143 417
93 198
114 333
70 260
302 449
186 334
33 482
28 155
360 446
11 148
145 444
318 421
48 220
96 375
332 448
196 428
201 222
394 398
24 231
87 212
392 397
286 391
267 448
109 238
194 379
44 127
183 282
291 331
116 310
62 318
30 130
402 456
204 273
5 354
283 382
369 493
112 430
89 341
210 283
172 401
126 347
39 280
349 462
149 322
196 254
328 434
38 350
400 454
8 377
120 178
13 132
172 252
108 289
323 458
135 480
198 266
28 432
1 425
51 283
99 258
250 393
306 416
244 256
23 261
277 452
262 483
113 415
163 410
397 487
183 329
329 473
359 445
82 103
83 325
87 144
29 368
6 282
29 248
181 188
36 326
114 315
168 366
357 401
218 487
98 281
69 496
178 233
285 404
13 178
57 500
14 426
146 366
434 485
16 343
253 383
300 445
151 202
46 314
74 339
253 473
247 482
291 434
292 424
232 332
313 386
143 425
338 435
126 270
355 464
374 442
164 437
106 146
221 453
484 496
25 147
223 402
136 216
88 223
54 318
365 461
326 419
329 370
15 441
83 356
157 277
234 266
83 459
164 359
170 425
217 390
147 307
60 233
153 413
391 455
32 248
430 497
424 463
468 482
55 113
22 263
346 401
237 328
154 286
103 308
236 456
191 308
168 359
29 117
90 181
6 49
99 450
268 328
341 423
33 268
71 193
26 363
70 500
238 492
114 140
2 67
158 325
178 380
359 403
124 434
74 306
205 327
154 180
459 469
176 285
200 399
68 326
345 409
269 293
326 384
417 456
490 492
389 493
361 406
61 141
8 152
226 446
436 449
207 361
77 424
33 347
9 377
150 155
232 323
171 398
3 248
6 359
308 411
79 404
112 213
313 479
61 434
101 117
312 413
46 55
430 447
139 201
126 183
153 396
66 271
40 50
244 333
392 431
256 460
169 389
196 203
3 186
28 472
50 420
335 398
284 356
300 434
45 318
220 478
1 474
212 473
46 406
148 168
408 497
61 257
152 225
179 213
69 495
75 302
128 150
150 160
236 434
139 174
2 64
187 209
191 305
63 427
182 444
184 312
175 423
101 440
48 283
411 484
12 65
103 274
287 355
167 180
310 465
6 500
329 500
359 478
112 303
53 495
142 434
194 420
332 397
35 388
392 446
27 499
182 237
15 482
138 151
49 477
41 207
43 404
89 144
91 231
277 374
209 308
138 212
257 486
302 346
31 198
270 357
223 346
98 390
69 384
31 426
230 345
62 399
73 287
94 315
12 376
342 454
342 346
229 408
18 81
94 202
152 219
328 469
238 290
40 370
33 153
114 406
120 441
185 471
23 322
204 247
357 369
76 424
131 487
129 320
36 450
50 153
285 364
146 311
353 419
173 441
243 345
252 347
124 293
72 186
356 418
49 300
55 284
81 436
138 376
86 334
175 231
7 38
92 387
32 447
393 456
271 309
12 99
18 366
12 184
239 469
83 105
341 386
208 227
218 348
112 201
121 350
198 321
138 317
119 351
395 453
249 429
170 370
105 180
11 67
146 394
70 297
71 432
153 179
314 352
16 154
274 319
211 358
13 496
83 164
22 309
139 229
54 459
72 454
279 383
70 195
193 483
172 445
135 321
241 465
66 307
105 165
311 358
86 294
35 62
146 157
463 499
198 208
162 461
449 491
355 396
77 98
15 498
117 264
51 413
293 411
24 314
79 314
87 228
119 450
188 406
24 163
4 399
23 110
403 411
168 258
231 355
52 191
72 231
232 460
12 166
165 445
65 153
289 379
203 428
21 194
140 408
50 240
193 267
90 123
238 475
192 460
75 314
52 493
20 266
69 290
8 454
99 118
333 483
26 303
292 310
6 31
132 158
319 365
29 280
219 383
210 377
72 92
235 327
298 388
102 303
57 202
69 301
290 378
45 237
419 426
281 354
233 480
3 104
239 304
45 96
149 269
80 457
14 53
19 273
102 180
21 161
91 399
151 261
58 480
149 181
14 239
207 240
102 354
39 76
344 463
88 199
282 322
236 359
102 361
24 471
32 230
117 175
276 483
144 304
293 339
292 468
94 123
163 198
216 386
180 184
43 169
115 414
192 474
184 451
179 459
224 396
3 208
62 191
248 408
32 374
178 316
144 371
99 206
121 178
36 99
63 108
103 432
112 391
79 243
342 428
173 399
307 435
158 331
17 27
333 334
182 226
333 384
199 309
115 175
337 456
114 311
23 107
57 256
166 226
58 122
28 161
147 396
433 493
91 203
73 205
142 407
13 479
188 307
61 403
420 483
188 455
13 374
20 97
58 146
32 45
177 290
40 75
100 288
134 488
85 231
381 475
202 329
241 316
161 352
126 267
60 382
130 468
70 225
355 388
389 454
345 403
356 403
120 181
53 113
101 207
232 346
69 474
239 351
51 75
201 436
81 408
204 332
444 489
216 397
13 76
23 122
358 437
337 413
13 447
30 291
11 378
35 365
151 443
56 210
136 220
197 380
42 50
319 411
211 233
120 397
109 467
51 412
267 446
171 314
286 416
13 158
228 280
111 240
255 322
190 378
379 401
125 500
63 198
358 377
140 439
143 400
301 432
127 291
14 467
229 368
453 494
164 389
468 492
262 320
228 412
128 233
434 489
50 310
160 478
236 406
444 494
26 82
51 265
32 85
264 410
170 421
28 137
8 289
80 185
155 486
237 252
146 337
21 364
1 237
181 316
14 39
118 325
53 374
92 337
158 471
215 382
34 266
345 470
66 257
275 384
319 493
43 432
29 33
148 421
483 493
235 386
100 318
11 188
99 368
51 269
210 271
163 418
103 204
380 388
55 71
277 440
173 451
261 415
190 367
422 461
254 364
167 185
236 370
19 291
85 268
6 155
33 106
441 481
194 201
204 487
84 349
157 366
233 364
175 312
279 294
54 246
23 434
197 296
364 370
408 467
119 482
10 298
164 498
249 470
348 498
64 323
280 374
53 122
230 357
101 184
310 481
58 316
74 81
412 433
133 232
75 131
191 380
74 327
126 411
138 396
125 130
44 194
75 283
43 294
91 259
172 355
428 466
218 339
60 103
61 348
49 55
5 474
76 245
22 109
14 16
187 494
154 371
430 446
295 298
134 281
122 162
191 442
218 234
15 77
130 214
208 380
16 289
311 416
37 144
266 364
38 293
148 353
109 275
116 145
110 139
315 500
34 177
327 379
102 206
49 500
123 344
453 493
447 461
237 430
154 191
148 292
46 359
195 429
58 82
172 231
178 357
76 200
76 199
204 382
131 210
87 160
287 412
94 364
133 389
274 396
113 435
156 257
327 419
178 334
7 19
272 312
142 423
96 207
29 270
216 469
156 162
174 204
306 389
308 335
318 347
107 135
118 255
108 481
190 384
129 203
47 444
365 474
236 277
183 457
184 301
195 285
7 500
241 437
142 373
116 207
63 291
374 430
222 445
256 315
222 246
45 78
15 173
230 417
192 286
118 124
118 162
75 83
125 438
105 344
46 192
15 341
23 438
78 490
156 454
59 147
105 121
40 237
99 147
16 382
182 305
398 475
93 163
42 460
287 454
84 95
139 181
296 359
175 340
364 480
12 247
164 258
376 443
159 285
70 406
92 105
200 209
252 394
251 466
105 470
27 55
71 493
103 491
226 417
166 230
9 86
419 435
124 139
201 299
160 265
75 286
337 341
83 405
348 383
167 388
104 231
47 316
60 266
257 262
223 382
36 341
176 372
153 156
283 373
150 163
459 473
66 372
122 459
296 445
56 195
152 393
277 477
94 354
149 214
42 448
98 101
292 393
112 434
67 326
17 41
13 91
155 355
64 488
339 400
326 420
118 314
119 143
41 178
142 328
90 150
124 218
269 286
286 289
73 104
52 495
21 463
194 325
18 221
272 416
35 458
257 296
422 439
155 421
24 472
92 242
187 317
53 79
2 185
177 185
290 483
34 500
157 348
438 446
59 310
433 486
57 92
106 323
311 405
284 301
75 363
5 279
14 323
43 219
47 275
317 357
123 315
193 329
104 241
136 348
121 241
452 493
147 363
119 327
7 490
217 464
243 437
227 347
59 271
67 346
468 493
108 369
68 168
223 361
17 154
118 148
120 340
347 398
240 272
131 300
128 308
139 231
286 338
271 496
20 221
180 334
25 402
18 320
57 119
85 426
36 331
19 395
21 170
130 429
106 188
73 341
168 194
242 434
268 326
240 411
90 425
38 55
95 121
342 414
72 180
163 435
85 221
231 310
242 462
421 430
318 482
2 499
319 477
52 411
211 445
175 181
152 276
164 311
118 419
81 212
311 463
209 448
107 297
159 481
60 395
225 437
124 186
52 429
399 405
203 488
340 393
97 181
97 411
222 286
1 94
48 452
159 381
194 489
135 396
184 443
219 223
326 442
383 481
374 474
271 288
11 416
156 455
137 388
437 493
388 460
313 417
17 29
6 479
345 496
74 366
42 495
184 480
49 86
189 255
144 411
159 284
241 348
47 287
55 269
201 325
111 127
196 367
203 386
48 470
318 337
206 434
209 465
138 223
137 485
463 491
25 155
349 409
99 231
280 301
29 454
416 469
41 142
72 487
240 471
191 266
127 267
106 154
227 386
28 148
8 112
107 185
145 205
352 366
194 428
138 172
417 485
71 255
465 486
253 385
431 463
160 485
109 404
304 457
240 494
114 411
369 455
152 328
250 364
467 475
13 343
61 237
32 52
203 234
292 466
9 439
127 137
387 496
313 475
132 418
194 376
198 455
58 170
163 389
41 231
102 380
317 362
8 279
299 462
44 434
213 496
227 398
45 73
123 483
61 143
274 436
11 132
208 432
204 317
458 498
8 328
194 485
253 404
150 497
65 313
39 163
1 287
197 246
44 247
287 394
452 460
145 244
97 357
56 347
188 276
277 444
100 352
180 218
279 360
405 410
64 376
77 276
285 471
336 440
321 338
155 371
37 170
212 352
228 415
338 369
28 400
106 423
119 454
17 122
346 422
250 322
57 87
85 399
416 459
327 388
229 361
211 454
149 237
164 407
9 353
214 496
195 339
145 434
95 415
74 150
79 437
7 407
352 404
265 314
313 321
153 335
43 399
128 448
390 469
35 272
186 391
43 487
340 493
124 484
84 258
159 432
58 186
329 399
111 175
11 355
257 488
70 286
201 258
276 338
7 178
143 229
20 115
141 221
69 349
2 361
314 447
27 303
44 152
324 326
30 409
211 422
29 443
400 484
399 428
140 199
226 284
147 484
43 465
138 162
60 470
65 85
187 477
369 469
45 302
355 397
275 454
52 89
44 411
183 290
372 444
85 249
232 287
22 49
457 480
203 435
200 475
40 57
129 485
9 313
254 363
79 117
302 468
107 322
9 38
94 186
318 340
230 495
380 384
351 386
343 458
117 403
44 141
106 236
282 288
446 475
5 260
256 478
190 371
181 464
157 473
222 478
277 462
51 56
226 482
385 447
15 255
408 475
20 353
144 164
437 466
59 402
88 463
192 480
165 223
281 436
249 351
359 414
161 489
39 492
91 314
55 64
26 235
405 445
154 432
477 492
50 75
262 389
150 440
84 467
244 376
116 473
16 317
428 431
397 422
380 415
40 94
80 167
111 342
103 272
176 447
95 245
191 261
132 313
391 428
82 335
3 303
224 470
240 260
54 144
287 423
88 425
168 321
62 498
191 375
127 190
33 373
19 412
320 411
185 310
126 409
118 125
16 328
103 317
143 278
30 197
74 133
176 375
97 123
233 406
22 225
225 486
253 368
101 182
19 59
69 233
270 380
311 365
60 106
328 441
21 223
378 450
295 458
71 310
43 130
203 300
46 458
58 144
227 333
212 441
128 218
94 493
141 172
337 446
96 289
183 478
151 342
8 498
4 496
101 448
9 48
132 184
467 473
325 402
199 418
47 478
81 371
2 297
92 173
164 231
11 413
307 489
123 235
284 398
116 342
108 188
68 137
232 247
199 339
32 290
228 452
264 293
47 461
237 471
145 274
11 192
207 423
175 191
26 441
134 313
74 494
171 424
84 464
17 161
431 437
139 384
2 124
147 420
94 340
170 298
130 200
197 204
106 433
47 294
140 440
416 495
204 494
214 417
423 489
130 352
411 489
349 362
268 295
237 285
39 144
88 388
253 280
135 497
31 40
371 497
110 375
245 337
442 457
25 133
5 162
94 356
150 438
224 418
57 233
224 455
320 467
11 122
147 461
186 367
35 76
174 225
284 421
285 499
76 109
155 354
257 331
139 143
328 481
259 326
142 395
222 410
384 486
417 478
168 391
150 284
229 285
266 484
229 321
347 360
6 355
67 271
203 254
157 416
39 287
188 474
204 228
16 61
134 229
255 400
271 346
190 207
445 493
76 313
85 224
295 439
481 498
121 268
77 281
75 494
228 254
278 358
312 370
261 341
324 384
135 161
270 311
408 426
262 463
201 243
42 229
160 237
42 485
173 296
36 484
152 169
491 495
136 489
66 319
119 233
91 297
249 449
28 443
37 448
104 105
154 308
308 374
30 383
312 461
108 430
102 137
153 253
91 188
102 300
38 92
193 270
35 138
114 421
75 217
351 370
161 309
335 446
160 297
92 428
160 209
13 448
249 265
232 372
223 387
78 108
3 398
278 409
72 135
296 487
151 401
195 259
139 392
228 388
145 343
155 255
48 151
73 474
147 218
180 452
156 273
228 386
81 298
8 449
52 81
328 419
232 442
62 121
402 453
160 398
247 321
96 135
144 263
208 354
309 419
261 458
190 442
138 236
187 427
11 306
247 435
346 402
260 273
240 392
70 396
123 135
11 347
245 259
217 394
51 358
94 107
371 487
80 168
190 319
270 418
339 382
120 241
5 72
250 368
456 483
185 336
21 307
75 248
281 337
98 220
299 449
89 134
42 55
44 271
75 215
60 160
204 352
179 223
282 352
33 316
29 295
137 146
172 232
376 420
52 146
197 235
180 276
135 153
21 112
220 389
289 492
5 255
108 445
105 238
269 495
232 258
150 246
223 403
317 329
288 436
39 483
76 103
164 188
171 189
94 470
103 296
91 149
267 488
277 354
241 412
231 301
304 441
242 372
315 401
332 461
119 386
355 443
37 373
107 119
80 455
281 476
38 434
64 455
349 412
372 373
476 488
9 140
408 415
401 418
158 424
126 240
13 287
62 356
408 425
347 435
186 229
29 76
152 280
64 493
16 455
305 321
320 375
285 418
44 252
275 283
291 414
257 265
127 328
232 259
292 369
368 410
3 473
212 479
154 249
76 145
3 34
16 388
173 326
37 180
27 350
193 201
232 336
290 341
273 345
99 177
369 398
69 370
250 303
150 264
183 386
34 271
55 291
183 423
126 130
216 295
83 493
144 330
218 386
95 263
283 301
378 472
48 321
442 461
35 360
184 374
263 454
169 287
113 396
218 407
266 310
224 289
39 64
275 480
29 93
273 391
383 399
101 356
329 369
77 434
318 390
126 185
44 385
25 132
60 203
70 162
352 395
420 459
245 305
376 437
126 318
118 238
218 435
8 219
90 458
239 430
186 274
195 457
89 465
123 395
11 109
100 343
141 285
253 414
107 252
180 348
59 421
412 449
451 497
112 382
320 343
94 121
96 254
370 425
40 445
314 349
168 170
144 484
1 477
191 395
21 209
189 348
5 144
67 273
70 94
45 464
199 312
45 300
224 398
84 406
302 423
230 365
426 430
33 300
34 391
128 173
140 497
138 429
48 486
261 278
87 126
100 297
112 195
241 269
171 475
166 202
211 282
438 447
13 57
6 404
70 466
76 255
177 202
222 488
397 481
108 190
1 424
147 272
154 208
231 339
119 465
71 434
51 500
183 466
144 448
25 110
35 414
27 497
101 134
307 316
318 334
9 12
109 345
4 276
118 348
10 182
23 387
28 106
154 466
257 388
132 436
14 15
52 177
63 189
129 447
81 328
416 446
104 318
154 212
470 497
43 457
65 110
186 237
345 426
94 260
385 460
96 194
165 477
58 224
62 324
82 490
86 430
6 75
127 280
3 18
309 381
110 204
2 287
378 399
355 463
403 450
187 482
121 418
4 464
186 443
348 445
99 381
138 143
184 396
30 452
50 89
315 481
6 380
262 487
220 224
229 311
67 298
218 472
59 412
140 299
171 404
208 267
197 351
309 354
4 401
97 367
104 323
74 496
167 181
326 417
123 418
148 314
426 437
16 198
316 426
261 401
140 431
101 155
163 212
2 344
95 152
127 214
161 384
150 217
236 490
203 325
337 494
198 322
171 377
147 157
411 422
46 119
183 357
107 356
207 294
253 447
308 330
443 498
308 451
459 475
216 325
160 204
342 443
183 234
45 72
52 157
38 349
10 154
144 401
222 412
237 467
178 370
347 421
150 309
50 387
358 443
401 458
142 148
284 343
73 410
132 382
38 500
94 264
102 431
363 479
296 387
47 386
18 241
200 201
473 487
173 280
107 394
319 426
221 488
330 486
250 349
151 171
131 319
128 447
274 315
131 203
297 395
71 270
48 346
339 389
92 131
242 249
311 392
206 390
177 361
199 434
231 308
161 292
96 213
423 453
191 328
127 317
201 452
193 500
41 149
205 301
202 490
80 295
437 449
182 477
28 457
90 387
438 457
36 123
280 382
280 482
4 5
305 464
76 181
330 349
273 321
39 275
104 114
116 193
119 296
63 190
262 325
21 251
53 498
273 274
66 202
194 389
69 328
338 389
207 333
95 301
117 417
87 400
67 86
135 137
49 462
370 491
247 491
133 438
399 421
229 446
220 480
122 352
101 455
400 491
251 495
78 144
35 436
283 489
266 321
3 343
197 319
160 431
14 388
196 332
273 292
401 438
62 152
231 490
99 377
100 330
257 340
328 407
186 215
126 144
105 114
126 471
175 335
312 420
55 249
118 339
52 197
99 411
177 270
131 315
179 388
54 129
330 495
227 302
152 234
88 367
133 378
108 381
229 406
226 281
446 454
12 52
172 498
157 256
12 414
41 102
168 365
129 357
121 219
19 121
303 310
114 464
50 121
403 445
120 139
134 317
125 177
57 490
190 413
254 473
26 248
45 437
204 304
1 496
232 492
78 411
299 440
147 487
245 421
375 442
127 346
97 317
145 491
421 475
147 247
223 482
62 304
227 306
110 389
140 402
23 76
326 390
153 486
365 488
83 451
92 352
112 288
159 491
4 81
193 342
384 475
219 222
28 337
353 372
78 171
170 461
17 49
328 422
90 316
210 353
24 208
14 28
102 142
156 471
149 306
51 437
28 125
79 272
50 213
133 487
103 238
208 289
292 372
105 468
16 25
178 367
75 310
122 222
84 144
161 175
173 429
45 138
58 79
308 383
292 419
222 496
103 137
209 242
233 265
67 186
212 350
161 388
63 482
81 156
309 459
170 310
212 226
341 362
194 433
190 315
21 91
9 129
113 388
319 371
442 459
305 393
77 347
158 160
175 303
78 100
81 357
339 496
169 296
36 164
295 334
35 100
274 342
53 222
86 123
332 388
346 393
224 445
177 279
256 438
195 196
206 433
44 327
171 313
275 396
79 196
263 278
413 499
194 249
236 388
49 373
339 467
340 437
331 433
72 357
268 317
14 497
53 146
187 483
220 308
306 345
126 391
86 460
151 314
314 356
92 399
115 340
81 116
332 434
288 424
117 488
119 185
25 267
69 497
182 370
179 240
161 455
168 328
343 414
40 407
224 326
130 339
127 497
300 474
4 157
110 214
91 393
202 373
128 162
47 442
238 423
18 343
449 493
230 253
181 275
106 309
175 308
17 336
69 478
157 360
291 351
385 489
20 427
29 207
445 492
192 272
44 354
148 189
68 245
345 388
414 461
144 394
30 143
154 359
76 138
151 337
86 372
380 424
215 336
131 442
214 272
168 292
13 381
410 424
182 369
57 237
18 346
15 401
36 456
79 392
32 299
481 482
54 279
78 399
17 418
29 291
158 327
320 327
139 256
70 269
352 385
129 208
37 90
180 307
404 481
55 217
47 347
28 247
30 279
222 413
140 456
129 149
289 375
303 365
105 271
35 302
135 219
61 200
175 233
97 356
228 344
215 400
175 360
241 317
387 473
457 491
264 407
223 295
369 395
94 431
256 343
193 462
53 68
59 413
205 280
74 251
133 465
229 327
271 437
241 244
32 356
170 448
15 258
236 378
302 354
304 467
287 467
160 304
351 492
143 345
394 432
201 225
42 214
278 430
26 151
261 425
335 447
252 262
63 235
335 381
182 432
95 131
28 115
76 472
112 491
54 321
10 81
13 104
190 302
100 287
384 393
125 456
201 441
147 257
1 296
326 434
34 108
362 378
365 498
218 254
100 498
20 374
128 443
456 461
97 127
200 206
103 245
191 366
47 385
4 362
295 453
26 210
119 339
41 187
27 81
119 371
327 394
233 281
147 312
219 478
42 351
51 242
24 111
339 369
54 215
295 376
46 114
92 394
119 467
54 84
66 138
186 390
146 470
269 424
105 195
13 283
217 301
62 403
291 334
59 308
279 341
248 324
100 232
180 383
241 381
150 152
368 372
38 267
9 216
104 391
90 308
55 100
392 478
349 488
1 500
50 298
31 353
150 252
14 139
326 359
39 452
350 369
67 366
108 150
61 283
453 480
132 204
169 398
46 474
117 289
351 395
111 323
78 137
166 313
393 469
12 357
12 323
6 437
21 330
223 258
223 308
252 432
87 410
39 323
93 108
191 371
58 273
1 13
152 437
8 98
111 337
208 237
336 371
5 241
53 182
136 453
464 477
339 407
36 151
187 244
152 360
135 409
39 206
184 192
164 378
27 118
54 81
88 281
413 436
86 265
4 423
71 173
148 429
62 125
237 251
319 387
80 379
170 361
66 349
21 191
154 276
30 172
177 477
434 478
234 394
172 409
140 422
119 380
255 419
73 499
114 250
266 491
250 327
220 303
88 391
281 333
86 449
67 370
265 300
105 459
272 274
124 264
315 476
3 31
78 445
105 152
119 494
253 303
29 75
108 187
267 327
247 309
12 261
326 477
252 310
402 421
14 422
106 234
204 479
279 377
85 118
30 440
28 301
150 478
167 208
32 177
75 99
187 221
253 340
77 320
234 259
33 455
158 295
28 326
234 492
91 277
8 384
388 403
269 404
454 457
53 385
154 221
258 352
198 206
95 438
213 296
52 341
289 324
372 446
205 379
40 397
77 110
298 318
395 498
184 232
1 206
103 495
263 358
8 418
16 286
45 99
253 324
298 306
343 413
95 250
59 416
196 371
363 367
212 485
179 385
61 317
277 427
149 192
392 499
86 348
12 433
101 247
168 430
464 481
338 479
78 284
232 449
248 471
143 223
22 402
146 479
374 489
43 131
237 280
189 317
54 237
179 468
82 236
167 173
138 214
40 486
199 233
120 135
45 384
160 476
256 332
94 318
146 212
212 448
76 172
197 298
269 499
286 317
383 417
143 217
223 447
168 169
285 361
278 434
37 499
91 394
142 154
151 476
228 282
153 226
179 467
69 279
378 449
408 421
77 459
115 333
33 167
156 189
253 309
342 424
36 406
441 455
159 267
84 189
139 331
160 396
312 449
283 332
47 286
237 407
277 499
88 364
169 444
263 357
42 136
85 471
5 119
248 405
98 379
22 250
153 286
1 248
259 261
50 475
269 339
10 459
317 473
40 447
211 406
66 322
102 343
76 277
156 240
98 290
194 291
78 470
260 335
150 466
233 369
162 439
71 168
34 328
328 415
290 417
199 388
333 376
133 262
155 388
78 440
245 255
64 113
275 452
78 488
79 409
45 270
200 438
260 456
133 396
40 187
112 398
279 374
301 418
110 440
432 471
1 429
120 414
108 283
220 457
9 150
215 260
50 350
151 470
250 457
120 410
113 163
41 173
160 167
103 217
172 383
2 302
249 395
100 444
130 382
355 474
159 169
259 497
42 179
301 358
236 257
65 375
142 311
90 326
146 151
186 265
39 477
240 330
1 30
90 144
239 334
134 302
6 195
143 390
16 35
203 376
357 487
23 426
173 285
43 468
61 78
15 261
275 435
92 326
98 488
246 483
176 179
7 372
172 207
386 474
147 334
158 481
287 492
305 454
86 146
310 388
7 388
84 323
110 352
105 276
185 390
440 449
37 49
241 492
8 394
21 166
67 418
4 135
26 45
124 284
27 239
19 32
228 474
131 416
32 62
30 485
220 443
115 136
83 275
95 151
68 498
238 259
130 145
283 490
262 475
22 58
186 200
289 321
93 389
75 357
91 142
25 160
108 146
219 459
83 249
61 161
410 457
54 217
317 485
97 349
60 115
86 208
419 495
141 271
156 188
129 148
391 499
39 348
13 135
97 255
70 349
7 102
477 483
276 386
71 101
302 440
333 462
31 387
69 152
170 417
294 479
8 426
334 345
52 219
57 416
45 473
228 346
258 322
45 481
125 362
131 303
317 367
238 383
104 347
171 440
440 442
209 264
93 338
41 150
264 357
151 274
69 352
322 348
157 298
260 283
164 446
156 427
277 423
46 423
138 147
59 183
40 270
39 484
10 267
64 363
255 340
214 389
204 262
352 433
162 404
33 78
218 355
60 61
369 498
139 281
100 273
49 335
9 363
261 362
100 272
6 489
71 291
170 485
125 378
121 325
237 306
411 471
302 324
291 303
14 147
47 70
128 302
186 223
2 364
271 494
278 469
145 481
15 163
371 381
61 112
434 470
253 375
345 346
166 458
47 179
275 490
282 490
224 364
17 430
208 392
12 328
130 461
42 284
86 117
134 437
83 472
59 296
185 427
4 163
205 307
176 371
185 320
404 406
364 489
173 269
290 377
259 455
227 404
54 472
358 395
87 133
23 42
39 312
85 417
277 341
396 410
145 307
92 184
10 185
218 353
22 52
96 165
301 322
182 345
396 405
286 368
385 438
128 497
444 498
248 484
228 408
319 472
247 373
39 345
113 421
177 264
116 435
252 391
288 345
301 440
348 435
448 495
104 285
210 484
211 281
398 417
16 180
161 354
99 169
149 254
294 342
286 326
25 65
96 301
75 383
422 458
335 472
145 295
144 425
108 342
208 351
360 462
431 458
20 388
439 452
118 329
238 248
270 461
72 392
149 311
156 314
110 288
457 475
71 300
76 232
273 364
155 312
28 239
90 401
80 426
46 355
268 305
245 286
259 299
12 263
369 484
277 327
314 459
277 337
117 124
84 124
137 172
306 376
142 325
195 338
5 263
120 476
127 266
18 484
282 413
130 345
183 197
253 372
19 495
65 314
14 336
243 372
19 143
223 358
309 405
324 420
101 371
201 388
136 272
248 306
49 280
99 412
101 102
236 487
47 457
3 346
391 491
107 480
296 349
8 141
110 321
78 309
165 363
72 197
313 326
284 492
53 137
394 413
245 251
293 435
43 500
284 481
130 439
451 471
24 190
31 283
129 275
142 232
253 258
53 379
290 307
93 478
365 369
95 356
3 9
14 450
43 409
35 349
84 491
173 197
273 412
20 116
152 181
325 383
291 441
213 387
126 206
165 472
184 416
149 345
314 390
127 447
303 340
56 426
342 448
289 400
213 359
371 411
108 457
225 230
321 357
137 366
80 190
145 238
359 428
82 176
213 299
245 383
225 278
233 441
287 449
356 470
69 394
168 352
28 146
70 202
104 397
52 356
3 414
101 429
368 482
188 249
239 362
259 263
168 214
193 367
326 394
111 201
200 302
323 329
261 395
272 488
98 446
283 418
273 331
30 355
451 470
142 332
56 283
164 383
42 447
72 485
435 453
63 359
220 477
89 403
40 328
129 247
10 393
135 358
166 379
51 411
53 60
144 473
4 409
101 312
190 379
140 395
313 328
308 468
425 482
57 180
397 426
59 432
158 355
36 393
197 429
58 338
214 237
287 401
197 470
14 498
22 299
7 224
339 340
206 246
72 137
62 139
165 234
81 473
52 469
62 334
3 129
53 430
340 391
12 358
147 471
141 442
196 477
7 243
120 235
421 458
343 464
234 461
342 372
165 500
326 487
130 334
148 373
400 442
73 357
74 131
287 341
474 485
33 82
166 431
37 103
321 435
175 226
114 364
251 388
112 492
312 473
191 485
5 160
33 156
202 443
324 337
15 348
7 410
244 476
195 483
100 346
234 428
165 433
402 430
103 150
364 469
38 123
372 419
283 319
176 286
99 467
147 410
7 437
243 268
195 232
257 489
33 51
281 326
49 446
205 403
289 426
44 370
25 106
96 461
77 141
324 499
62 451
40 186
146 149
149 293
202 254
92 272
82 312
214 486
23 484
126 172
273 444
152 246
334 494
271 493
103 228
133 454
121 203
145 153
117 491
65 301
158 353
134 214
148 388
302 343
109 338
351 462
156 470
206 486
74 372
292 402
291 346
175 271
111 481
103 117
265 335
362 473
329 432
191 396
163 253
90 135
203 430
254 330
130 415
5 372
86 448
112 466
309 325
275 465
64 209
81 155
233 403
325 471
107 222
311 378
274 423
332 370
155 308
344 500
183 488
42 92
309 392
159 408
221 260
297 472
112 179
307 375
236 386
153 437
182 187
50 234
185 200
151 468
116 446
74 192
480 491
202 239
40 70
31 230
148 355
404 469
149 320
135 243
7 389
213 466
212 302
231 477
336 454
75 268
147 476
18 319
154 493
230 363
374 445
262 484
92 190
34 215
80 219
185 244
138 347
72 421
310 324
166 319
16 394
8 164
85 462
473 497
329 487
22 367
80 477
108 498
252 461
131 141
337 410
427 474
115 351
390 492
241 470
56 356
69 229
200 207
305 490
132 278
42 93
92 188
170 437
12 15
136 441
250 281
28 319
257 308
10 28
66 442
207 235
47 480
199 479
46 60
293 322
239 282
85 151
349 460
123 174
17 323
325 484
51 370
154 302
76 105
87 437
250 371
272 364
44 254
38 204
47 127
239 437
53 291
52 143
55 478
53 304
10 224
124 270
426 463
311 350
99 463
273 295
133 276
263 436
190 282
235 371
291 422
265 290
207 386
110 343
186 207
99 240
382 468
8 382
189 478
115 347
221 432
70 437
8 287
320 396
328 391
67 339
388 438
1 453
16 224
280 404
51 144
398 493
350 439
461 494
430 469
205 235
169 434
273 416
375 446
364 460
51 65
224 294
77 136
156 372
294 395
409 471
270 474
230 401
196 350
27 181
66 427
347 358
28 391
182 459
376 410
124 377
54 348
437 450
334 459
44 429
131 188
175 441
30 47
74 400
185 187
206 458
393 416
100 165
58 334
22 181
143 339
88 322
23 184
78 207
298 429
191 459
121 201
291 471
129 381
149 156
375 395
111 360
133 293
224 442
1 144
168 471
68 345
28 368
16 172
342 491
229 451
12 460
68 241
92 421
344 366
3 384
74 250
269 358
76 467
290 350
14 272
287 498
220 307
237 444
67 97
89 349
353 498
73 189
80 132
142 352
226 381
5 127
187 263
49 472
7 140
373 376
98 196
176 177
259 414
112 349
226 257
214 306
26 87
261 306
42 360
30 475
103 221
35 90
21 159
151 215
46 237
145 293
72 457
366 389
382 432
355 453
353 355
222 383
2 50
352 424
299 384
41 158
201 410
121 406
124 410
241 290
90 486
374 436
196 435
129 340
18 367
20 76
181 365
224 456
353 486
106 190
14 493
36 235
143 314
144 170
155 368
285 312
68 201
197 212
103 463
64 440
171 488
118 475
109 276
220 366
203 312
254 302
289 291
370 487
169 470
246 256
109 326
348 407
4 298
321 379
16 438
329 378
219 370
31 435
105 126
1 26
135 214
137 247
329 418
131 406
65 73
16 409
387 498
9 196
57 400
90 342
75 222
318 465
192 220
328 395
147 285
303 309
289 494
37 99
287 289
2 28
392 406
185 256
71 154
422 440
428 477
52 297
399 416
161 365
209 402
19 252
174 483
221 465
50 59
161 266
231 346
36 434
79 456
135 198
82 263
60 86
141 268
62 217
34 445
151 210
353 497
116 375
38 50
222 259
21 48
187 305
36 444
245 439
34 309
347 402
24 299
115 488
302 475
374 486
193 437
311 351
24 145
120 417
25 85
155 156
7 237
365 398
126 449
311 472
371 420
10 483
157 324
64 438
69 266
34 492
236 307
145 358
199 428
130 416
471 472
292 463
32 100
66 189
327 365
22 348
181 190
9 226
24 281
167 310
252 288
1 273
406 492
430 481
322 492
131 489
211 297
3 429
10 206
70 257
60 234
299 341
228 475
217 278
64 311
41 404
408 459
390 475
126 361
41 337
113 295
243 369
120 291
249 401
10 426
333 453
134 155
92 469
426 441
75 262
395 457
203 314
204 348
362 458
84 242
41 266
167 308
280 459
104 150
21 388
74 168
97 114
35 488
59 292
374 435
106 182
124 126
23 287
25 404
15 194
279 418
215 317
208 229
125 217
418 440
79 472
45 103
126 133
143 221
335 423
223 252
13 146
28 295
39 326
114 128
62 323
245 455
88 194
47 264
368 371
86 431
52 97
403 486
338 407
14 324
411 440
5 250
138 247
26 129
80 333
317 360
14 18
273 354
257 443
166 185
324 405
96 147
231 367
148 316
132 384
176 461
69 426
86 231
244 454
397 476
36 431
138 155
282 308
80 140
96 462
19 85
21 190
267 415
35 65
2 26
111 123
144 147
90 96
306 468
192 364
206 427
107 260
73 482
201 350
44 64
135 182
236 244
272 424
182 285
172 422
185 221
67 358
383 436
244 250
9 165
30 201
7 359
38 472
10 61
265 270
187 362
181 420
36 139
93 118
134 283
37 370
216 449
143 409
7 96
133 292
25 50
92 193
132 146
297 339
231 471
121 473
124 176
5 436
330 392
223 277
248 309
162 182
141 158
68 121
277 453
321 404
352 376
19 324
27 175
263 431
331 397
39 351
256 469
13 368
146 397
160 181
283 370
52 475
46 87
76 486
33 352
400 461
222 248
110 291
268 281
100 451
103 134
96 406
349 352
22 493
24 489
63 437
169 413
10 11
72 333
166 262
311 489
300 381
431 452
216 496
182 213
239 412
92 373
165 469
83 426
178 199
282 425
32 417
12 127
200 229
277 388
63 335
341 476
203 302
213 237
21 271
163 456
81 222
40 151
177 431
37 471
349 400
115 460
116 433
184 323
115 229
296 465
183 324
492 496
303 368
13 171
452 454
398 405
178 402
290 343
2 69
297 427
254 421
124 455
164 343
291 328
210 258
108 202
180 381
241 373
266 312
294 413
462 485
308 452
70 239
348 443
108 426
210 278
177 189
64 477
387 420
315 479
390 463
143 146
245 348
309 408
162 191
168 260
78 408
290 298
91 457
113 181
168 220
93 271
95 479
142 390
384 471
280 447
7 349
260 313
1 137
118 361
300 422
307 334
223 388
69 417
26 168
285 424
339 435
456 498
66 331
117 356
77 194
188 240
40 414
400 430
112 140
1 162
411 454
231 336
125 359
30 135
112 332
122 195
17 392
177 303
276 335
2 414
60 332
251 469
193 273
40 280
323 491
18 430
400 481
47 416
138 180
102 283
293 439
13 127
132 460
162 491
396 413
7 327
64 341
321 331
303 319
103 450
214 308
88 259
408 451
218 469
33 284
208 325
217 235
296 392
237 461
37 348
235 273
56 233
346 363
301 346
196 389
212 439
93 154
137 489
44 61
321 498
105 243
171 294
74 246
339 401
345 443
332 454
89 391
182 467
117 235
239 401
175 215
331 437
427 480
126 352
41 170
80 336
44 264
16 177
367 462
309 362
117 167
198 398
76 99
207 271
296 332
100 213
238 451
307 313
4 489
185 426
257 463
14 489
360 405
21 114
55 117
160 339
123 500
56 241
13 346
185 371
423 482
100 180
17 291
21 211
132 195
133 142
100 461
65 441
298 443
112 469
349 490
43 90
201 453
423 426
28 485
259 278
115 316
433 468
67 383
136 256
257 320
60 406
106 343
325 447
29 457
133 164
213 437
20 55
360 394
30 58
156 360
199 423
134 428
177 344
319 325
273 421
105 245
446 500
200 292
376 378
254 306
143 399
43 221
173 380
50 108
200 309
350 374
55 144
44 74
128 291
95 156
59 364
119 352
194 268
274 288
179 288
83 272
290 310
112 199
259 310
106 404
167 446
166 227
20 336
79 466
194 265
317 423
216 220
150 498
185 366
97 322
5 229
46 72
195 465
7 204
130 291
61 121
6 421
77 425
47 486
192 298
374 441
458 474
17 109
177 439
155 394
166 364
262 355
65 199
439 493
225 294
182 236
304 436
106 453
197 464
334 381
288 346
179 332
285 421
425 464
333 433
296 408
399 435
249 448
232 249
119 145
74 428
251 439
60 425
299 346
319 441
250 311
39 138
65 81
89 398
214 458
79 465
254 274
59 167
339 499
409 452
369 483
18 154
350 381
188 440
24 149
316 328
20 273
447 478
10 389
202 492
225 358
222 301
115 400
43 418
58 392
75 374
222 273
205 311
74 309
176 188
357 419
5 93
101 283
146 375
25 164
86 249
94 471
352 454
51 83
211 408
68 179
31 224
74 419
221 321
90 416
399 403
142 314
194 328
192 292
40 174
259 386
324 336
209 324
169 366
151 423
65 485
432 496
233 272
109 489
101 159
139 215
258 406
387 417
270 284
67 324
278 454
323 366
92 291
130 443
171 275
418 449
30 220
349 363
418 432
37 83
256 345
176 492
80 279
64 103
118 327
274 377
364 490
47 378
425 427
250 334
100 400
437 453
4 272
142 334
301 449
115 304
342 359
160 457
157 227
156 332
147 168
112 283
138 358
248 277
263 441
31 463
200 283
346 435
2 145
65 332
102 499
217 266
95 310
135 374
25 91
188 328
275 406
350 476
237 453
129 139
90 469
304 425
152 286
73 248
56 479
327 331
157 209
127 344
266 477
150 367
250 284
357 381
279 494
170 176
147 182
111 475
67 238
22 154
257 395
161 374
71 342
66 463
353 363
98 120
22 432
324 446
100 194
28 304
56 261
411 485
327 470
308 365
105 374
81 203
291 449
232 441
209 274
222 402
60 110
37 420
107 374
132 425
156 243
135 424
91 364
64 100
399 411
345 464
201 284
113 179
417 492
19 322
195 341
52 347
183 206
231 484
281 353
73 421
128 265
20 411
92 408
33 402
55 311
383 458
392 452
170 251
183 435
202 366
10 49
3 225
209 496
42 369
365 404
21 391
226 428
16 431
218 284
45 91
72 123
9 319
256 352
382 459
88 228
205 429
11 491
435 460
22 265
377 378
35 187
58 433
214 352
146 493
43 443
299 474
16 374
32 455
218 313
220 472
176 425
383 451
14 160
283 470
174 247
330 471
32 223
42 309
369 375
58 113
264 393
42 129
24 284
41 384
9 352
227 445
338 348
137 423
89 267
118 375
81 172
123 205
239 275
181 253
92 148
286 430
127 269
155 460
79 248
207 396
146 398
130 485
67 489
92 334
84 178
181 230
245 327
242 472
275 315
283 376
117 158
87 92
42 480
303 352
307 454
367 402
234 480
218 373
180 478
113 370
158 463
152 356
231 351
164 180
75 242
339 371
374 383
436 467
80 354
39 387
357 416
198 248
312 323
197 276
323 467
116 200
19 441
436 494
46 246
343 390
174 425
50 421
219 363
310 402
321 496
311 486
66 282
71 378
198 402
98 310
107 248
60 65
4 83
52 457
61 358
287 389
54 336
175 374
226 426
14 126
223 249
189 269
33 460
323 433
317 459
21 332
176 252
388 390
99 348
53 372
220 234
263 332
56 117
168 414
28 471
417 423
33 451
430 470
277 480
218 377
175 418
17 66
90 192
284 495
51 171
40 379
212 280
236 379
255 303
138 250
155 316
126 357
26 317
167 395
172 315
244 429
111 314
348 464
284 389
163 381
199 407
236 451
50 202
470 478
55 432
400 402
3 354
131 301
265 268
187 227
32 183
139 230
176 338
351 495
273 472
186 249
288 307
344 353
1 482
157 264
42 72
390 393
134 337
247 258
341 429
1 88
78 298
178 459
280 302
320 495
95 439
347 453
36 52
58 87
107 145
6 452
81 451
120 162
21 156
233 331
27 222
217 374
279 280
232 367
81 401
3 452
369 431
97 378
8 126
31 315
228 488
80 450
165 463
182 233
155 353
348 411
119 139
378 400
108 382
244 467
358 431
136 378
354 356
88 337
253 281
400 480
11 471
22 335
110 429
38 326
257 392
238 499
105 159
274 350
125 228
1 490
173 427
184 266
10 379
52 298
120 481
313 336
269 442
401 454
209 275
232 404
98 265
104 448
46 415
110 227
17 221
113 358
13 185
51 222
23 341
158 290
439 464
254 308
251 400
15 216
77 128
237 326
384 424
264 305
337 419
357 464
50 129
223 226
163 340
165 473
38 291
386 431
351 387
85 337
197 325
99 324
169 232
19 497
194 487
152 468
189 460
365 389
36 317
186 480
284 369
50 463
77 266
189 235
162 443
398 458
16 448
17 146
51 131
136 235
56 458
308 326
136 369
191 372
126 499
219 410
257 290
354 381
366 373
203 460
174 404
151 388
205 267
291 332
308 467
317 412
321 413
125 428
168 289
65 367
348 381
235 291
179 483
256 493
401 469
116 401
194 218
167 291
100 406
352 484
177 273
268 412
55 495
44 143
7 84
295 304
178 221
262 339
33 170
159 403
6 427
280 492
112 148
346 433
79 358
15 273
249 408
90 333
305 423
250 359
76 183
25 111
51 458
321 483
437 438
211 465
147 469
67 198
288 295
103 200
69 103
69 440
26 28
73 444
67 445
58 209
21 445
32 201
204 325
272 338
233 407
64 197
6 275
50 302
125 264
57 140
131 295
205 410
7 423
336 486
19 293
42 424
254 494
35 404
95 393
106 468
126 414
37 42
218 269
301 437
145 442
357 442
47 310
108 220
192 452
98 380
94 180
109 298
213 324
206 459
351 443
262 465
316 434
78 194
199 234
216 258
131 304
2 188
388 392
350 380
133 409
396 399
109 110
3 318
59 361
95 184
258 363
263 286
45 79
32 360
71 96
195 248
263 476
134 266
64 318
189 487
312 339
287 453
28 267
174 269
81 487
25 39
26 375
37 96
266 406
146 484
87 197
1 192
284 463
267 450
405 426
114 419
261 399
264 302
235 329
313 476
138 370
37 191
85 218
154 434
337 403
8 146
17 36
212 459
340 439
206 495
59 208
214 475
6 337
31 494
77 163
225 460
23 133
228 363
380 405
129 219
82 456
25 102
33 441
21 238
46 463
300 415
192 366
165 278
41 65
59 233
131 411
192 500
2 326
414 457
38 236
17 406
76 458
130 495
80 239
103 232
367 440
59 367
239 383
191 390
164 390
195 460
46 373
278 426
122 124
191 215
97 295
41 151
16 334
93 240
34 493
41 212
151 195
350 388
221 345
225 308
115 232
108 259
112 365
15 120
176 380
242 430
88 416
256 273
370 464
223 354
223 294
104 179
58 364
136 285
167 186
104 388
222 418
3 277
7 130
131 248
283 447
32 154
240 331
180 261
50 188
300 301
176 386
7 216
42 266
207 254
56 394
121 398
81 439
240 304
238 387
82 374
93 95
355 384
281 427
215 218
29 254
186 374
99 187
111 398
94 392
127 457
127 221
3 131
75 345
220 344
53 496
58 379
169 372
271 433
18 318
93 333
434 490
291 382
95 383
40 471
229 480
153 307
245 355
247 375
210 432
358 406
9 123
22 380
71 110
420 425
29 260
152 229
34 56
59 244
301 366
48 432
153 370
116 276
290 332
140 490
9 308
190 444
317 490
121 149
63 423
261 357
327 430
195 252
362 446
239 264
118 146
267 351
42 117
168 191
214 470
107 111
313 488
224 285
79 349
67 256
282 332
177 349
117 219
302 462
130 171
329 428
206 487
70 347
106 183
397 406
205 294
36 382
120 314
81 454
283 408
43 63
427 440
150 270
32 280
346 470
219 225
6 363
200 273
172 322
98 468
175 377
271 422
25 429
47 233
117 400
189 375
217 466
63 106
373 379
358 480
223 485
30 413
194 274
47 116
290 488
400 467
29 293
226 300
157 286
299 388
55 425
276 456
224 483
102 447
9 79
53 311
79 361
15 183
208 222
172 233
61 458
142 252
320 416
118 222
27 329
134 295
84 130
54 218
43 393
269 283
46 75
489 495
182 388
233 288
209 238
106 187
155 271
73 393
34 259
135 387
143 291
192 470
63 153
115 435
94 445
137 138
24 381
34 160
167 178
41 143
10 164
179 339
26 357
205 437
49 360
28 482
93 172
13 241
77 216
54 100
113 417
320 333
16 146
140 453
377 433
175 385
189 434
392 394
23 302
96 137
172 310
93 152
179 451
52 300
18 446
150 232
1 382
101 150
302 327
149 445
335 498
36 302
74 283
202 203
454 476
180 416
310 387
313 317
120 331
200 443
151 179
225 342
28 126
18 388
209 363
18 425
242 473
155 181
166 310
101 322
372 407
218 446
80 109
343 483
92 382
237 267
117 133
2 333
310 425
357 373
1 108
174 270
1 122
195 208
81 478
212 262
102 451
50 378
40 431
39 410
92 472
262 468
44 279
158 188
2 438
66 303
310 496
90 272
295 413
244 277
150 205
222 381
290 462
126 429
255 369
161 349
118 303
35 264
49 475
59 298
152 238
307 320
62 88
90 450
255 384
168 415
14 424
82 453
175 406
54 83
258 307
158 347
5 115
268 289
240 351
389 430
13 466
206 379
138 156
19 446
243 454
159 450
42 273
296 327
9 245
39 72
280 455
268 372
34 359
37 131
114 461
315 396
197 220
155 234
203 440
33 135
430 486
13 147
8 425
239 263
142 159
180 388
2 340
40 232
148 221
83 476
14 111
27 200
105 255
108 405
381 496
19 72
14 465
171 252
179 269
269 305
283 457
163 500
146 389
423 424
79 360
333 480
241 266
263 500
142 277
207 380
197 318
113 247
117 412
59 356
327 341
227 267
178 195
105 224
97 145
155 419
387 436
126 263
278 349
28 441
312 376
392 433
54 488
393 486
255 381
80 124
178 307
74 204
197 280
337 408
10 203
324 382
248 297
213 467
18 41
238 362
124 408
167 226
165 196
153 482
110 430
27 197
166 199
76 435
200 237
416 431
19 260
214 229
98 464
117 290
330 353
398 482
18 268
81 448
168 443
243 383
400 429
416 424
166 318
446 485
433 472
5 111
303 320
164 373
10 38
117 293
391 404
139 439
78 177
34 96
25 342
337 363
31 291
113 301
167 449
160 498
342 500
67 69
50 460
171 316
230 486
32 197
171 458
341 419
133 311
325 417
120 430
340 470
88 130
78 250
180 434
258 405
85 492
149 331
74 235
127 315
57 312
302 337
324 413
238 263
375 432
98 157
126 487
123 262
65 140
253 373
37 136
238 330
418 497
450 463
125 350
89 157
323 336
61 423
67 107
14 370
376 451
38 446
384 402
77 182
316 410
39 497
321 341
207 319
72 476
305 337
302 363
121 146
30 103
93 171
157 496
116 243
365 399
183 465
19 96
144 155
169 239
27 482
412 462
233 446
189 300
21 386
7 491
477 496
107 412
35 306
284 427
328 463
396 450
63 432
93 321
401 427
275 405
153 228
160 336
10 50
66 494
122 361
334 413
91 288
219 462
123 371
104 428
354 483
190 223
63 317
48 116
157 205
116 144
49 258
414 418
126 321
51 405
218 493
190 467
218 482
84 368
47 175
137 159
286 366
143 170
59 217
166 478
120 147
50 61
152 449
216 439
256 458
115 311
144 455
99 401
135 400
434 465
70 103
270 371
147 253
298 380
262 333
415 431
225 344
413 468
51 451
85 464
60 475
329 371
85 454
138 490
199 294
262 493
90 162
114 351
98 99
178 312
200 208
318 424
96 472
95 318
372 469
12 197
178 466
421 485
117 205
131 403
222 444
137 141
87 255
29 67
136 185
190 415
19 464
189 428
367 483
346 361
66 379
129 470
54 427
41 139
64 283
275 464
182 199
73 317
203 396
308 403
199 381
26 202
124 429
83 498
84 250
192 224
270 432
299 456
285 400
267 390
150 249
88 207
252 421
200 259
148 494
207 479
278 315
191 208
52 265
306 315
372 470
166 277
61 338
111 426
229 329
137 236
404 463
42 238
122 254
23 50
106 419
135 268
145 499
10 280
151 294
176 289
54 334
175 463
114 225
198 449
202 213
48 149
175 395
1 102
83 263
197 321
200 255
221 358
63 329
71 197
231 448
293 320
372 488
281 329
98 269
206 292
140 202
342 380
111 217
357 449
105 266
64 459
247 490
154 372
32 326
207 500
289 496
395 499
354 368
375 481
227 440
69 124
324 416
106 366
27 376
136 461
179 443
88 378
51 348
16 408
40 150
128 219
101 342
248 387
56 160
4 448
246 411
135 384
59 149
205 378
210 422
146 412
59 75
158 420
52 330
305 336
132 370
97 246
152 438
86 486
251 476
29 395
72 387
23 336
335 445
48 255
344 393
186 279
279 373
265 445
79 325
43 153
276 454
164 298
48 456
36 294
97 376
96 191
103 192
39 113
385 475
88 500
198 366
147 351
157 203
189 377
73 163
121 243
207 219
225 281
166 251
60 357
281 308
11 459
178 394
268 445
151 322
74 361
226 294
159 262
89 399
7 23
312 337
253 438
85 423
186 497
107 289
23 284
66 274
19 46
78 237
182 288
370 397
337 351
254 336
5 30
1 194
376 468
37 177
149 265
64 189
328 348
111 312
334 442
150 202
20 61
343 412
151 156
115 387
63 485
90 351
342 407
217 309
152 242
30 334
281 468
42 462
23 115
277 349
81 282
61 339
72 177
48 93
206 355
193 363
455 466
178 446
113 126
43 374
306 344
277 307
145 176
268 415
372 493
223 260
222 276
391 393
29 173
5 198
201 420
219 237
185 324
90 120
75 81
24 153
31 64
140 157
5 178
135 412
31 350
178 372
425 430
270 490
261 404
322 411
214 373
222 447
88 479
55 387
107 433
370 372
318 332
72 424
1 265
177 305
46 408
168 463
13 118
174 330
94 109
341 428
237 270
252 279
3 75
153 384
62 203
95 214
255 413
53 263
337 437
29 220
250 265
148 290
240 477
231 416
85 159
65 158
6 123
138 178
116 460
254 383
6 175
55 150
148 155
247 299
257 450
138 417
205 247
299 478
302 390
49 393
80 230
204 232
77 384
59 460
355 371
419 430
105 386
98 201
327 441
265 285
304 478
169 210
40 467
268 452
177 425
404 437
337 344
98 351
171 435
178 181
456 482
68 127
117 342
28 309
13 265
327 411
29 262
194 416
6 61
125 476
170 296
219 298
45 405
248 353
45 356
299 372
222 330
159 230
233 322
242 457
86 94
453 484
107 347
248 371
167 329
35 241
322 429
83 479
42 375
95 342
32 296
227 335
360 399
62 454
160 399
259 487
360 482
56 111
232 355
61 450
10 194
23 329
256 346
250 417
313 399
345 370
410 492
328 414
68 302
346 373
60 431
357 415
358 365
59 174
43 159
286 429
4 449
225 438
384 469
254 484
288 462
243 325
35 252
156 466
225 360
412 444
93 207
120 335
173 454
190 401
335 389
449 489
105 355
27 388
16 267
152 494
221 447
240 346
132 420
213 228
229 378
187 246
48 365
218 299
17 25
199 342
104 199
313 367
267 373
204 217
64 431
226 484
122 200
469 490
54 316
175 292
310 331
4 32
172 178
32 413
238 272
28 66
33 85
44 69
375 438
109 329
175 307
479 493
18 303
259 441
71 132
149 205
9 468
94 139
53 139
3 395
465 480
36 93
230 331
65 480
48 464
178 262
219 499
90 211
56 395
260 369
140 336
225 307
186 446
47 250
184 456
320 453
223 290
168 278
376 448
284 466
168 461
383 434
303 393
250 301
83 207
56 452
138 407
244 269
22 329
255 346
78 393
348 368
65 317
268 365
57 474
77 83
237 479
59 401
112 387
105 403
196 369
48 254
375 413
301 480
89 117
135 212
184 457
289 461
22 456
113 500
130 466
333 454
83 114
4 284
142 146
50 231
295 400
130 134
59 283
126 269
1 52
78 402
33 250
26 336
30 297
122 256
136 163
254 278
70 387
223 339
281 426
324 498
60 85
49 190
156 275
205 420
117 494
332 353
17 279
15 308
2 339
249 468
29 114
231 359
351 398
420 447
103 365
27 57
12 381
149 448
53 336
296 339
53 396
164 288
366 500
42 400
221 439
46 307
69 472
131 354
317 376
101 404
108 450
235 467
170 254
281 291
145 193
182 310
30 467
327 479
215 257
441 493
17 227
242 321
76 323
116 478
220 438
343 347
135 200
205 335
150 214
427 471
266 370
331 365
275 325
24 199
154 320
117 419
147 188
237 401
264 294
104 381
117 266
54 210
29 104
97 147
150 300
310 421
71 252
212 486
230 233
87 496
189 271
35 201
264 412
256 401
294 463
246 332
193 392
217 444
107 121
11 157
134 327
304 416
238 358
18 300
284 307
110 211
17 415
213 250
19 372
35 213
57 229
23 227
397 498
111 253
119 125
323 454
186 429
138 146
19 89
240 437
76 402
17 34
286 421
295 473
175 373
193 199
314 481
280 441
10 69
228 498
299 477
75 387
187 319
11 323
229 230
212 269
96 169
342 431
149 379
203 244
159 272
209 425
191 316
159 411
33 477
369 430
257 286
387 388
188 306
396 491
33 235
285 287
241 314
421 478
79 478
142 198
161 389
145 168
31 166
134 366
43 259
6 256
291 369
239 406
59 64
36 258
54 87
261 488
65 224
95 179
478 489
465 473
144 335
387 409
47 332
180 399
55 414
116 498
80 137
27 136
194 298
103 177
58 293
86 198
237 449
274 437
286 332
39 366
342 360
206 310
234 310
111 420
22 416
262 444
86 262
214 424
287 482
94 464
177 374
183 318
155 289
94 379
33 379
259 361
312 495
201 427
102 219
275 400
422 448
320 479
213 222
39 470
391 461
222 384
119 156
305 458
63 158
84 307
54 62
113 371
24 109
111 165
149 463
10 247
257 314
159 163
131 438
97 217
139 447
79 149
98 350
44 440
85 220
307 382
66 447
78 166
149 226
160 474
43 373
105 431
201 451
1 267
145 173
60 417
84 113
128 180
74 140
74 96
215 273
152 419
170 441
6 464
410 482
6 436
190 231
23 270
170 173
99 238
206 221
46 135
246 348
75 228
357 439
126 242
98 358
148 317
69 117
270 442
316 462
274 478
199 436
281 417
107 123
44 500
144 178
12 93
3 387
190 308
121 133
193 332
121 413
321 378
264 358
104 259
339 484
61 284
59 309
51 123
241 397
1 190
394 466
318 460
166 233
145 275
468 477
213 219
119 322
287 301
117 257
110 442
42 183
278 386
240 307
116 452
155 334
98 138
78 232
137 239
266 333
143 340
400 485
132 465
262 366
35 339
34 93
89 390
21 167
88 451
161 499
233 395
250 271
304 413
375 443
48 369
350 450
416 438
14 97
277 479
312 451
174 375
171 217
25 401
9 400
206 219
439 461
152 270
368 411
167 242
460 480
88 114
250 439
177 343
195 370
178 211
12 164
390 424
211 364
34 395
26 142
189 232
59 139
135 364
238 344
99 137
260 495
75 366
4 430
140 146
206 465
40 311
410 491
244 316
116 451
246 276
182 341
16 131
204 458
138 283
160 169
386 492
236 293
299 468
203 412
139 429
190 220
166 371
186 192
154 287
28 228
130 450
108 232
197 374
181 359
175 192
108 455
186 377
127 499
229 397
225 286
274 498
261 439
128 151
161 477
217 245
219 228
80 183
37 86
35 151
64 76
237 419
48 105
19 349
132 335
251 484
32 380
20 255
78 430
306 440
290 297
412 461
159 209
208 273
289 472
119 203
230 288
2 34
17 191
191 247
15 196
68 371
214 251
151 389
108 213
41 86
200 218
42 496
12 132
94 209
269 294
9 238
4 241
295 419
264 476
216 334
162 211
12 389
244 320
40 216
115 421
171 452
230 282
274 427
209 455
417 465
47 317
261 466
387 483
119 266
68 398
127 216
166 254
92 211
19 285
106 223
277 285
85 470
405 433
133 404
111 435
369 496
231 443
25 55
100 161
163 407
432 446
111 436
164 203
414 433
124 334
97 103
159 290
118 461
126 153
160 427
12 237
46 115
15 237
364 481
31 403
352 450
78 346
67 245
151 245
268 447
3 484
390 451
148 270
468 487
7 424
235 452
152 456
30 410
238 491
251 402
134 157
456 480
407 471
57 206
73 173
174 442
40 374
87 381
400 412
32 277
383 466
364 495
337 479
224 409
453 492
87 385
204 277
231 395
25 154
47 84
265 468
225 271
137 478
106 332
287 294
7 428
268 404
312 317
147 209
83 500
38 296
188 303
146 154
45 463
196 429
143 168
44 471
82 94
413 494
59 268
300 423
128 342
54 370
98 134
191 430
344 369
92 248
124 476
232 452
324 479
60 361
57 392
303 464
313 389
305 344
344 389
280 411
40 299
152 164
9 405
127 148
31 189
135 181
294 446
44 409
90 258
22 56
249 488
232 396
116 159
242 355
70 484
11 107
6 317
57 163
39 433
223 375
480 485
215 430
222 271
94 272
185 298
73 153
337 444
74 464
103 268
144 152
432 475
194 212
69 273
99 306
65 356
387 468
118 464
217 221
71 485
26 448
155 268
141 415
161 169
218 364
312 422
264 414
203 321
128 166
251 428
165 208
234 463
35 383
139 485
314 378
392 443
222 470
12 473
164 404
21 367
367 491
34 440
160 361
168 342
181 310
295 415
19 246
117 249
66 185
47 119
73 406
130 463
61 391
283 357
101 497
343 416
82 434
143 477
97 358
59 99
70 88
131 385
319 324
25 403
168 340
74 259
377 431
63 448
194 293
132 349
135 239
349 457
220 435
197 198
140 302
13 419
259 347
211 443
231 290
243 322
47 129
244 251
15 407
342 391
248 303
278 415
111 289
245 423
344 419
84 278
122 310
404 495
321 423
37 171
168 201
277 482
105 406
8 331
210 300
48 395
226 267
244 300
147 383
322 462
96 323
13 63
239 424
7 191
263 408
208 382
277 483
100 167
230 425
170 344
47 426
145 219
177 391
23 199
89 317
269 497
25 45
10 333
190 432
31 382
170 239
37 334
103 133
29 137
33 69
307 478
394 437
241 416
188 244
191 256
365 383
345 460
148 173
264 348
104 484
75 296
25 92
55 496
81 244
400 435
94 201
137 251
294 318
206 240
246 274
209 289
227 485
407 489
187 272
68 445
103 422
15 67
279 387
112 455
201 494
207 354
74 324
194 346
168 355
25 416
69 136
41 307
22 85
115 329
165 429
209 229
171 412
379 418
35 348
79 212
125 395
50 125
51 166
276 479
247 437
3 105
52 234
124 452
281 341
162 400
377 422
357 383
79 324
33 274
267 310
174 277
335 486
77 460
218 365
159 360
77 296
316 497
107 188
34 174
333 475
248 468
173 440
68 487
82 300
156 462
185 318
10 456
339 465
329 467
266 276
57 90
54 292
144 416
258 483
300 334
360 385
33 247
439 475
271 432
57 315
289 377
376 408
276 306
54 372
413 480
371 427
1 210
107 238
225 403
2 268
134 331
334 415
69 284
367 368
194 392
74 375
305 443
130 209
17 468
92 114
326 449
68 430
362 442
433 487
21 85
73 148
147 332
1 166
34 264
112 237
95 302
444 493
44 445
37 192
206 404
197 354
72 152
133 271
334 491
296 458
259 355
154 270
4 459
267 349
160 205
37 165
375 416
103 124
26 314
30 119
1 266
183 416
323 395
304 469
315 378
185 231
87 189
41 251
173 292
168 196
127 412
34 269
1 8
139 252
180 302
75 276
42 109
40 497
434 461
206 423
28 481
156 271
28 173
193 388
442 463
49 275
11 449
50 267
280 281
329 391
137 483
83 465
178 250
88 340
131 473
290 335
45 182
227 363
81 106
44 260
83 415
312 458
356 423
124 229
56 328
253 305
37 455
459 498
166 404
176 367
10 268
19 119
242 433
55 200
134 401
48 82
474 484
228 414
63 459
249 453
6 194
83 440
348 365
7 355
379 385
105 330
437 473
194 262
71 402
327 407
265 425
10 325
70 76
128 168
336 458
101 474
26 226
170 196
30 53
364 462
134 162
30 324
52 256
200 290
97 387
186 328
235 378
329 400
350 372
158 299
59 392
294 309
84 397
201 395
131 452
144 396
259 366
117 440
139 334
84 102
43 55
165 394
155 220
207 445
128 283
93 244
63 496
203 344
360 364
27 353
130 312
77 159
132 495
114 425
78 87
115 161
206 271
365 372
68 146
65 171
178 196
452 472
55 479
79 231
19 37
370 448
69 451
49 388
107 221
347 474
58 342
172 239
40 425
97 433
27 65
363 404
255 295
75 341
93 295
71 446
325 400
78 202
34 252
141 156
187 450
25 325
225 377
234 370
431 480
196 261
151 296
58 239
301 373
66 77
39 266
20 434
305 379
70 79
43 423
305 397
253 465
129 263
121 258
11 128
27 76
129 440
178 204
180 339
360 411
39 122
31 340
190 405
87 368
270 454
24 126
411 441
280 379
263 489
217 234
27 86
257 401
42 176
304 419
84 154
397 448
266 277
91 260
243 249
207 372
183 406
52 422
335 451
105 316
106 233
252 312
71 234
62 423
17 304
152 179
174 449
263 397
153 208
255 475
45 257
3 349
132 437
243 441
349 499
83 141
71 227
2 399
156 334
161 299
268 348
319 492
328 409
32 122
212 467
157 173
268 318
65 448
72 315
312 482
19 417
135 388
18 187
37 277
43 327
79 203
99 307
263 359
303 345
350 409
197 358
242 347
360 447
235 252
138 304
157 177
125 181
22 274
30 444
129 457
66 267
151 223
97 468
107 151
292 385
104 483
224 417
364 438
364 431
98 298
345 492
230 258
175 281
240 298
73 222
225 277
367 416
165 226
30 140
161 446
329 430
84 125
335 441
287 293
269 486
366 458
154 176
386 410
106 214
65 180
35 80
72 415
174 374
165 247
390 479
245 473
99 217
244 336
102 155
107 278
48 394
78 191
86 112
70 443
332 500
204 248
152 427
249 361
129 422
217 326
4 405
311 348
175 378
14 112
16 335
267 487
245 391
117 332
113 277
147 319
230 459
41 414
250 276
205 499
321 386
19 185
108 396
472 497
182 239
304 381
298 337
187 197
141 218
234 398
156 435
159 465
349 370
296 385
136 228
25 67
70 176
245 484
204 450
147 223
163 440
22 397
28 250
158 361
193 421
95 447
256 420
247 389
28 372
237 371
98 445
221 478
174 415
130 265
55 469
132 486
26 242
281 457
126 415
51 493
152 467
10 105
123 435
58 339
148 462
214 314
240 301
409 473
181 184
254 257
115 267
396 420
216 491
18 126
214 290
103 383
137 186
148 310
348 433
430 437
398 499
429 477
140 227
183 344
176 231
240 412
36 120
388 439
59 197
219 386
75 240
191 447
331 342
27 155
437 470
4 471
109 500
230 352
192 406
50 425
300 364
96 447
67 215
125 246
195 328
114 239
58 86
1 303
360 398
281 433
207 223
57 62
206 307
129 213
4 433
474 477
97 472
33 452
241 452
462 463
101 125
207 278
55 370
385 455
160 429
229 393
78 421
232 376
185 447
22 453
50 198
8 183
46 403
328 394
45 159
292 390
60 128
19 465
47 353
167 276
214 341
239 402
134 446
196 411
168 435
189 444
106 124
118 161
231 335
364 369
332 374
263 452
334 382
79 469
37 406
94 496
49 469
356 369
226 344
259 276
63 172
145 487
31 298
89 364
140 455
212 310
33 259
2 480
167 234
34 192
146 305
225 245
52 227
204 343
112 300
252 436
2 231
163 437
400 414
188 284
40 128
195 366
26 489
61 427
300 313
218 265
224 334
161 282
84 244
272 428
348 495
369 385
255 453
113 115
12 134
47 177
190 417
189 325
170 316
212 332
180 433
91 219
250 396
293 338
159 414
249 486
208 470
43 494
70 183
58 193
103 181
75 477
80 221
155 382
193 442
187 335
67 227
35 456
218 239
97 369
78 184
165 177
158 213
211 447
291 457
225 266
71 494
152 429
48 261
17 208
170 395
53 163
196 362
22 405
245 387
375 459
94 385
120 222
81 465
119 219
258 381
102 448
249 339
217 419
327 334
20 453
72 91
165 256
182 412
55 193
66 231
153 200
297 357
399 500
102 409
225 313
153 459
50 216
181 210
311 462
71 417
94 291
112 262
205 257
100 370
263 351
182 275
128 470
408 420
213 397
281 311
166 449
65 168
260 471
90 365
71 93
246 347
192 212
67 268
119 126
207 382
138 238
44 83
89 299
37 329
264 276
200 251
25 301
136 200
332 389
361 456
454 465
245 462
182 349
139 335
223 454
442 447
124 190
71 374
185 303
78 247
26 230
38 244
156 397
487 496
11 415
122 394
141 347
427 453
18 293
129 420
90 222
41 485
165 428
128 495
169 231
149 492
58 269
2 134
118 248
141 385
91 306
226 347
163 260
111 156
44 57
179 471
202 427
309 388
213 474
253 409
291 308
468 496
138 375
350 428
52 54
36 328
154 406
112 386
27 443
83 425
357 469
201 249
216 276
138 432
41 116
67 98
339 408
430 459
97 141
96 361
10 19
101 488
253 481
150 281
99 392
296 398
73 425
321 340
137 498
16 248
170 392
262 472
69 149
397 440
129 442
145 478
182 367
112 274
388 461
268 273
397 427
334 427
66 453
64 118
10 403
221 490
138 235
204 459
143 189
4 315
305 341
242 359
68 187
315 355
89 127
368 415
26 81
93 429
259 402
71 483
4 436
91 103
152 281
209 321
134 407
37 434
81 181
353 431
51 106
25 396
114 150
24 295
129 492
269 420
239 240
273 291
1 207
177 483
232 343
124 423
107 303
427 490
135 278
37 110
214 477
66 237
399 498
79 316
474 500
50 500
267 431
171 445
119 498
52 399
373 391
106 189
10 26
293 498
54 429
79 450
282 459
104 217
246 397
247 400
48 117
63 378
51 362
15 473
69 188
76 226
71 202
101 363
288 465
151 383
325 397
169 350
261 316
454 486
29 236
133 337
169 243
46 495
24 79
244 442
174 282
260 469
120 232
331 399
329 420
119 204
111 321
268 321
177 485
29 475
96 340
164 233
154 272
130 417
106 200
3 483
163 363
202 383
453 462
274 482
249 447
323 420
102 316
303 333
423 472
255 401
93 353
137 258
150 169
18 438
189 335
44 112
295 482
41 183
334 339
244 245
209 438
225 407
130 493
86 369
235 471
224 461
155 319
122 137
289 455
4 105
131 345
50 94
9 189
73 190
249 490
186 341
9 366
65 267
99 498
55 131
375 441
307 333
176 270
213 345
190 380
291 459
143 302
96 474
96 218
147 367
174 389
76 454
262 409
277 458
304 486
61 435
135 426
42 151
421 493
324 425
117 296
41 328
181 204
200 295
69 315
375 402
202 446
213 490
41 465
20 371
351 400
75 132
132 263
293 402
369 415
121 279
182 220
133 269
87 461
341 361
246 459
287 395
126 224
184 393
281 358
133 347
10 415
251 300
93 494
206 211
36 407
316 401
135 183
353 447
199 290
375 389
248 438
93 138
15 229
200 314
238 393
175 428
117 237
89 383
11 66
127 482
259 435
91 176
127 393
73 131
74 273
99 374
247 365
438 451
195 385
22 403
177 393
36 414
34 324
80 220
239 413
154 390
277 473
73 218
3 176
126 369
10 281
145 245
66 222
328 387
89 234
200 291
71 265
118 169
165 359
56 453
156 202
8 54
79 126
9 179
334 488
343 373
46 289
40 278
51 234
123 420
125 315
385 411
172 375
270 435
238 391
41 461
61 370
215 293
83 128
72 297
120 425
47 193
350 421
90 193
245 326
217 291
331 457
268 436
213 416
256 369
78 101
234 313
7 496
12 124
89 366
14 443
330 449
356 460
301 429
38 127
71 372
107 200
85 369
95 367
71 221
119 360
79 330
72 336
136 176
238 348
263 478
177 398
207 306
65 456
29 498
10 275
444 460
23 45
163 399
88 494
218 351
83 357
32 487
304 439
381 422
431 483
106 145
11 300
103 281
157 337
46 332
5 303
317 477
217 247
261 467
277 420
356 491
67 117
108 428
172 361
125 214
209 479
173 357
111 361
394 489
184 279
139 239
66 87
187 281
243 418
175 392
103 158
27 456
374 403
344 395
128 498
354 407
13 373
56 498
35 88
311 326
87 166
160 403
281 378
284 338
121 463
208 407
351 473
316 369
75 97
25 314
189 405
118 346
119 184
287 420
231 444
17 417
81 325
85 370
72 90
322 438
456 469
217 253
128 477
85 204
282 401
273 433
422 456
445 474
81 94
159 242
174 428
82 224
214 252
388 444
51 121
187 456
235 323
59 383
24 212
33 84
101 398
139 168
61 207
13 61
36 216
449 453
267 277
426 459
52 217
236 466
76 378
41 445
38 304
227 384
88 139
117 183
145 341
45 244
276 289
216 468
48 230
45 238
22 210
233 317
60 221
262 438
114 452
48 160
122 273
198 374
49 344
98 259
7 236
38 120
16 88
450 492
121 148
354 367
329 358
185 494
31 301
120 279
83 351
80 238
242 445
394 499
64 463
312 427
34 262
162 250
32 145
344 406
158 186
36 211
52 204
51 444
217 485
319 335
289 433
160 193
166 214
87 362
351 404
148 327
429 478
78 283
387 470
17 326
73 484
59 352
429 459
196 364
195 348
97 489
10 400
39 52
162 451
144 261
152 337
221 467
92 295
331 453
131 148
212 293
362 461
70 181
300 490
18 66
216 297
114 185
13 97
38 364
86 189
150 488
44 56
400 439
140 365
153 252
224 317
145 272
5 234
399 408
317 416
263 473
6 316
240 342
136 464
29 340
144 176
375 401
83 192
5 57
256 298
50 276
58 458
332 398
149 366
62 103
299 387
18 240
296 406
104 235
10 294
92 386
123 131
9 153
378 458
256 327
116 121
68 440
71 481
341 447
353 367
34 200
235 240
220 462
171 248
210 240
51 253
29 35
344 420
99 442
264 384
49 168
66 444
204 469
156 375
294 456
46 117
148 245
340 500
159 415
198 241
236 486
19 262
367 437
104 489
86 484
75 111
148 439
211 362
452 455
111 228
347 467
147 337
115 123
98 173
214 431
22 253
202 409
66 162
62 395
341 433
311 495
156 323
21 130
28 156
336 451
175 266
85 419
252 451
93 388
105 291
122 302
224 232
441 498
174 205
90 319
457 483
110 257
1 223
350 485
25 382
102 313
102 392
86 471
13 73
296 361
8 69
56 128
154 171
62 291
20 372
180 362
123 152
86 280
102 384
35 199
162 262
228 433
365 489
126 247
136 293
234 309
10 440
22 126
118 471
388 427
194 480
317 455
113 136
119 471
78 131
75 452
246 392
465 490
282 440
242 318
106 462
66 478
286 298
50 306
103 135
313 484
28 230
147 255
112 459
18 108
195 347
178 413
224 230
234 495
455 472
219 256
395 471
135 290
62 424
24 117
3 366
54 474
391 488
375 476
291 404
69 95
49 66
116 373
293 391
115 494
117 345
184 483
212 423
70 386
292 324
9 69
84 450
68 413
42 168
8 75
332 443
146 278
280 406
32 55
43 441
362 470
414 441
29 481
81 285
16 463
201 357
257 427
104 424
126 250
20 442
122 486
248 410
206 450
202 434
51 464
30 207
394 416
178 183
1 118
185 306
85 192
435 461
40 360
336 463
172 173
61 402
351 427
45 436
367 450
34 101
3 296
168 498
433 457
42 81
72 495
21 283
207 462
89 408
136 446
296 395
102 378
335 499
49 138
304 392
236 403
55 374
204 341
21 103
301 465
2 205
205 441
220 292
100 166
191 344
232 257
348 454
471 475
300 450
336 399
94 393
354 469
222 298
4 396
275 449
194 272
132 478
225 424
146 175
82 89
22 142
181 395
37 490
15 311
13 170
26 231
154 230
65 307
148 356
298 347
114 449
9 348
8 230
8 248
246 356
35 315
259 446
155 282
400 409
21 359
22 404
213 410
61 204
113 351
404 413
315 496
334 416
268 428
76 160
196 494
324 367
414 484
68 328
81 213
276 403
101 249
266 326
186 358
32 232
409 455
125 420
2 152
143 235
21 202
129 476
143 498
12 270
356 415
141 435
80 264
12 351
195 471
388 482
163 234
274 291
204 298
169 178
324 494
161 332
98 337
15 79
36 278
342 467
38 312
261 384
50 456
258 281
106 422
52 144
154 217
89 295
97 122
167 177
123 362
34 490
404 450
43 207
199 207
139 158
230 376
280 309
393 409
394 400
75 412
196 460
197 484
201 270
52 64
43 347
367 485
26 359
99 415
225 282
95 446
263 495
242 480
453 497
50 261
440 476
91 490
212 472
204 246
255 436
347 400
29 452
406 444
286 305
49 372
44 425
123 176
9 130
477 489
229 387
104 112
193 407
421 442
197 479
103 229
321 412
268 470
65 370
207 343
89 283
83 277
72 294
52 65
171 265
265 409
311 498
175 349
224 339
94 433
71 358
263 428
27 493
221 329
264 405
313 495
182 209
146 314
255 488
49 54
57 235
97 99
231 399
446 455
37 489
303 314
16 333
233 387
416 465
39 165
470 494
278 480
80 255
137 226
122 334
251 417
92 422
19 473
279 403
61 238
330 395
28 150
20 172
130 254
465 492
201 416
324 457
248 419
149 271
295 479
21 232
103 174
279 472
186 230
248 361
41 182
405 479
128 235
30 478
81 388
43 178
108 449
299 415
355 395
292 455
46 383
322 413
208 292
130 193
168 420
192 352
411 450
52 133
46 382
222 231
245 273
387 446
172 405
233 458
40 358
366 374
418 470
251 490
82 250
82 412
141 159
321 486
17 186
119 433
142 496
71 124
324 424
29 77
287 405
210 372
210 250
139 401
155 256
72 147
184 414
57 372
20 158
253 367
286 398
240 358
53 171
318 451
7 174
268 472
95 332
122 134
19 469
222 234
179 440
13 151
214 239
253 429
298 333
256 475
118 465
152 313
211 277
271 373
15 195
369 417
179 391
85 270
7 137
52 416
102 187
212 286
137 276
214 363
171 267
303 356
29 312
5 35
53 245
69 482
276 497
154 314
42 91
215 474
14 44
71 204
292 430
205 344
45 58
290 482
64 462
185 307
99 397
200 486
36 417
182 278
184 474
48 100
59 252
197 428
70 172
31 304
195 389
85 306
54 433
313 373
366 424
127 374
110 240
44 236
274 454
249 336
121 443
83 466
398 477
344 446
389 473
206 399
15 171
127 425
328 492
284 480
129 189
87 278
105 345
38 206
155 189
254 303
216 293
253 344
174 326
118 171
99 385
281 493
40 229
2 421
101 388
353 490
217 364
161 474
239 310
381 465
118 335
90 414
89 124
349 364
61 373
59 172
42 323
21 157
88 297
293 410
99 347
130 289
261 469
271 310
9 399
242 376
69 193
21 118
402 411
53 88
137 205
58 427
338 345
273 452
86 363
168 302
209 492
247 448
204 473
369 424
250 273
12 35
9 465
156 172
29 494
90 210
177 299
150 399
211 275
427 436
347 499
61 67
104 334
477 487
118 392
162 473
271 406
120 376
112 225
417 474
128 493
6 411
31 427
152 433
48 345
377 382
64 479
299 310
457 484
301 350
192 423
153 326
210 369
83 187
145 362
254 396
13 281
289 422
146 482
96 250
218 300
105 292
17 327
81 166
84 153
264 338
9 63
40 303
33 138
66 468
182 374
57 173
124 421
171 215
67 350
286 346
188 226
67 179
304 391
154 403
99 176
50 173
36 262
318 355
241 329
107 389
221 323
83 165
95 114
301 420
43 74
488 489
28 335
47 425
235 442
384 390
156 161
366 412
109 237
96 491
384 430
209 364
166 243
81 314
55 364
114 170
9 252
47 196
350 493
103 470
187 490
46 78
82 231
110 165
29 463
297 368
258 439
376 383
207 489
82 88
305 485
253 467
74 481
148 431
56 443
44 442
104 214
16 298
317 438
327 485
355 426
24 235
236 408
152 223
246 379
33 313
307 437
180 296
66 164
426 434
192 459
1 172
46 89
16 244
39 454
82 287
34 346
29 49
10 344
259 367
3 190
275 409
228 492
38 460
13 65
57 170
41 154
64 466
141 391
96 431
75 115
410 422
73 356
297 310
119 174
253 283
277 437
186 203
296 427
156 286
226 357
171 206
467 469
65 415
70 263
46 222
373 437
246 266
325 350
126 238
436 469
265 489
82 411
409 413
76 395
167 309
149 363
60 472
359 469
255 402
72 350
362 438
228 259
148 265
149 424
356 386
115 483
43 346
218 459
125 326
466 479
278 463
30 314
407 498
81 158
356 496
402 439
25 250
200 244
27 371
154 228
202 247
48 92
93 302
31 66
82 489
5 407
55 439
9 50
210 223
137 305
430 478
73 223
110 410
325 371
121 223
298 305
174 498
275 307
19 386
107 349
240 302
433 481
27 77
243 427
145 376
158 336
251 380
428 490
394 452
54 331
34 342
141 173
201 495
117 193
154 477
110 439
54 431
160 246
152 311
319 355
22 451
98 297
101 346
164 270
78 133
210 425
445 462
86 417
53 201
143 487
200 393
115 345
165 448
74 483
42 157
15 186
13 233
2 289
36 452
315 392
23 394
191 262
210 457
67 111
308 320
116 381
156 444
251 489
332 417
481 499
11 356
36 117
147 375
326 404
287 339
74 199
244 246
35 212
441 483
447 493
95 142
311 371
152 458
228 437
147 356
237 481
112 294
6 156
383 418
181 286
183 321
415 464
338 393
470 486
101 387
129 374
130 215
211 291
46 250
80 202
287 367
317 363
62 467
275 418
194 358
24 264
159 478
302 381
102 249
167 201
291 495
111 209
236 251
117 370
319 392
355 401
239 467
393 433
7 187
242 412
31 262
385 497
86 495
33 107
161 331
5 421
230 500
135 365
232 240
90 298
131 298
112 284
9 113
130 227
239 242
31 47
103 176
92 103
80 181
296 486
261 283
305 442
33 45
74 242
149 223
73 91
124 329
139 149
69 131
254 485
118 244
32 401
236 480
160 312
257 448
230 377
483 488
452 476
393 443
96 110
70 329
79 328
261 317
109 369
16 410
1 405
28 381
186 442
47 298
123 241
359 398
40 125
21 356
219 343
133 360
143 256
51 304
37 185
2 391
190 363
142 223
343 435
182 262
151 441
41 430
216 389
143 210
54 376
2 422
152 218
263 388
165 458
174 393
367 410
249 344
96 101
200 351
110 493
263 329
256 465
334 471
43 348
123 346
73 216
85 322
6 483
44 374
302 325
85 472
51 118
410 429
227 365
221 477
133 363
108 319
96 214
261 490
132 392
105 206
61 245
23 382
407 464
281 486
8 479
149 327
355 366
19 106
127 259
277 357
88 344
134 326
97 138
220 342
37 130
55 322
227 329
134 245
72 85
335 485
10 245
157 382
181 407
391 459
54 291
144 333
358 451
307 349
11 410
109 266
114 325
73 157
41 56
242 364
52 496
246 277
139 329
188 412
194 322
67 351
33 301
237 478
205 298
335 339
258 467
94 415
193 424
283 290
73 99
7 326
57 249
86 376
37 154
204 433
54 255
149 324
75 429
176 494
198 306
452 490
382 428
320 500
206 385
142 433
230 373
11 367
186 403
40 191
40 59
14 404
306 432
93 310
119 457
251 498
35 163
3 460
33 319
182 479
149 362
288 473
288 430
206 418
330 415
72 330
168 177
148 194
214 494
166 355
10 55
12 108
105 494
55 120
311 403
106 261
325 454
186 478
151 323
276 467
171 484
127 184
22 359
93 284
103 353
28 157
204 340
196 256
28 433
112 317
341 405
153 357
149 453
135 418
103 154
428 483
148 313
10 160
81 364
65 157
232 385
176 442
174 199
58 281
148 417
71 158
185 422
361 487
53 361
51 432
146 461
129 412
250 381
33 257
137 326
118 210
113 175
199 304
172 329
30 336
354 473
28 397
215 282
219 477
79 423
217 465
9 190
249 353
93 189
76 462
178 461
181 413
421 463
121 265
41 284
142 183
274 313
134 400
334 437
239 305
28 338
151 460
51 274
46 291
65 212
58 211
198 232
98 234
135 317
451 462
86 394
28 262
66 325
99 373
93 352
201 465
40 443
261 319
309 352
298 386
203 360
332 360
289 499
141 389
41 87
208 499
139 303
217 351
117 385
108 245
67 414
144 206
85 248
195 289
65 345
50 220
9 356
53 433
36 65
262 400
97 463
58 409
3 234
90 149
205 284
220 447
52 487
280 448
144 226
141 273
138 258
116 198
235 354
111 174
78 198
165 194
9 103
136 347
109 117
111 146
285 289
91 222
83 448
133 266
88 398
85 238
90 269
256 408
257 322
332 356
50 321
155 251
73 195
9 369
92 298
182 313
322 386
291 447
47 354
37 418
26 88
293 316
51 206
100 121
58 374
14 236
236 483
253 483
104 485
390 472
30 191
177 269
360 477
381 423
29 435
136 443
295 472
242 257
174 495
208 398
263 399
247 477
93 187
31 399
223 246
90 140
47 429
185 280
216 381
73 118
91 497
60 353
360 457
23 198
431 450
203 208
255 280
41 221
269 369
309 473
209 387
174 324
10 491
155 488
300 358
6 144
3 194
119 280
127 440
93 363
318 360
175 366
351 406
57 263
296 495
113 423
370 460
351 467
131 430
188 223
95 352
74 352
218 374
173 342
174 329
32 343
202 464
341 401
390 484
97 312
86 206
104 174
324 459
158 328
9 42
2 10
96 316
94 244
270 302
383 498
250 483
136 207
256 441
208 463
289 311
189 334
167 228
71 422
26 490
204 227
231 431
82 309
57 488
267 363
35 105
307 323
43 238
370 495
181 294
98 411
113 168
350 397
250 490
12 275
81 198
143 323
99 191
259 476
283 401
237 303
55 189
138 399
257 373
175 324
170 363
342 474
48 331
70 488
328 384
96 203
140 147
226 247
271 423
50 295
93 151
323 408
22 180
293 294
114 444
8 178
80 398
17 61
49 369
65 201
1 369
154 190
81 303
33 46
283 414
202 242
362 384
299 385
245 403
13 14
208 375
290 476
130 284
115 377
13 319
386 463
261 434
343 360
49 129
171 263
88 292
183 205
24 64
17 348
396 438
40 178
85 348
51 428
195 322
16 126
7 284
152 237
194 488
167 434
5 11
151 259
96 416
185 296
62 83
182 229
283 352
188 374
335 355
180 212
116 280
172 428
194 456
287 461
348 486
362 480
105 319
77 367
80 347
234 320
227 377
73 369
308 493
48 281
79 227
280 368
134 344
67 291
53 61
102 195
105 454
170 498
56 358
228 473
107 180
414 499
4 307
154 250
181 221
43 350
352 468
41 459
337 369
113 470
310 370
42 262
165 478
53 473
12 387
122 266
23 230
97 279
415 442
1 418
64 179
221 382
171 230
75 421
49 178
89 434
60 411
199 471
243 445
155 480
157 377
248 473
59 243
39 174
73 455
225 372
62 275
280 314
45 445
149 310
170 346
91 192
261 449
224 374
258 315
252 448
153 491
151 412
180 299
146 472
96 383
108 336
287 379
346 469
296 474
174 233
398 431
390 466
140 429
56 153
115 332
126 466
68 464
53 380
82 114
417 496
66 212
105 433
99 394
198 311
257 280
24 343
260 315
450 483
174 291
187 412
107 346
75 339
155 497
75 290
85 465
202 342
322 387
144 338
235 373
269 467
165 344
80 440
27 328
261 427
253 425
321 428
362 420
12 20
24 39
115 374
155 321
20 26
425 476
20 384
114 247
62 315
257 442
103 474
216 311
388 446
169 212
336 338
128 253
232 298
61 85
381 393
78 386
327 444
268 464
66 278
294 313
113 397
255 492
309 463
233 293
242 414
66 343
324 490
288 331
158 367
354 426
68 401
289 486
21 106
13 249
109 271
301 393
178 289
173 419
175 331
163 454
404 493
301 462
335 386
4 115
320 460
352 405
96 403
117 371
255 264
202 369
271 364
217 461
173 224
148 387
21 404
43 466
296 331
180 471
24 87
85 320
164 444
167 447
162 327
294 390
394 409
175 298
33 471
247 274
123 366
187 497
227 374
195 468
226 233
42 492
