236
1 13
13 14
14 15
15 12
12 9
9 3
3 31
31 40
40 23
23 7
7 19
19 37
37 54
54 8
8 1
10 19
19 32
32 4
4 5
5 11
11 10
26 10
10 2
2 26
1 30
30 5
5 35
35 12
12 20
20 26
26 1
18 14
14 16
16 25
25 17
17 29
29 33
33 84
84 7
7 38
38 10
10 28
28 2
2 34
34 3
3 18
45 33
33 38
38 9
9 42
42 23
23 45
14 39
39 25
25 45
45 26
26 28
28 14
6 49
49 22
22 56
56 44
44 14
14 53
53 30
30 47
47 31
31 6
19 72
72 5
5 57
57 13
13 104
104 3
3 75
75 6
6 61
61 16
16 35
35 18
18 59
59 19
1 52
52 39
39 24
24 64
64 2
2 50
50 9
9 48
48 21
21 85
85 19
19 46
46 1
17 49
49 10
10 55
55 27
27 17
17 41
41 56
56 34
34 17
13 76
76 23
23 50
50 10
10 61
61 13
69 9
9 63
63 13
13 65
65 12
12 52
52 36
36 17
17 66
66 11
11 67
67 2
2 69
25 67
67 15
15 79
79 9
9 123
123 6
6 110
110 23
23 107
107 11
11 109
109 17
17 61
61 20
20 55
55 25
65 36
36 99
99 12
12 93
93 5
5 111
111 56
56 51
51 33
33 46
46 40
40 57
57 27
27 65
37 49
49 29
29 35
35 65
65 25
25 50
50 42
42 37
1 108
108 12
12 103
103 9
9 86
86 37
37 83
83 4
4 81
81 10
10 69
69 8
8 126
126 16
16 88
88 1
32 52
52 22
22 58
58 45
45 32
45 79
79 24
24 109
109 22
22 85
85 25
25 72
72 45
32 69
69 33
33 78
78 45
45 73
73 13
13 97
97 20
20 76
76 35
35 62
62 32
50 65
65 41
41 18
18 81
81 26
26 82
82 33
33 85
85 32
32 55
55 38
38 50
40 59
59 50
50 40
1 118
118 13
13 91
91 18
18 66
66 31
31 64
64 39
39 72
72 42
42 55
55 49
49 54
54 84
84 47
47 70
70 40
40 94
94 1
19 106
106 63
63 43
43 55
55 46
46 89
89 19
44 64
64 52
52 54
54 62
62 57
57 44
67 69
69 44
44 61
61 67
29 76
76 27
27 86
86 67
67 29
29 93
93 36
36 120
120 15
15 77
77 29
75 51
51 65
65 73
73 104
104 29
29 75
75 59
59 64
64 55
55 54
54 80
80 35
35 86
86 49
49 66
66 28
28 125
125 40
40 75
75 50
50 61
61 53
53 60
60 46
46 75
35 97
97 14
14 111
111 24
24 87
87 26
26 88
88 35
1 122
122 32
32 100
100 35
35 90
90 43
43 74
74 44
44 83
83 66
66 77
77 27
27 81
81 75
75 8
8 112
112 5
5 119
119 19
19 96
96 7
7 102
102 1
30 143
143 19
19 121
121 68
68 53
53 79
79 58
58 30
21 106
106 33
33 107
107 30
30 103
103 21
60 85
85 72
72 46
46 78
78 61
61 60
12 134
134 2
2 124
124 12
52 97
97 67
67 98
98 8
8 146
146 17
17 122
122 11
11 132
132 12
12 127
127 5
5 115
115 4
4 105
105 3
3 114
114 46
46 87
87 41
41 86
86 60
60 65
65 52
25 92
92 38
38 127
127 13
13 146
146 16
16 131
131 3
3 129
129 9
9 113
113 39
39 76
76 70
70 94
94 50
50 89
89 52
52 81
81 42
42 93
93 34
34 108
108 18
18 126
126 14
14 112
112 21
21 91
91 25
7 130
130 9
9 150
150 40
40 128
128 11
11 157
157 4
4 135
135 33
33 138
138 39
39 122
122 23
23 115
115 20
20 116
116 41
41 102
102 25
25 110
110 7
81 94
94 107
107 67
67 111
111 25
25 106
106 51
51 83
83 45
45 91
91 42
42 127
127 44
44 112
112 61
61 85
85 65
65 81
82 94
94 86
86 58
58 82
55 113
113 53
53 88
88 82
82 48
48 100
100 55
117 55
55 71
71 101
101 34
34 96
96 74
74 81
81 54
54 87
87 57
57 90
90 37
37 136
136 27
27 118
118 21
21 114
114 29
29 117
37 99
99 45
45 96
96 37
1 172
172 16
16 154
154 10
10 105
105 35
35 138
138 45
45 103
103 37
37 131
131 55
55 120
120 38
38 123
123 36
36 117
117 24
24 153
153 9
9 140
140 7
7 137
137 1
99 73
73 91
91 72
72 90
90 96
96 71
71 93
93 48
48 92
92 42
42 109
109 59
59 99
83 75
75 99
99 76
76 64
64 100
100 54
54 83
144 6
6 156
156 21
21 130
130 30
30 119
119 107
107 111
111 75
75 97
97 99
99 98
98 77
77 83
83 62
62 103
103 60
60 110
110 37
37 165
165 9
9 160
160 5
5 144
69 103
103 64
64 113
113 58
58 87
87 78
78 101
101 102
102 84
84 95
95 69
28 115
115 60
60 106
106 28
126 28
28 156
156 33
33 153
153 63
63 108
108 50
50 125
125 41
41 143
143 44
44 141
141 8
8 152
152 2
2 145
145 24
24 126
129 50
50 121
121 62
62 88
88 70
70 79
79 126
126 22
22 142
142 26
26 129
1 162
162 70
70 103
103 76
76 105
105 48
48 116
116 47
47 129
129 42
42 117
117 69
69 124
124 29
29 118
118 51
51 131
131 43
43 130
130 37
37 144
144 1
12 184
184 23
23 133
133 25
25 132
132 13
13 171
171 8
8 164
164 12
27 175
175 6
6 155
155 27
163 39
39 144
144 55
55 140
140 30
30 135
135 13
13 151
151 36
36 139
139 14
14 160
160 10
10 185
185 2
2 231
231 4
4 163
123 90
90 120
120 65
65 110
110 77
77 141
141 61
61 121
121 51
51 123
46 117
117 89
89 82
82 103
103 97
97 113
113 84
84 125
125 62
62 130
130 75
75 115
115 46
72 135
135 46
46 119
119 57
57 92
92 72
137 72
72 123
123 58
58 122
122 53
53 139
139 41
41 149
149 24
24 163
163 15
15 173
173 29
29 137
28 146
146 53
53 137
137 28
147 25
25 160
160 34
34 174
174 7
7 236
236 14
14 147
154 37
37 171
171 15
15 186
186 3
3 176
176 82
82 114
114 88
88 101
101 96
96 110
110 71
71 124
124 89
89 134
134 59
59 147
147 13
13 158
158 20
20 145
145 64
64 118
118 73
73 205
205 2
2 188
188 11
11 148
148 28
28 157
157 21
21 161
161 17
17 154
22 180
180 16
16 177
177 10
10 164
164 18
18 154
154 22
1 210
210 22
22 181
181 27
27 197
197 12
12 166
166 1
1 194
194 3
3 190
190 1
92 103
103 91
91 142
142 41
41 150
150 28
28 173
173 50
50 153
153 43
43 159
159 21
21 166
166 51
51 144
144 54
54 129
129 49
49 138
138 76
76 109
109 80
80 124
124 84
84 130
130 66
66 87
87 92
92 114
114 83
83 105
105 92
131 92
92 148
148 73
73 131
160 60
60 128
128 56
56 117
117 48
48 160
151 35
35 163
163 57
57 140
140 65
65 153
153 56
56 160
160 76
76 145
145 32
32 154
154 25
25 155
155 28
28 161
161 61
61 143
143 52
52 133
133 74
74 131
131 69
69 136
136 42
42 168
168 26
26 151
114 105
105 104
104 112
112 86
86 122
122 97
97 114
151 42
42 179
179 9
9 189
189 55
55 150
150 104
104 114
114 95
95 93
93 78
78 131
131 75
75 132
132 71
71 154
154 41
41 151
162 44
44 152
152 62
62 139
139 59
59 149
149 48
48 151
151 40
40 162
52 146
146 58
58 144
144 52
42 176
176 32
32 177
177 52
52 157
157 42
5 250
250 25
25 164
164 42
42 162
162 5
224 16
16 198
198 5
5 178
178 7
7 224
93 122
122 110
110 109
109 94
94 121
121 100
100 78
78 108
108 93
118 93
93 151
151 85
85 118
47 127
127 68
68 137
137 99
99 118
118 119
119 47
123 131
131 95
95 121
121 105
105 126
126 87
87 133
133 78
78 137
137 96
96 135
135 90
90 175
175 47
47 179
179 67
67 117
117 86
86 123
165 96
96 147
147 72
72 152
152 69
69 149
149 79
79 117
117 103
103 135
135 120
120 98
98 101
101 125
125 130
130 88
88 139
139 94
94 123
123 115
115 113
113 136
136 77
77 128
128 83
83 165
80 137
137 132
132 80
15 195
195 6
6 194
194 15
21 190
190 9
9 196
196 15
15 183
183 8
8 178
178 13
13 170
170 21
221 18
18 187
187 7
7 191
191 21
21 167
167 80
80 140
140 74
74 150
150 100
100 165
165 39
39 174
174 40
40 186
186 17
17 221
41 221
221 20
20 172
172 63
63 158
158 41
170 37
37 177
177 34
34 200
200 27
27 239
239 14
14 250
250 22
22 225
225 3
3 208
208 17
17 191
191 30
30 172
172 59
59 167
167 33
33 170
41 173
173 57
57 170
170 41
166 78
78 144
144 89
89 127
127 97
97 123
123 107
107 121
121 116
116 81
81 106
106 124
124 103
103 137
137 102
102 142
142 95
95 152
152 93
93 138
138 66
66 164
164 36
36 166
47 233
233 13
13 185
185 37
37 180
180 72
72 177
177 47
7 216
216 9
9 194
194 21
21 211
211 7
1 237
237 7
7 204
204 61
61 200
200 55
55 193
193 47
47 196
196 79
79 155
155 81
81 166
166 31
31 189
189 23
23 199
199 35
35 187
187 40
40 178
178 41
41 182
182 10
10 224
224 11
11 192
192 1
1 207
207 29
29 236
236 44
44 194
194 10
10 206
206 1
38 206
206 51
51 171
171 53
53 163
163 38
210 54
54 215
215 34
34 192
192 37
37 191
191 52
52 204
204 38
38 211
211 36
36 210
70 181
181 76
76 172
172 70
26 226
226 9
9 245
245 10
10 203
203 23
23 198
198 31
31 169
169 43
43 178
178 49
49 168
168 71
71 158
158 65
65 157
157 83
83 141
141 97
97 138
138 98
98 134
134 101
101 117
117 124
124 118
118 148
148 112
112 140
140 90
90 149
149 91
91 176
176 70
70 195
195 56
56 210
210 26
68 168
168 65
65 199
199 24
24 190
190 63
63 189
189 86
86 146
146 68
1 248
248 3
3 234
234 89
89 157
157 73
73 153
153 84
84 144
144 90
90 162
162 66
66 189
189 64
64 179
179 68
68 187
187 41
41 183
183 32
32 197
197 30
30 201
201 5
5 229
229 15
15 216
216 36
36 219
219 8
8 230
230 26
26 202
202 21
21 223
223 1
50 234
234 5
5 279
279 8
8 248
248 29
29 220
220 48
48 188
188 50
1 267
267 10
10 247
247 12
12 237
237 109
109 117
117 133
133 103
103 174
174 59
59 208
208 24
24 235
235 63
63 198
198 50
50 240
240 18
18 300
300 11
11 323
323 14
14 272
272 4
4 241
241 13
13 265
265 1
99 177
177 78
78 171
171 65
65 180
180 57
57 202
202 50
50 216
216 40
40 191
191 96
96 169
169 99
1 303
303 27
27 222
222 46
46 192
192 74
74 168
168 80
80 181
181 90
90 150
150 101
101 176
176 99
99 147
147 97
97 145
145 106
106 146
146 118
118 125
125 107
107 151
151 95
95 214
214 42
42 183
183 76
76 226
226 33
33 235
235 26
26 231
231 24
24 212
212 41
41 207
207 30
30 228
228 28
28 247
247 18
18 241
241 5
5 255
255 20
20 266
266 1
201 65
65 212
212 35
35 201
163 113
113 126
126 124
124 122
122 134
134 103
103 150
150 160
160 87
87 144
144 116
116 145
145 107
107 135
135 123
123 111
111 114
114 170
170 58
58 193
193 71
71 173
173 73
73 163
154 103
103 158
158 81
81 156
156 95
95 179
179 104
104 174
174 123
123 152
152 105
105 165
165 110
110 139
139 120
120 178
178 84
84 154
182 106
106 154
154 93
93 163
163 77
77 159
159 45
45 182
108 150
150 122
122 137
137 127
127 111
111 146
146 108
150 128
128 114
114 150
133 142
142 120
120 150
150 163
163 136
136 115
115 161
161 100
100 167
167 117
117 158
158 132
132 146
146 121
121 133
119 156
156 111
111 175
175 117
117 205
205 123
123 176
176 103
103 177
177 125
125 119
139 129
129 124
124 139
119 143
143 139
139 119
126 130
130 145
145 119
119 126
137 146
146 143
143 138
138 137
52 234
234 51
51 222
222 49
49 190
190 73
73 189
189 87
87 166
166 100
100 180
180 94
94 141
141 137
137 135
135 161
161 118
118 162
162 120
120 147
147 144
144 126
126 133
133 164
164 83
83 187
187 108
108 157
157 98
98 173
173 92
92 184
184 78
78 194
194 77
77 182
182 53
53 201
201 32
32 217
217 52
237 61
61 207
207 43
43 219
219 52
52 197
197 59
59 183
183 70
70 202
202 66
66 185
185 19
19 252
252 9
9 238
238 42
42 229
229 40
40 237
21 232
232 17
17 227
227 52
52 256
256 6
6 209
209 21
238 43
43 221
221 60
60 203
203 79
79 212
212 66
66 282
282 6
6 275
275 10
10 268
268 2
2 244
244 16
16 251
251 21
21 238
237 52
52 229
229 57
57 206
206 39
39 238
238 45
45 237
15 258
258 5
5 263
263 22
22 253
253 51
51 242
242 26
26 248
248 16
16 246
246 33
33 257
257 45
45 244
244 38
38 236
236 46
46 237
237 15
15 261
261 12
12 275
275 49
49 258
258 36
36 235
235 57
57 233
233 56
56 227
227 23
23 230
230 48
48 255
255 15
113 179
179 112
112 225
225 70
70 210
210 115
115 175
175 113
81 181
181 113
113 168
168 143
143 169
169 118
118 171
171 93
93 172
172 81
78 202
202 71
71 197
197 64
64 209
209 58
58 186
186 67
67 198
198 81
81 203
203 62
62 191
191 78
217 97
97 181
181 103
103 200
200 76
76 199
199 74
74 242
242 84
84 189
189 93
93 187
187 99
99 206
206 86
86 198
198 78
78 207
207 83
83 192
192 85
85 159
159 101
101 155
155 102
102 195
195 73
73 218
218 54
54 217
193 90
90 192
192 91
91 188
188 69
69 193
106 188
188 92
92 193
193 116
116 159
159 105
105 180
180 102
102 187
187 106
129 149
149 121
121 148
148 129
106 200
200 129
129 189
189 106
80 190
190 106
106 183
183 80
185 114
114 140
140 146
146 138
138 151
151 128
128 180
180 107
107 185
55 249
249 13
13 283
283 17
17 279
279 30
30 220
220 50
50 213
213 35
35 252
252 34
34 266
266 77
77 216
216 73
73 223
223 32
32 232
232 133
133 159
159 137
137 172
172 126
126 153
153 135
135 142
142 146
146 151
151 171
171 130
130 134
134 157
157 177
177 165
165 111
111 174
174 119
119 185
185 80
80 219
219 55
59 252
252 44
44 247
247 33
33 259
259 34
34 269
269 55
55 217
217 59
59 244
244 50
50 231
231 41
41 266
266 39
39 275
275 62
62 217
217 75
75 215
215 67
67 235
235 74
74 204
204 71
71 234
234 60
60 233
233 59
246 74
74 251
251 41
41 245
245 53
53 222
222 118
118 210
210 90
90 211
211 58
58 224
224 31
31 230
230 28
28 250
250 46
46 246
96 214
214 104
104 199
199 88
88 194
194 96
195 122
122 162
162 134
134 155
155 138
138 147
147 140
140 199
199 112
112 195
245 95
95 184
184 132
132 195
195 105
105 206
206 102
102 219
219 91
91 203
203 96
96 213
213 81
81 212
212 87
87 197
197 72
72 186
186 94
94 202
202 80
80 221
221 71
71 227
227 67
67 238
238 61
61 245
57 256
256 67
67 245
245 57
141 156
156 138
138 180
180 135
135 182
182 101
101 184
184 127
127 148
148 131
131 141
155 150
150 152
152 144
144 155
149 156
156 155
155 148
148 142
142 159
159 141
141 158
158 139
139 149
204 110
110 211
211 92
92 190
190 108
108 188
188 107
107 200
200 130
130 193
193 117
117 183
183 142
142 154
154 146
146 149
149 192
192 103
103 204
128 173
173 141
141 172
172 138
138 162
162 128
220 122
122 200
200 116
116 198
198 93
93 207
207 88
88 223
223 106
106 214
214 120
120 181
181 135
135 183
183 126
126 185
185 136
136 176
176 124
124 166
166 128
128 168
168 139
139 174
174 171
171 154
154 180
180 184
184 119
119 204
204 85
85 220
32 248
248 73
73 222
222 66
66 231
231 79
79 227
227 110
110 214
214 125
125 181
181 165
165 196
196 98
98 220
220 80
80 230
230 32
281 24
24 264
264 9
9 281
1 287
287 13
13 281
281 10
10 280
280 32
32 277
277 3
3 303
303 5
5 260
260 29
29 254
254 48
48 261
261 23
23 270
270 12
12 263
263 83
83 249
249 57
57 237
237 54
54 246
246 19
19 293
293 18
18 268
268 59
59 243
243 7
7 284
284 4
4 276
276 15
15 273
273 1
152 179
179 151
151 156
156 153
153 145
145 168
168 148
148 194
194 100
100 213
213 108
108 202
202 150
150 169
169 152
144 170
170 143
143 189
189 148
148 173
173 145
145 205
205 137
137 186
186 124
124 190
190 127
127 214
214 134
134 181
181 152
152 164
164 144
262 34
34 264
264 35
35 241
241 68
68 201
201 121
121 178
178 144
144 176
176 154
154 191
191 99
99 207
207 96
96 254
254 44
44 260
260 19
19 262
262 31
31 283
283 21
21 271
271 67
67 268
268 33
33 250
250 47
47 264
264 44
44 279
279 54
54 255
255 87
87 228
228 75
75 222
222 81
81 285
285 19
19 273
273 20
20 262
284 33
33 274
274 22
22 265
265 51
51 269
269 58
58 239
239 28
28 262
262 36
36 278
278 23
23 284
2 289
289 8
8 287
287 2
302 35
35 272
272 83
83 275
275 47
47 286
286 16
16 267
267 28
28 304
304 17
17 291
291 30
30 297
297 2
2 302
307 21
21 332
332 60
60 266
266 42
42 262
262 29
29 280
280 39
39 287
287 23
23 302
302 36
36 294
294 10
10 298
298 4
4 307
24 299
299 22
22 329
329 23
23 322
322 19
19 291
291 31
31 298
298 16
16 289
289 46
46 307
307 41
41 284
284 24
296 32
32 290
290 24
24 314
314 26
26 303
303 18
18 318
318 3
3 296
301 33
33 300
300 24
24 295
295 28
28 301
38 304
304 31
31 301
301 25
25 267
267 38
270 45
45 302
302 68
68 245
245 76
76 232
232 40
40 270
43 294
294 72
72 231
231 99
99 217
217 104
104 241
241 56
56 261
261 50
50 267
267 65
65 224
224 105
105 243
243 79
79 272
272 100
100 232
232 78
78 237
237 66
66 274
274 51
51 283
283 48
48 281
281 58
58 273
273 42
42 284
284 43
291 54
54 292
292 43
43 259
259 74
74 250
250 96
96 218
218 85
85 221
221 107
107 252
252 71
71 270
270 29
29 291
25 342
342 4
4 315
315 25
61 267
267 66
66 257
257 61
328 56
56 283
283 61
61 284
284 55
55 277
277 37
37 293
293 29
29 331
331 8
8 328
17 323
323 12
12 328
328 16
16 317
317 6
6 316
316 17
326 17
17 327
327 7
7 326
333 16
16 335
335 22
22 309
309 28
28 326
326 2
2 333
231 85
85 224
224 82
82 231
203 129
129 208
208 86
86 231
231 104
104 235
235 117
117 219
219 119
119 203
147 188
188 131
131 203
203 121
121 223
223 142
142 198
198 135
135 212
212 138
138 178
178 195
195 151
151 202
202 140
140 157
157 147
167 186
186 158
158 160
160 167
162 156
156 161
161 185
185 166
166 199
199 174
174 167
167 173
173 157
157 146
146 162
168 191
191 162
162 182
182 147
147 168
170 173
173 197
197 198
198 163
163 159
159 169
169 168
168 170
201 111
111 209
209 94
94 201
219 129
129 213
213 112
112 201
201 98
98 234
234 106
106 233
233 69
69 229
229 124
124 218
218 128
128 219
207 136
136 200
200 135
135 219
219 121
121 243
243 116
116 207
258 90
90 222
222 91
91 259
259 88
88 228
228 111
111 217
217 103
103 221
221 141
141 218
218 147
147 209
209 130
130 227
227 140
140 207
207 101
101 247
247 78
78 250
250 82
82 236
236 137
137 226
226 144
144 206
206 126
126 224
224 173
173 172
172 156
156 178
178 167
167 177
177 168
168 196
196 170
170 176
176 145
145 282
282 81
81 244
244 84
84 258
70 260
260 94
94 244
244 93
93 240
240 75
75 257
257 70
291 53
53 263
263 70
70 239
239 80
80 238
238 99
99 258
258 52
52 297
297 72
72 333
333 10
10 325
325 25
25 314
314 46
46 291
9 319
319 13
13 343
343 3
3 349
349 19
19 324
324 14
14 336
336 26
26 317
317 73
73 287
287 47
47 316
316 33
33 313
313 9
15 348
348 9
9 308
308 15
248 92
92 242
242 75
75 248
324 44
44 271
271 34
34 324
238 105
105 266
266 69
69 279
279 62
62 324
324 30
30 314
314 79
79 248
248 131
131 210
210 143
143 217
217 125
125 228
228 103
103 238
232 115
115 229
229 103
103 232
214 150
150 205
205 149
149 181
181 139
139 215
215 130
130 214
181 190
190 154
154 212
212 146
146 175
175 161
161 169
169 160
160 181
180 167
167 181
181 155
155 189
189 156
156 188
188 164
164 180
152 234
234 163
163 212
212 180
180 218
218 152
249 132
132 204
204 160
160 193
193 145
145 219
219 152
152 225
225 114
114 239
239 135
135 214
214 138
138 223
223 143
143 221
221 127
127 216
216 136
136 220
220 108
108 232
232 120
120 222
222 107
107 238
238 85
85 249
86 262
262 75
75 276
276 50
50 295
295 29
29 312
312 57
57 263
263 103
103 245
245 134
134 229
229 139
139 201
201 222
222 122
122 254
254 101
101 249
249 86
47 298
298 52
52 265
265 86
86 294
294 47
38 293
293 58
58 316
316 54
54 318
318 45
45 300
300 49
49 280
280 40
40 278
278 66
66 271
271 59
59 308
308 47
47 320
320 18
18 319
319 28
28 337
337 6
6 359
359 22
22 348
348 17
17 336
336 23
23 341
341 15
15 311
311 55
55 291
291 38
334 30
30 336
336 20
20 353
353 9
9 352
352 5
5 354
354 3
3 346
346 18
18 343
343 16
16 334
1 382
382 25
25 396
396 4
4 362
362 87
87 278
278 84
84 250
250 98
98 265
265 71
71 255
255 76
76 277
277 59
59 298
298 50
50 319
319 33
33 331
331 48
48 321
321 54
54 334
334 37
37 329
329 27
27 328
328 34
34 309
309 42
42 323
323 39
39 312
312 38
38 296
296 1
35 339
339 2
2 340
340 31
31 315
315 35
35 349
349 7
7 388
388 14
14 370
370 37
37 348
348 35
32 326
326 39
39 348
348 51
51 304
304 62
62 291
291 67
67 273
273 69
69 301
301 65
65 307
307 66
66 303
303 40
40 299
299 32
11 347
347 33
33 379
379 10
10 344
344 2
2 364
364 55
55 322
322 24
24 343
343 32
32 360
360 35
35 306
306 11
9 363
363 6
6 355
355 11
11 356
356 9
9 377
377 8
8 384
384 3
3 366
366 9
259 104
104 285
285 82
82 263
263 90
90 272
272 94
94 264
264 80
80 255
255 97
97 246
246 85
85 268
268 75
75 286
286 70
70 269
269 98
98 259
276 116
116 259
259 108
108 245
245 105
105 276
153 208
208 165
165 194
194 168
168 201
201 167
167 185
185 200
200 153
283 75
75 302
302 50
50 306
306 99
99 240
240 156
156 202
202 166
166 214
214 149
149 226
226 153
153 179
179 213
213 158
158 188
188 224
224 145
145 244
244 118
118 238
238 109
109 276
276 77
77 281
281 88
88 292
292 59
59 283
311 64
64 283
283 89
89 267
267 115
115 304
304 53
53 311
114 250
250 95
95 263
263 144
144 261
261 106
106 236
236 126
126 269
269 90
90 319
319 66
66 325
325 83
83 277
277 113
113 247
247 114
231 164
164 203
203 157
157 227
227 147
147 223
223 165
165 226
226 167
167 208
208 154
154 230
230 139
139 231
178 181
181 175
175 192
192 186
186 207
207 172
172 178
178 199
199 182
182 187
187 197
197 183
183 178
169 210
210 151
151 223
223 149
149 215
215 175
175 191
191 208
208 195
195 196
196 178
178 169
209 160
160 205
205 157
157 209
235 123
123 262
262 112
112 237
237 117
117 257
257 110
110 240
240 126
126 238
238 145
145 245
245 148
148 221
221 154
154 217
217 150
150 232
232 142
142 252
252 139
139 239
239 137
137 258
258 121
121 241
241 120
120 235
63 329
329 70
70 297
297 88
88 344
344 49
49 335
335 28
28 368
368 13
13 346
346 48
48 345
345 39
39 351
351 12
12 357
357 5
5 372
372 32
32 356
356 21
21 330
330 52
52 300
300 82
82 287
287 100
100 273
273 74
74 283
283 78
78 284
284 69
69 290
290 98
98 281
281 93
93 271
271 109
109 266
266 119
119 233
233 128
128 235
235 143
143 229
229 175
175 226
226 166
166 230
230 159
159 209
209 187
187 185
185 177
177 176
176 188
188 181
181 184
184 192
192 212
212 169
169 231
231 91
91 260
260 107
107 248
248 85
85 322
322 66
66 349
349 38
38 326
326 36
36 317
317 63
179 223
223 152
152 242
242 126
126 247
247 165
165 234
234 155
155 220
220 190
190 207
207 199
199 193
193 201
201 200
200 186
186 202
202 177
177 189
189 171
171 217
217 245
245 151
151 215
215 172
172 232
232 169
169 239
239 170
170 216
216 176
176 179
311 142
142 277
277 91
91 288
288 110
110 276
276 180
180 261
261 151
151 259
259 127
127 269
269 179
179 240
240 111
111 253
253 128
128 265
265 121
121 268
268 103
103 281
281 102
102 249
249 117
117 290
290 75
75 296
296 59
59 309
309 82
82 335
335 63
63 291
291 94
94 286
286 114
114 311
369 48
48 365
365 35
35 383
383 30
30 355
355 7
7 372
372 57
57 315
315 62
62 334
334 58
58 342
342 34
34 346
346 43
43 327
327 82
82 312
312 101
101 283
283 102
102 300
300 71
71 291
291 92
92 272
272 103
103 296
296 77
77 306
306 74
74 309
309 78
78 298
298 67
67 324
324 79
79 316
316 115
115 311
311 40
40 361
361 2
2 399
399 9
9 369
353 31
31 350
350 27
27 353
323 64
64 318
318 62
62 323
310 75
75 314
314 65
65 313
313 76
76 323
323 84
84 307
307 103
103 274
274 112
112 284
284 93
93 321
321 50
50 310
36 393
393 10
10 389
389 7
7 359
359 21
21 386
386 19
19 372
372 20
20 371
371 16
16 374
374 13
13 373
373 33
33 352
352 59
59 310
310 47
47 353
353 60
60 357
357 26
26 363
363 28
28 338
338 58
58 361
361 53
53 336
336 54
54 331
331 36
295 97
97 279
279 80
80 295
93 302
302 140
140 299
299 89
89 295
295 93
298 98
98 297
297 91
91 306
306 85
85 270
270 124
124 264
264 117
117 293
293 81
81 298
136 235
235 138
138 250
250 126
126 270
270 148
148 265
265 130
130 254
254 149
149 237
237 141
141 268
268 135
135 243
243 150
150 252
252 153
153 228
228 136
150 264
264 125
125 246
246 150
301 96
96 289
289 117
117 266
266 134
134 281
281 158
158 215
215 171
171 206
206 200
200 209
209 182
182 229
229 152
152 270
270 150
150 249
249 136
136 256
256 122
122 302
302 95
95 301
107 297
297 100
100 288
288 112
112 283
283 108
108 289
289 107
364 91
91 314
314 81
81 303
303 107
107 278
278 131
131 301
301 113
113 295
295 92
92 298
298 90
90 342
342 71
71 310
310 93
93 338
338 61
61 317
317 47
47 378
378 11
11 367
367 21
21 364
43 350
350 38
38 364
364 58
58 339
339 54
54 348
348 43
1 405
405 9
9 400
400 57
57 392
392 17
17 406
406 37
37 373
373 43
43 347
347 52
52 341
341 36
36 328
328 68
68 326
326 67
67 351
351 42
42 369
369 1
18 367
367 27
27 376
376 12
12 358
358 51
51 412
412 19
19 395
395 3
3 387
387 39
39 366
366 18
1 425
425 18
18 388
388 16
16 382
382 8
8 418
418 1
2 422
422 14
14 404
404 6
6 380
380 32
32 374
374 20
20 388
388 21
21 391
391 2
90 316
316 103
103 308
308 90
339 67
67 350
350 50
50 378
378 76
76 326
326 90
90 351
351 83
83 355
355 46
46 332
332 47
47 347
347 77
77 320
320 85
85 348
348 61
61 339
328 41
41 384
384 20
20 434
434 38
38 358
358 40
40 328
79 330
330 72
72 315
315 69
69 328
328 79
74 327
327 44
44 354
354 45
45 356
356 56
56 347
347 69
69 349
349 79
79 325
325 81
81 324
324 74
360 49
49 372
372 28
28 391
391 34
34 359
359 26
26 375
375 42
42 360
4 405
405 13
13 381
381 12
12 387
387 23
23 382
382 31
31 399
399 4
394 16
16 409
409 4
4 401
401 15
15 425
425 8
8 394
68 371
371 27
27 388
388 23
23 394
394 56
56 358
358 79
79 360
360 40
40 370
370 69
69 352
352 74
74 339
339 75
75 363
363 64
64 341
341 89
89 317
317 65
65 345
345 68
374 44
44 370
370 54
54 372
372 53
53 379
379 40
40 374
22 380
380 53
53 374
374 43
43 399
399 52
52 356
356 59
59 367
367 22
7 423
423 4
4 471
471 24
24 381
381 28
28 397
397 22
22 402
402 25
25 401
401 68
68 398
398 3
3 414
414 2
2 421
421 5
5 407
407 7
181 210
210 214
214 168
168 220
220 192
192 208
208 198
198 206
206 183
183 205
205 174
174 204
204 181
247 147
147 257
257 156
156 243
243 164
164 233
233 174
174 225
225 201
201 194
194 212
212 197
197 204
204 178
178 221
221 181
181 230
230 171
171 248
248 118
118 255
255 105
105 271
271 141
141 273
273 122
122 266
266 127
127 267
267 126
126 263
263 129
129 247
253 163
163 260
260 153
153 253
133 295
295 131
131 298
298 109
109 275
275 181
181 253
253 147
147 255
255 155
155 251
251 137
137 247
247 191
191 215
215 186
186 203
203 202
202 213
213 182
182 236
236 138
138 238
238 152
152 237
237 160
160 249
249 154
154 228
228 167
167 242
242 159
159 262
262 133
284 150
150 281
281 139
139 256
256 155
155 282
282 161
161 266
266 133
133 293
293 124
124 284
166 233
233 172
172 231
231 185
185 221
221 187
187 227
227 166
171 263
263 132
132 278
278 135
135 269
269 133
133 276
276 137
137 287
287 169
169 243
243 166
166 251
251 170
170 252
252 171
269 174
174 247
247 138
138 258
258 164
164 288
288 105
105 292
292 133
133 271
271 155
155 268
268 151
151 294
294 112
112 303
303 102
102 316
316 96
96 320
320 109
109 326
326 92
92 334
334 86
86 280
280 173
173 269
189 235
235 197
197 220
220 182
182 239
239 172
172 252
252 176
176 231
231 175
175 266
266 184
184 232
232 189
269 189
189 255
255 157
157 264
264 177
177 269
149 271
271 175
175 233
233 182
182 226
226 212
212 269
269 149
97 317
317 103
103 365
365 90
90 333
333 80
80 354
354 47
47 386
386 62
62 356
356 65
65 332
332 117
117 296
296 151
151 274
274 145
145 272
272 136
136 293
293 149
149 265
265 171
171 267
267 159
159 284
284 130
130 289
289 111
111 312
312 97
310 116
116 280
280 127
127 317
317 112
112 300
300 131
131 303
303 118
118 314
314 111
111 321
321 110
110 291
291 105
105 316
316 114
114 315
315 94
94 318
318 95
95 310
336 108
108 319
319 105
105 330
330 100
100 318
318 104
104 334
334 122
122 310
310 98
98 350
350 72
72 336
325 121
121 279
279 120
120 291
291 127
127 328
328 81
81 364
364 59
59 361
361 74
74 356
356 73
73 341
341 75
75 345
345 105
105 344
344 93
93 333
333 114
114 325
322 101
101 342
342 95
95 332
332 112
112 362
362 51
51 370
370 61
61 358
358 67
67 346
346 100
100 343
343 66
66 331
331 120
120 314
314 142
142 325
325 118
118 336
336 80
80 347
347 70
70 349
349 97
97 322
1 445
445 21
21 404
404 41
41 337
337 98
98 322
322 88
88 340
340 29
29 368
368 49
49 393
393 43
43 409
409 30
30 413
413 11
11 410
410 7
7 424
424 1
6 427
427 20
20 411
411 6
186 265
265 160
160 246
246 152
152 276
276 167
167 234
234 199
199 233
233 178
178 211
211 162
162 262
262 166
166 254
254 196
196 203
203 208
208 200
200 207
207 235
235 205
205 267
267 193
193 226
226 188
188 223
223 186
147 312
312 130
130 291
291 128
128 283
283 134
134 295
295 136
136 285
285 147
307 147
147 272
272 192
192 224
224 230
230 186
186 229
229 209
209 238
238 146
146 278
278 143
143 256
256 157
157 277
277 155
155 289
289 137
137 306
306 149
149 320
320 129
129 275
275 145
145 307
219 213
213 222
222 208
208 233
233 211
211 206
206 219
231 222
222 219
219 207
207 223
223 190
190 231
286 157
157 298
298 164
164 270
270 154
154 250
250 178
178 262
262 182
182 237
237 186
186 249
249 194
194 218
218 215
215 260
260 168
168 258
258 216
216 220
220 224
224 231
231 195
195 232
232 198
198 241
241 123
123 315
315 127
127 296
296 119
119 280
280 152
152 286
99 347
347 141
141 285
285 159
159 272
272 154
154 286
286 153
153 271
271 189
189 300
300 150
150 309
309 106
106 343
343 102
102 313
313 134
134 302
302 128
128 308
308 167
167 291
291 143
143 314
314 135
135 290
290 148
148 310
310 149
149 307
307 99
403 22
22 405
405 45
45 384
384 77
77 367
367 65
65 370
370 55
55 374
374 58
58 392
392 79
79 361
361 60
60 359
359 46
46 373
373 49
49 369
369 85
85 337
337 133
133 311
311 149
149 324
324 99
99 381
381 87
87 368
368 84
84 349
349 89
89 390
390 28
28 400
400 10
10 403
415 17
17 430
430 4
4 449
449 8
8 426
426 10
10 415
46 406
406 36
36 382
382 46
31 435
435 29
29 395
395 62
62 399
399 85
85 370
370 67
67 366
366 89
89 364
364 88
88 337
337 92
92 352
352 93
93 368
368 99
99 348
348 86
86 369
369 73
73 357
357 72
72 392
392 59
59 383
383 46
46 415
415 11
11 416
416 22
22 404
404 25
25 403
403 31
386 78
78 346
346 101
101 371
371 81
81 357
357 75
75 366
366 74
74 400
400 42
42 424
424 14
14 426
426 31
31 387
387 70
70 386
429 25
25 416
416 47
47 385
385 44
44 409
409 58
58 379
379 66
66 372
372 71
71 358
358 98
98 351
351 113
113 370
370 100
100 352
352 95
95 367
367 88
88 391
391 61
61 373
373 92
92 386
386 50
50 421
421 6
6 452
452 3
3 429
118 335
335 132
132 313
313 148
148 292
292 173
173 285
285 176
176 270
270 174
174 277
277 166
166 318
318 126
126 321
321 135
135 317
317 134
134 326
326 125
125 315
315 131
131 304
304 144
144 338
338 109
109 329
329 118
119 339
339 118
118 327
327 119
194 268
268 182
182 288
288 179
179 271
271 156
156 286
286 176
176 289
289 168
168 278
278 165
165 256
256 191
191 262
262 194
218 265
265 194
194 291
291 174
174 282
282 183
183 234
234 218
239 264
264 209
209 242
242 202
202 239
204 262
262 212
212 239
239 218
218 200
200 229
229 208
208 227
227 204
217 234
234 203
203 225
225 230
230 229
229 214
214 252
252 195
195 248
248 198
198 266
266 191
191 261
261 196
196 256
256 185
185 244
244 200
200 237
237 213
213 228
228 204
204 217
240 235
235 217
217 221
221 206
206 240
94 364
364 114
114 351
351 121
121 350
350 169
169 296
296 170
170 254
254 207
207 240
240 188
188 276
276 154
154 302
302 143
143 339
339 130
130 334
334 124
124 329
329 115
115 333
333 119
119 322
322 107
107 347
347 104
104 323
323 96
96 340
340 94
356 97
97 358
358 96
96 361
361 102
102 354
354 94
94 356
175 307
307 153
153 326
326 137
137 305
305 146
146 311
311 152
152 281
281 175
115 347
347 136
136 348
348 118
118 346
346 107
107 349
349 112
112 365
365 140
140 336
336 159
159 290
290 158
158 299
299 161
161 292
292 175
175 303
303 139
139 335
335 120
120 340
340 115
83 357
357 97
97 369
369 109
109 345
345 115
115 332
332 106
106 323
323 111
111 337
337 157
157 324
324 174
174 330
330 144
144 327
327 134
134 331
331 103
103 353
353 93
93 389
389 12
12 414
414 67
67 383
383 95
95 356
356 83
35 414
414 36
36 407
407 15
15 441
441 19
19 417
417 17
17 418
418 43
43 404
404 35
74 419
419 13
13 447
447 12
12 433
433 4
4 436
436 35
35 388
388 93
93 363
363 86
86 372
372 74
385 94
94 379
379 80
80 398
398 70
70 396
396 53
53 385
411 52
52 418
418 37
37 420
420 50
50 387
387 92
92 382
382 60
60 406
406 100
100 400
400 87
87 385
385 74
74 375
375 65
65 415
415 83
83 405
405 51
51 411
10 459
459 4
4 448
448 26
26 441
441 33
33 402
402 61
61 403
403 46
46 408
408 16
16 410
410 39
39 433
433 28
28 432
432 22
22 456
456 10
3 473
473 12
12 460
460 3
344 134
134 337
337 127
127 346
346 123
123 344
167 329
329 139
139 331
331 161
161 309
309 167
446 49
49 388
388 167
167 310
310 166
166 313
313 152
152 328
328 142
142 332
332 196
196 350
350 125
125 359
359 63
63 378
378 71
71 374
374 127
127 344
344 108
108 342
342 116
116 373
373 99
99 392
392 94
94 415
415 72
72 387
387 55
55 439
439 9
9 468
468 17
17 446
430 53
53 433
433 70
70 406
406 84
84 397
397 40
40 414
414 41
41 430
1 474
474 5
5 436
436 6
6 437
437 7
7 428
428 51
51 413
413 32
32 401
401 81
81 388
388 88
88 378
378 102
102 384
384 69
69 394
394 48
48 432
432 43
43 423
423 63
63 430
430 18
18 446
446 19
19 473
473 15
15 472
472 3
3 483
483 10
10 440
440 34
34 395
395 60
60 411
411 44
44 429
429 1
438 16
16 431
431 36
36 417
417 32
32 447
447 42
42 480
480 2
2 438
425 44
44 440
440 30
30 410
410 66
66 409
409 79
79 404
404 106
106 366
366 134
134 407
407 40
40 425
23 434
434 36
36 450
450 14
14 443
443 43
43 441
441 28
28 457
457 31
31 427
427 61
61 423
423 46
46 431
431 40
40 447
447 50
50 425
425 47
47 426
426 23
308 175
175 298
298 170
170 297
297 160
160 304
304 138
138 283
283 155
155 308
273 193
193 270
270 177
177 273
244 203
203 254
254 202
202 247
247 224
224 232
232 204
204 277
277 216
216 276
276 197
197 246
246 187
187 244
188 249
249 201
201 243
243 268
268 206
206 246
246 204
204 247
247 232
232 240
240 210
210 223
223 219
219 225
225 245
245 255
255 200
200 251
251 236
236 244
244 188
117 371
371 113
113 358
358 135
135 364
364 108
108 381
381 104
104 391
391 89
89 383
383 75
75 374
374 115
115 351
351 119
119 360
360 111
111 342
342 117
110 352
352 126
126 347
347 133
133 363
363 101
101 356
356 117
117 345
345 131
131 319
319 147
147 337
337 146
146 314
314 148
148 327
327 162
162 250
250 210
210 258
258 201
201 284
284 188
188 273
273 156
156 275
275 211
211 282
282 190
190 308
308 154
154 287
287 145
145 343
343 110
314 154
154 326
326 173
173 296
296 180
180 302
302 168
168 292
292 192
192 286
286 181
181 294
294 171
171 275
275 182
182 285
285 195
195 259
259 200
200 273
273 204
204 248
248 238
238 263
263 187
187 272
272 194
194 293
293 145
145 295
295 158
158 327
327 149
149 322
322 151
151 314
271 210
210 283
283 200
200 292
292 206
206 271
219 246
246 222
222 234
234 220
220 267
267 208
208 237
237 214
214 239
239 240
240 245
245 244
244 241
241 269
269 218
218 254
254 228
228 219
219 256
256 214
214 251
251 237
237 219
185 296
296 197
197 280
280 185
205 257
257 296
296 213
213 250
250 244
244 246
246 223
223 226
226 233
233 230
230 253
253 217
217 247
247 205
177 305
305 187
187 281
281 211
211 277
277 248
248 222
222 286
286 212
212 280
280 205
205 301
301 184
184 279
279 177
317 189
189 325
325 158
158 347
347 138
138 317
171 317
317 148
148 316
316 170
170 310
310 172
172 322
322 195
195 289
289 178
178 318
318 183
183 290
290 177
177 303
303 185
185 298
298 219
219 271
271 207
207 278
278 182
182 313
313 171
155 321
321 168
168 328
328 158
158 336
336 160
160 312
312 155
78 411
411 82
82 374
374 105
105 355
355 166
166 319
319 155
155 316
316 171
171 314
314 156
156 332
332 147
147 356
356 107
107 389
389 110
110 375
375 96
96 406
406 73
73 393
393 78
54 433
433 58
58 427
427 54
442 47
47 429
429 54
54 376
376 120
120 441
441 65
65 399
399 78
78 408
408 81
81 436
436 45
45 437
437 46
46 474
474 23
23 438
438 18
18 442
448 16
16 443
443 29
29 457
457 43
43 466
466 13
13 448
453 22
22 451
451 33
33 460
460 42
42 448
448 37
37 434
434 44
44 442
442 20
20 453
6 489
489 4
4 464
464 6
452 39
39 483
483 6
6 479
479 8
8 454
454 29
29 452
11 459
459 54
54 431
431 64
64 376
376 86
86 449
449 11
1 490
490 7
7 491
491 11
11 471
471 28
28 443
443 27
27 456
456 50
50 460
460 38
38 446
446 36
36 444
444 30
30 452
452 48
48 395
395 56
56 453
453 1
432 63
63 427
427 66
66 447
447 57
57 416
416 52
52 429
429 61
61 450
450 84
84 414
414 55
55 432
59 412
412 75
75 387
387 90
90 401
401 59
477 34
34 445
445 45
45 464
464 19
19 469
469 55
55 425
425 60
60 417
417 71
71 402
402 59
59 432
432 51
51 451
451 46
46 458
458 35
35 456
456 36
36 452
452 33
33 477
443 41
41 445
445 40
40 443
123 366
366 137
137 353
353 148
148 356
356 152
152 337
337 151
151 323
323 143
143 340
340 129
129 357
357 126
126 369
369 108
108 405
405 87
87 410
410 73
73 425
425 56
56 443
443 128
128 342
342 160
160 339
339 179
179 332
332 161
161 349
349 132
132 384
384 139
139 334
334 147
147 367
367 97
97 378
378 125
125 362
362 123
39 470
470 60
60 431
431 94
94 393
393 91
91 432
432 71
71 422
422 52
52 452
452 56
56 426
426 69
69 417
417 86
86 394
394 107
107 374
374 99
99 385
385 117
117 370
370 123
123 395
395 76
76 402
402 78
78 430
430 68
68 413
413 59
59 416
416 88
88 398
398 89
89 403
403 62
62 454
454 39
51 464
464 48
48 456
456 65
65 448
448 63
63 437
437 51
399 92
92 394
394 91
91 399
217 326
326 174
174 329
329 172
172 315
315 190
190 302
302 203
203 300
300 210
210 278
278 217
352 192
192 298
298 197
197 321
321 183
183 324
324 175
175 312
312 178
178 307
307 185
185 306
306 198
198 311
311 164
164 343
343 177
177 299
299 218
218 284
284 205
205 294
294 199
199 290
290 200
200 291
291 217
217 266
266 225
225 281
281 191
191 305
305 182
182 341
341 145
145 358
358 138
138 376
376 97
97 387
387 101
101 398
398 111
111 361
361 122
122 352
200 302
302 212
212 293
293 216
216 295
295 200
274 209
209 289
289 208
208 273
273 215
215 257
257 232
232 249
249 223
223 252
252 279
279 186
186 274
233 293
293 215
215 282
282 230
230 258
258 223
223 277
277 225
225 271
271 222
222 259
259 263
263 239
239 242
242 249
249 265
265 233
259 245
245 251
251 244
244 256
256 246
246 276
276 222
222 273
273 235
235 252
252 237
237 280
280 228
228 259
290 241
241 266
266 234
234 259
259 232
232 258
258 247
247 226
226 281
281 233
233 272
272 214
214 290
290 230
230 288
288 221
221 260
260 223
223 290
334 178
178 316
316 181
181 310
310 185
185 336
336 228
228 282
282 225
225 278
278 261
261 259
259 238
238 290
290 231
231 274
274 194
194 298
298 204
204 304
304 199
199 309
309 200
200 333
333 144
144 335
335 142
142 334
257 254
254 278
278 269
269 244
244 277
277 236
236 257
158 369
369 136
136 359
359 154
154 320
320 185
185 318
318 242
242 257
257 226
226 267
267 237
237 270
270 201
201 299
299 180
180 339
339 199
199 312
312 184
184 323
323 156
156 334
334 155
155 353
353 158
355 155
155 354
354 131
131 373
373 148
148 355
351 200
200 314
314 197
197 351
363 190
190 319
319 187
187 317
317 233
233 288
288 271
271 250
250 265
265 268
268 289
289 224
224 285
285 223
223 294
294 207
207 306
306 188
188 303
303 220
220 292
292 208
208 351
351 147
147 363
149 363
363 163
163 340
340 168
168 355
355 158
158 331
331 149
345 149
149 379
379 98
98 390
390 143
143 345
307 188
188 328
328 186
186 334
334 180
180 307
310 234
234 309
309 217
217 301
301 222
222 298
298 205
205 307
307 206
206 310
352 145
145 362
362 149
149 366
366 146
146 359
359 165
165 344
344 183
183 329
329 193
193 332
332 212
212 310
310 182
182 345
345 130
130 352
352 151
151 342
342 168
168 359
359 164
164 373
373 142
142 352
198 322
322 194
194 325
325 204
204 317
317 224
224 294
294 226
226 284
284 270
270 265
265 257
257 262
262 252
252 288
288 282
282 239
239 275
275 209
209 308
308 191
191 316
316 202
202 320
320 198
273 250
250 276
276 266
266 246
246 277
277 255
255 264
264 294
294 225
225 286
286 245
245 273
311 229
229 285
285 287
287 232
232 298
298 256
256 273
273 260
260 240
240 301
301 231
231 310
310 252
252 312
312 203
203 321
321 198
198 343
343 219
219 327
327 205
205 311
115 400
400 162
162 335
335 153
153 357
357 183
183 345
345 230
230 331
331 175
175 340
340 204
204 332
332 246
246 274
274 273
273 268
268 318
318 197
197 336
336 215
215 317
317 235
235 291
291 211
211 297
297 216
216 311
311 206
206 355
355 172
172 405
405 109
109 404
404 101
101 388
388 113
113 396
396 108
108 382
382 112
112 387
387 115
99 397
397 113
113 417
417 85
85 419
419 103
103 383
383 96
96 416
416 90
90 414
414 115
115 377
377 99
116 381
381 126
126 361
361 118
118 375
375 116
455 33
33 471
471 44
44 445
445 94
94 433
433 116
116 401
401 99
99 394
394 165
165 363
363 193
193 342
342 173
173 354
354 161
161 352
352 119
119 371
371 123
123 399
399 89
89 443
443 70
70 437
437 79
79 423
423 62
62 424
424 76
76 435
435 61
61 434
434 82
82 412
412 127
127 393
393 95
95 438
438 64
64 440
440 51
51 444
444 47
47 457
457 52
52 469
469 49
49 462
462 42
42 495
495 19
19 465
465 14
14 467
467 30
30 475
475 29
29 463
463 16
16 455
1 482
482 63
63 459
459 41
41 465
465 43
43 487
487 32
32 455
455 39
39 477
477 1
1 500
500 7
7 496
496 1
463 46
46 495
495 53
53 473
473 45
45 463
472 49
49 475
475 50
50 463
463 31
31 494
494 29
29 481
481 28
28 472
485 42
42 479
479 13
13 498
498 15
15 482
482 28
28 485
478 47
47 461
461 41
41 485
485 30
30 478
14 493
493 51
51 458
458 58
58 475
475 52
52 488
488 35
35 478
478 38
38 472
472 24
24 489
489 14
67 426
426 108
108 430
430 86
86 431
431 96
96 403
403 105
105 386
386 112
112 398
398 121
121 418
418 67
489 67
67 445
445 68
68 440
440 69
69 459
459 64
64 455
455 37
37 489
411 114
114 406
406 105
105 433
433 97
97 411
99 415
415 95
95 446
446 71
71 434
434 89
89 408
408 92
92 422
422 106
106 419
419 118
118 392
392 102
102 380
380 98
98 411
411 99
421 72
72 424
424 77
77 460
460 59
59 421
66 444
444 73
73 421
421 78
78 440
440 80
80 426
426 85
85 423
423 106
106 433
433 107
107 412
412 99
99 442
442 66
82 456
456 79
79 450
450 80
80 457
457 72
72 454
454 76
76 462
462 64
64 463
463 66
66 453
453 82
490 82
82 489
489 26
26 490
492 39
39 484
484 70
70 466
466 64
64 477
477 49
49 474
474 54
54 472
472 69
69 451
451 62
62 467
467 40
40 471
471 37
37 490
490 34
34 492
133 378
378 129
129 374
374 174
174 393
393 152
152 360
360 133
389 141
141 385
385 131
131 365
365 135
135 387
387 133
133 389
132 392
392 139
139 401
401 134
134 400
400 117
117 403
403 131
131 399
399 150
150 367
367 151
151 389
389 146
146 375
375 138
138 370
370 132
479 64
64 488
488 57
57 474
474 69
69 482
482 27
27 493
493 52
52 487
487 61
61 458
458 56
56 479
75 452
452 105
105 431
431 102
102 409
409 126
126 391
391 112
112 434
434 77
77 425
425 83
83 479
479 55
55 478
478 93
93 429
429 75
81 465
465 79
79 466
466 73
73 455
455 80
80 477
477 75
75 421
421 113
113 415
415 130
130 382
382 132
132 418
418 123
123 420
420 111
111 435
435 96
96 447
447 95
95 439
439 81
83 476
476 72
72 487
487 68
68 464
464 74
74 428
428 92
92 421
421 115
115 435
435 113
113 423
423 111
111 426
426 83
360 159
159 381
381 129
129 420
420 125
125 395
395 142
142 390
390 144
144 371
371 154
154 372
372 156
156 360
175 360
360 157
157 348
348 180
180 362
362 187
187 335
335 175
344 191
191 328
328 194
194 346
346 170
170 344
250 301
301 284
284 250
227 333
333 207
207 319
319 197
197 325
325 208
208 303
303 250
250 281
281 258
258 253
253 280
280 257
257 286
286 298
298 240
240 272
272 238
238 267
267 227
214 330
330 222
222 302
302 227
227 306
306 214
308 225
225 307
307 220
220 308
295 268
268 281
281 253
253 283
283 269
269 294
294 279
279 280
280 255
255 295
124 434
434 167
167 395
395 140
140 408
408 124
410 124
124 377
377 157
157 366
366 185
185 324
324 213
213 299
299 247
247 274
274 291
291 273
273 295
295 223
223 308
308 214
214 314
314 203
203 344
344 177
177 349
349 175
175 358
358 186
186 341
341 204
204 352
352 168
168 365
365 161
161 374
374 135
135 388
388 104
104 397
397 120
120 410
85 464
464 84
84 467
467 76
76 458
458 122
122 394
394 146
146 397
397 156
156 375
375 147
147 410
410 110
110 429
429 101
101 440
440 83
83 448
448 81
81 454
454 85
290 265
265 285
285 237
237 328
328 195
195 341
341 214
214 352
352 212
212 350
350 201
201 325
325 216
216 334
334 189
189 335
335 231
231 308
308 257
257 290
129 412
412 117
117 419
419 114
114 421
421 124
124 423
423 137
137 388
388 151
151 383
383 147
147 420
420 132
132 436
436 111
111 475
475 60
60 472
472 79
79 469
469 92
92 460
460 86
86 448
448 101
101 455
455 112
112 430
430 110
110 439
439 162
162 404
404 133
133 396
396 135
135 384
384 161
161 389
389 163
163 381
381 199
199 342
342 202
202 329
329 227
227 335
335 205
205 344
344 226
226 300
300 218
218 313
313 260
260 283
283 290
290 297
297 248
248 324
324 209
209 321
321 229
229 327
327 256
256 315
315 176
176 367
367 158
158 361
361 170
170 370
370 153
153 413
413 121
121 406
406 131
131 411
411 126
126 415
415 141
141 391
391 129
129 442
442 110
110 440
440 129
155 371
371 176
176 338
338 195
195 347
347 242
242 321
321 221
221 329
329 229
229 368
368 155
483 74
74 481
481 71
71 483
104 483
483 123
123 435
435 116
116 473
473 81
81 451
451 88
88 425
425 127
127 440
440 117
117 417
417 130
130 416
416 157
157 382
382 155
155 394
394 144
144 396
396 138
138 399
399 143
143 400
400 135
135 424
424 104
497 40
40 486
486 48
48 470
470 78
78 445
445 108
108 428
428 104
104 448
448 102
102 447
447 129
129 422
422 103
103 437
437 87
87 461
461 96
96 462
462 85
85 492
492 42
42 496
496 53
53 498
498 14
14 497
496 55
55 495
495 52
52 496
66 494
494 43
43 468
468 66
160 398
398 146
146 479
479 88
88 463
463 99
99 450
450 90
90 425
425 114
114 444
444 100
100 461
461 147
147 396
396 160
407 163
163 399
399 160
160 361
361 177
177 391
391 168
168 366
366 175
175 377
377 171
171 422
422 140
140 402
402 142
142 407
120 425
425 132
132 437
437 134
134 428
428 125
125 438
438 133
133 409
409 143
143 423
423 142
142 403
403 154
154 390
390 185
185 371
371 166
166 364
364 189
189 348
348 204
204 343
343 207
207 361
361 172
172 375
375 164
164 407
407 138
138 417
417 120
151 441
441 136
136 378
378 164
164 383
383 172
172 409
409 135
135 412
412 151
176 386
386 119
119 380
380 173
173 357
357 178
178 367
367 186
186 390
390 164
164 389
389 174
174 375
375 176
372 207
207 354
354 197
197 358
358 194
194 349
349 182
182 370
370 178
178 380
380 176
176 372
218 348
348 195
195 339
339 218
175 392
392 170
170 363
363 209
209 387
387 148
148 388
388 161
161 418
418 135
135 419
419 152
152 437
437 164
164 404
404 166
166 379
379 206
206 320
320 234
234 313
313 225
225 342
342 220
220 339
339 223
223 346
346 226
226 347
347 246
246 356
356 210
210 353
353 218
218 351
351 217
217 394
394 178
178 372
372 169
169 366
366 202
202 373
373 175
374 184
184 393
393 177
177 374
175 378
378 205
205 362
362 196
196 364
364 192
192 366
366 191
191 371
371 190
190 367
367 182
182 374
374 175
414 168
168 420
420 158
158 424
424 149
149 445
445 98
98 446
446 116
116 452
452 114
114 449
449 108
108 450
450 103
103 432
432 154
154 406
406 183
183 386
386 216
216 381
381 180
180 399
399 173
173 419
419 155
155 388
388 179
179 385
385 175
175 423
423 151
151 401
401 144
144 416
416 131
131 430
430 120
120 414
429 140
140 440
440 150
150 438
438 131
131 452
452 124
124 429
126 429
429 152
152 427
427 160
160 403
403 159
159 414
414 126
388 182
182 369
369 202
202 383
383 180
180 388
374 198
198 366
366 195
195 382
382 215
215 343
343 256
256 332
332 232
232 323
323 221
221 358
358 211
211 408
408 159
159 411
411 144
144 425
425 143
143 417
417 170
170 395
395 175
175 406
406 188
188 374
190 380
380 197
197 374
374 186
186 377
377 189
189 375
375 191
191 372
372 210
210 369
369 196
196 367
367 193
193 388
388 201
201 357
357 226
226 378
378 190
130 450
450 119
119 433
433 142
142 434
434 145
145 376
376 194
194 379
379 190
190 401
401 172
172 422
422 185
185 426
426 135
135 432
432 138
138 429
429 130
240 331
331 233
233 322
322 243
243 249
249 272
272 274
274 254
254 302
302 240
206 393
393 200
200 438
438 152
152 433
433 204
204 382
382 207
207 380
380 191
191 390
390 206
443 200
200 399
399 206
206 385
385 195
195 370
370 234
234 334
334 224
224 326
326 245
245 305
305 239
239 304
304 240
240 307
307 236
236 293
293 264
264 276
276 259
259 366
366 220
220 344
344 228
228 414
414 184
184 396
396 153
153 384
384 190
190 417
417 148
148 429
429 139
139 439
439 130
130 443
83 498
498 100
100 451
451 83
83 465
465 85
85 471
471 77
77 459
459 83
457 119
119 454
454 105
105 459
459 112
112 466
466 83
83 457
500 57
57 490
490 91
91 457
457 127
127 447
447 134
134 446
446 136
136 443
443 121
121 449
449 126
126 487
487 81
81 478
478 69
69 496
496 63
63 485
485 71
71 493
493 34
34 500
499 102
102 451
451 116
116 478
478 137
137 483
483 115
115 460
460 155
155 421
421 148
148 431
431 140
140 490
490 78
78 488
488 70
70 500
500 6
6 499
497 69
69 495
495 72
72 485
485 65
65 480
480 47
47 486
486 76
76 472
472 96
96 474
474 73
73 499
499 27
27 497
470 103
103 463
463 97
97 468
468 98
98 464
464 94
94 470
106 462
462 101
101 453
453 106
83 493
493 94
94 471
471 86
86 495
495 96
96 491
491 103
103 474
474 101
101 488
488 106
106 468
468 105
105 470
470 85
85 472
472 83
494 93
93 496
496 74
74 494
108 481
481 120
120 476
476 124
124 455
455 108
500 113
113 470
470 129
129 457
457 108
108 488
488 115
115 494
494 88
88 500
118 464
464 114
114 461
461 118
465 119
119 471
471 118
118 465
467 119
119 482
482 73
73 484
484 104
104 485
485 129
129 476
476 125
125 456
456 152
152 449
449 166
166 431
431 160
160 429
429 173
173 427
427 156
156 454
454 133
133 465
465 132
132 460
460 116
116 498
498 99
99 467
466 147
147 471
471 126
126 466
461 148
148 439
439 140
140 453
453 136
136 461
223 375
375 208
208 354
354 223
248 306
306 237
237 303
303 248
244 333
333 248
248 309
309 247
247 321
321 273
273 292
292 241
241 316
316 244
307 275
275 283
283 261
261 317
317 241
241 314
314 257
257 320
320 244
244 300
300 265
265 335
335 260
260 315
315 258
258 307
270 302
302 264
264 305
305 253
253 303
303 254
254 306
306 276
276 289
289 291
291 281
281 280
280 301
301 270
277 337
337 245
245 327
327 235
235 323
323 270
270 311
311 250
250 334
334 239
239 310
310 266
266 277
298 306
306 261
261 286
286 263
263 278
278 259
259 310
310 267
267 277
277 307
307 290
290 298
238 348
348 264
264 338
338 272
272 312
312 266
266 321
321 254
254 308
308 291
291 303
303 255
255 322
322 250
250 327
327 277
277 285
285 289
289 287
287 293
293 269
269 286
286 317
317 268
268 305
305 298
298 295
295 288
288 274
274 342
342 240
240 330
330 238
358 238
238 344
344 225
225 358
181 395
395 201
201 410
410 163
163 440
440 179
179 391
391 252
252 347
347 227
227 358
358 223
223 361
361 221
221 345
345 213
213 359
359 181
294 293
293 316
316 261
261 319
319 283
283 301
301 287
287 294
355 242
242 352
352 230
230 357
357 270
270 324
324 253
253 309
309 294
294 313
313 274
274 315
315 278
278 343
343 232
232 336
336 231
231 355
363 228
228 346
346 232
232 355
355 218
218 373
373 214
214 363
365 227
227 363
363 219
219 383
383 238
238 362
362 211
211 364
364 209
209 365
218 374
374 217
217 364
364 218
130 463
463 121
121 473
473 131
131 442
442 145
145 444
444 164
164 446
446 161
161 416
416 183
183 423
423 192
192 406
406 211
211 422
422 210
210 377
377 218
218 365
365 181
181 407
407 193
193 392
392 194
194 389
389 169
169 398
398 171
171 412
412 146
146 461
461 130
128 455
455 144
144 448
448 128
427 202
202 409
409 178
178 402
402 180
180 416
416 201
201 453
453 149
149 448
448 146
146 470
470 128
128 447
447 185
185 427
429 195
195 389
389 214
214 417
417 226
226 381
381 222
222 384
384 186
186 429
415 168
168 430
430 215
215 400
400 189
189 429
429 165
165 428
428 197
197 427
427 187
187 412
412 182
182 432
432 159
159 415
466 154
154 434
434 180
180 433
433 165
165 445
445 172
172 428
428 189
189 405
405 190
190 415
415 174
174 404
404 171
171 440
440 173
173 451
451 162
162 443
443 151
151 468
468 130
130 466
435 171
171 424
424 193
193 421
421 170
170 425
425 174
174 442
442 141
141 435
156 444
444 189
189 434
434 169
169 413
413 178
178 446
446 167
167 449
449 174
174 428
428 175
175 418
418 163
163 435
435 156
117 494
494 148
148 462
462 156
156 455
455 140
140 496
496 142
142 466
466 150
150 488
488 117
458 145
145 491
491 112
112 469
469 90
90 458
109 484
484 86
86 486
486 122
122 459
459 153
153 437
437 170
170 448
448 165
165 458
458 152
152 467
467 109
425 209
209 402
402 198
198 398
398 177
177 425
478 189
189 460
460 151
151 476
476 147
147 469
469 143
143 487
487 131
131 474
474 160
160 457
457 183
183 435
435 168
168 443
443 184
184 416
416 194
194 420
420 181
181 413
413 190
190 432
432 210
210 425
425 176
176 492
492 149
149 463
463 158
158 481
481 145
145 478
497 150
150 478
478 132
132 486
486 90
90 472
472 97
97 489
489 109
109 500
500 91
91 497
231 351
351 240
240 346
346 231
203 386
386 219
219 370
370 236
236 359
359 231
231 339
339 224
224 374
374 227
227 367
367 232
232 372
372 225
225 360
360 203
345 256
256 346
346 255
255 340
340 253
253 367
367 231
231 395
395 191
191 396
396 224
224 364
364 242
242 359
359 250
250 349
349 267
267 327
327 296
296 269
269 305
305 286
286 289
289 324
324 302
302 280
280 311
311 281
281 308
308 330
330 254
254 363
363 230
230 376
376 203
203 325
325 243
243 345
273 354
354 235
235 329
329 263
263 332
332 284
284 307
307 288
288 345
345 273
322 282
282 308
308 299
299 259
259 355
355 245
245 348
348 241
241 329
329 244
244 336
336 249
249 344
344 253
253 385
385 232
232 376
376 242
242 372
372 243
243 369
369 233
233 364
364 273
273 331
331 257
257 322
373 247
247 365
365 230
230 373
397 216
216 389
389 196
196 371
371 235
235 373
373 241
241 381
381 255
255 369
369 256
256 352
352 258
258 322
322 301
301 300
300 251
251 380
380 208
208 397
358 278
278 349
349 277
277 341
341 261
261 362
362 239
239 351
351 263
263 358
186 403
403 225
225 377
377 227
227 384
384 261
261 357
357 264
264 358
358 240
240 411
411 196
196 435
435 220
220 389
389 247
247 375
375 246
246 348
348 322
322 293
293 320
320 262
262 339
339 249
249 353
353 248
248 361
361 229
229 397
397 213
213 387
387 238
238 391
391 186
128 493
493 130
130 485
485 139
139 447
447 176
176 442
442 186
186 443
443 179
179 468
468 152
152 494
494 119
119 498
498 143
143 477
477 128
497 128
128 495
495 101
101 497
146 484
484 144
144 473
473 162
162 461
461 165
165 472
472 146
382 221
221 392
392 208
208 382
332 283
283 352
352 282
282 332
223 387
387 248
248 371
371 237
237 326
326 286
286 332
332 290
290 310
310 271
271 309
309 280
280 382
382 223
268 328
328 291
291 334
334 269
269 339
339 297
297 310
310 292
292 324
324 311
311 289
289 321
321 268
326 268
268 372
372 253
253 368
368 250
250 364
364 271
271 346
346 288
288 331
331 342
342 294
294 318
318 298
298 347
347 259
259 326
266 329
329 281
281 326
326 266
377 289
289 375
375 253
253 373
373 257
257 340
340 266
266 333
333 262
262 325
325 309
309 303
303 319
319 274
274 377
281 337
337 298
298 333
333 281
296 332
332 291
291 331
331 296
341 287
287 339
339 296
296 349
349 330
330 353
353 281
281 341
290 343
343 284
284 338
338 276
276 335
335 290
396 274
274 350
350 290
290 341
341 279
279 377
377 230
230 401
401 239
239 383
383 222
222 402
402 223
223 388
388 199
199 407
407 218
218 386
386 207
207 396
206 423
423 199
199 418
418 206
363 270
270 371
371 250
250 381
381 258
258 363
313 328
328 316
316 307
307 313
249 361
361 285
285 312
312 317
317 313
313 300
300 344
344 306
306 315
315 275
275 325
325 302
302 363
363 267
267 351
351 249
205 410
410 213
213 416
416 231
231 399
399 224
224 398
398 208
208 407
407 237
237 401
401 249
249 395
395 233
233 387
387 229
229 378
378 236
236 379
379 205
203 430
430 191
191 447
447 223
223 403
403 205
205 420
420 201
201 427
427 206
206 404
404 232
232 396
396 203
428 199
199 434
434 202
202 433
433 194
194 428
320 308
308 326
326 313
313 321
321 305
305 341
341 299
299 310
310 303
303 320
178 466
466 156
156 469
469 165
165 463
463 168
168 461
461 178
464 181
181 442
442 193
193 437
437 163
163 454
454 173
173 441
441 170
170 461
461 176
176 494
494 178
178 459
459 219
219 410
410 222
222 418
418 243
243 383
383 245
245 421
421 252
252 394
394 234
234 398
398 227
227 386
386 228
228 388
388 251
251 370
370 266
266 364
364 254
254 336
336 305
305 337
337 302
302 327
327 320
320 307
307 323
323 312
312 339
339 293
293 338
338 286
286 366
366 262
262 355
355 287
287 367
367 259
259 361
361 296
296 359
359 263
263 357
357 283
283 376
376 244
244 476
476 160
160 485
485 137
137 489
489 136
136 464
497 140
140 456
456 187
187 450
450 159
159 478
478 160
160 498
498 172
172 464
464 197
197 429
429 196
196 428
428 203
203 412
412 188
188 455
455 161
161 477
477 154
154 493
493 146
146 482
482 127
127 497
165 478
478 186
186 446
446 202
202 443
443 220
220 438
438 209
209 496
496 157
157 473
473 165
177 477
477 165
165 500
500 163
163 456
456 194
194 489
489 161
161 474
474 188
188 440
440 203
203 435
435 247
247 400
400 255
255 384
384 264
264 360
360 279
279 387
387 245
245 391
391 293
293 357
357 277
277 354
354 281
281 378
378 235
235 386
386 236
236 403
403 233
233 407
407 225
225 424
424 214
214 431
431 177
471 180
180 452
452 171
171 445
445 207
207 423
423 212
212 439
439 177
177 485
485 170
170 498
498 168
168 471
179 471
471 156
156 470
470 169
169 444
444 182
182 459
459 179
155 486
486 153
153 482
482 187
187 477
477 182
182 467
467 179
179 451
451 184
184 481
481 159
159 465
465 155
406 239
239 402
402 259
259 386
386 276
276 403
403 245
245 423
423 238
238 393
393 229
229 406
441 212
212 448
448 209
209 455
455 198
198 449
449 216
216 439
439 221
221 432
432 208
208 463
463 175
175 441
201 495
495 174
174 483
483 187
187 494
494 185
185 471
471 199
199 436
436 201
412 239
239 413
413 222
222 412
412 242
242 414
414 230
230 417
417 224
224 409
409 265
265 314
314 280
280 379
379 246
246 392
392 240
240 412
307 349
349 314
314 303
303 333
333 307
318 340
340 303
303 352
352 349
349 332
332 318
334 318
318 304
304 295
295 334
444 260
260 369
369 269
269 358
358 300
300 334
334 307
307 324
324 326
326 311
311 351
351 291
291 346
346 286
286 368
368 280
280 411
411 246
246 397
397 241
241 412
412 228
228 408
408 229
229 451
451 201
201 441
441 233
233 406
406 271
271 373
373 267
267 390
390 217
217 444
388 257
257 395
395 261
261 399
399 248
248 405
405 258
258 406
406 236
236 388
292 385
385 295
295 376
376 306
306 345
345 303
303 356
356 284
284 369
369 292
442 244
244 429
429 205
205 437
437 225
225 415
415 228
228 433
433 206
206 434
434 236
236 408
408 256
256 401
401 255
255 402
402 251
251 400
400 289
289 379
379 287
287 395
395 294
294 390
390 292
292 372
372 299
299 346
346 301
301 350
350 325
325 319
319 324
324 310
310 370
370 283
283 373
373 279
279 374
374 277
277 388
388 263
263 431
431 231
231 443
443 211
211 445
445 222
222 444
444 190
190 442
191 459
459 230
230 425
425 265
265 426
426 226
226 428
428 227
227 404
404 278
278 386
386 298
298 380
380 270
270 418
418 224
224 442
442 191
480 194
194 485
485 191
191 465
465 183
183 478
478 166
166 458
458 171
171 488
488 155
155 480
184 457
457 195
195 465
465 201
201 452
452 192
192 460
460 225
225 438
438 256
256 420
420 277
277 440
440 227
227 445
445 224
224 456
456 184
204 458
458 206
206 450
450 204
204 479
479 197
197 470
470 192
192 459
459 204
299 387
387 296
296 385
385 299
253 425
425 232
232 441
441 205
205 499
499 145
145 487
487 194
194 488
488 183
183 466
466 213
213 437
437 241
241 416
416 298
298 388
388 299
299 384
384 275
275 405
405 264
264 393
393 250
250 396
396 254
254 383
383 253
327 334
334 333
333 320
320 343
343 302
302 368
368 297
297 357
357 317
317 329
329 370
370 312
312 337
337 318
318 355
355 315
315 327
452 235
235 442
442 232
232 452
253 414
414 259
259 435
435 218
218 455
455 212
212 459
459 206
206 465
465 241
241 452
452 228
228 437
437 243
243 427
427 297
297 395
395 296
296 392
392 257
257 401
401 283
283 382
382 291
291 369
369 350
350 311
311 348
348 268
268 365
365 308
308 335
335 319
319 387
387 310
310 331
331 327
327 407
407 264
264 412
412 273
273 391
391 286
286 398
398 284
284 389
389 262
262 409
409 253
461 224
224 455
455 245
245 439
439 250
250 417
417 251
251 410
410 248
248 408
408 249
249 429
429 253
253 404
404 269
269 424
424 239
239 430
430 237
237 419
419 217
217 461
344 353
353 332
332 356
356 314
314 352
352 309
309 354
354 302
302 346
346 331
331 321
321 379
379 305
305 344
336 347
347 318
318 360
360 317
317 367
367 313
313 336
290 417
417 281
281 358
358 329
329 323
323 336
336 324
324 337
337 344
344 377
377 290
184 483
483 193
193 462
462 290
290 378
378 315
315 396
396 275
275 409
409 278
278 426
426 289
289 422
422 271
271 423
423 251
251 428
428 234
234 461
461 204
204 469
469 184
480 192
192 474
474 184
184 480
497 186
186 480
480 135
135 497
218 482
482 226
226 446
446 218
212 473
473 204
204 487
487 147
147 484
484 210
210 457
457 218
218 472
472 212
479 212
212 467
467 213
213 474
474 215
215 469
469 216
216 468
468 195
195 460
460 196
196 477
477 219
219 462
462 207
207 479
247 482
482 223
223 454
454 211
211 447
447 221
221 467
467 239
239 437
437 247
237 453
453 221
221 488
488 203
203 460
460 247
247 448
448 231
231 444
444 237
470 208
208 485
485 212
212 484
484 171
171 475
475 200
200 486
486 206
206 470
220 480
480 229
229 446
446 233
233 458
458 214
214 470
470 222
222 447
447 220
261 427
427 257
257 463
463 234
234 432
432 252
252 448
448 249
249 447
447 253
253 438
438 248
248 419
419 255
255 413
413 282
282 401
401 261
364 300
300 381
381 309
309 362
362 317
317 438
438 262
262 400
400 285
285 364
338 348
348 328
328 395
395 323
323 366
366 301
301 358
358 311
311 371
371 336
336 338
365 348
348 368
368 303
303 365
355 353
353 367
367 324
324 384
384 328
328 391
391 304
304 381
381 302
302 390
390 314
314 378
378 311
311 365
365 319
319 355
403 280
280 374
374 308
308 383
383 279
279 403
408 283
283 414
414 264
264 410
410 293
293 402
402 292
292 393
393 305
305 397
397 263
263 408
345 346
346 342
342 360
360 332
332 398
398 296
296 408
408 308
308 403
403 300
300 369
369 344
344 366
366 355
355 335
335 339
339 334
334 345
449 236
236 451
451 238
238 445
445 243
243 441
441 259
259 446
446 294
294 413
413 304
304 392
392 319
319 371
371 312
312 376
376 333
333 384
384 326
326 359
359 342
342 372
372 350
350 374
374 332
332 370
370 345
345 338
338 321
321 341
341 362
362 349
349 364
364 272
272 416
416 306
306 389
389 287
287 412
412 268
268 404
404 261
261 415
415 278
278 430
430 242
242 457
457 220
220 462
462 245
245 460
460 232
232 449
401 316
316 369
369 329
329 371
371 325
325 402
402 310
310 388
388 309
309 392
392 315
315 401
339 376
376 317
317 363
363 353
353 357
357 321
321 340
340 339
339 371
371 355
355 396
396 320
320 375
375 307
307 382
382 334
334 381
381 348
348 383
383 325
325 397
397 331
331 365
365 327
327 341
341 337
337 369
369 339
287 405
405 324
324 382
382 339
339 401
401 287
464 303
303 393
393 301
301 373
373 313
313 386
386 335
335 381
381 350
350 380
380 342
342 431
431 267
267 415
415 299
299 440
440 282
282 425
425 261
261 434
434 242
242 433
433 254
254 421
421 273
273 416
416 286
286 429
429 298
298 443
443 257
257 442
442 269
269 420
420 287
287 394
394 270
270 435
435 293
293 411
411 308
308 451
451 252
252 436
436 255
255 453
453 249
249 449
449 237
237 479
479 209
209 465
465 217
217 464
202 492
492 241
241 470
470 224
224 483
483 195
195 471
471 248
248 468
468 265
265 445
445 242
242 473
473 228
228 475
475 214
214 477
477 266
266 406
406 275
275 400
400 295
295 415
415 268
268 464
464 202
423 277
277 427
427 274
274 423
270 461
461 237
237 467
467 235
235 471
471 231
231 484
484 245
245 473
473 254
254 485
485 217
217 466
466 251
251 439
439 261
261 449
449 287
287 423
423 305
305 442
442 270
218 469
469 237
237 471
471 240
240 437
437 277
277 462
462 242
242 472
472 220
220 478
478 219
219 499
499 211
211 465
465 253
253 467
467 244
244 454
454 270
270 432
432 271
271 433
433 273
273 444
444 262
262 468
468 249
249 455
455 236
236 483
483 246
246 459
459 218
389 338
338 369
369 365
365 358
358 347
347 343
343 373
373 379
379 327
327 388
388 332
332 389
389 343
343 360
360 347
347 398
398 335
335 389
313 417
417 325
325 400
400 339
339 389
389 313
496 216
216 491
491 238
238 475
475 313
313 399
399 263
263 441
441 256
256 493
493 218
218 487
487 206
206 495
495 230
230 486
486 214
214 496
428 268
268 436
436 263
263 428
285 424
424 272
272 428
428 307
307 435
435 275
275 418
418 285
280 406
406 296
296 445
445 268
268 452
452 263
263 454
454 276
276 421
421 285
285 404
404 280
321 386
386 341
341 361
361 346
346 373
373 366
366 352
352 385
385 328
328 407
407 338
338 393
393 340
340 391
391 329
329 378
378 321
291 434
434 278
278 463
463 262
262 472
472 279
279 418
418 286
286 430
430 288
288 424
424 292
292 419
419 353
353 372
372 365
365 389
389 344
344 386
386 322
322 387
387 328
328 409
409 321
321 404
404 291
363 349
349 370
370 351
351 337
337 363
354 368
368 372
372 373
373 357
357 369
369 356
356 354
364 369
369 385
385 360
360 364
344 395
395 330
330 392
392 311
311 405
405 309
309 408
408 339
339 407
407 372
372 370
370 364
364 378
378 362
362 384
384 355
355 381
381 354
354 367
367 363
363 346
346 393
393 344
236 486
486 249
249 470
470 268
268 447
447 283
283 418
418 301
301 420
420 312
312 413
413 295
295 419
419 344
344 406
406 318
318 390
390 326
326 394
394 328
328 414
414 291
291 441
441 280
280 455
455 259
259 476
476 251
251 469
469 260
260 456
456 236
490 270
270 474
474 228
228 492
492 234
234 480
480 236
236 466
466 261
261 458
458 256
256 465
465 221
221 478
478 222
222 496
496 213
213 490
490 231
231 477
477 221
221 490
497 259
259 487
487 236
236 490
490 187
187 497
484 251
251 489
489 207
207 500
500 192
192 481
481 253
253 473
473 248
248 484
416 317
317 412
412 321
321 413
413 324
324 420
420 323
323 408
408 337
337 403
403 311
311 416
281 433
433 331
331 399
399 329
329 418
418 284
284 427
427 281
262 493
493 271
271 437
437 274
274 436
436 281
281 426
426 319
319 411
411 320
320 416
416 304
304 419
419 328
328 415
415 300
300 422
422 291
291 449
449 275
275 465
465 262
490 251
251 498
498 228
228 488
488 255
255 475
475 262
262 484
484 254
254 494
494 240
240 477
477 247
247 490
351 404
404 326
326 417
417 332
332 397
397 350
350 388
388 345
345 403
403 356
356 386
386 351
395 352
352 376
376 373
373 391
391 342
342 407
407 348
348 395
351 395
395 355
355 388
388 387
387 351
258 483
483 250
250 457
457 291
291 447
447 280
280 459
459 309
309 419
419 326
326 420
420 329
329 400
400 351
351 398
398 360
360 394
394 327
327 430
430 292
292 463
463 284
284 421
421 318
318 460
460 256
256 478
478 237
237 488
488 249
249 490
490 293
293 439
439 258
467 276
276 456
456 299
299 449
449 330
330 415
415 334
334 413
413 322
322 411
411 327
327 444
444 277
277 458
458 296
296 427
427 312
312 422
422 304
304 441
441 319
319 470
470 283
283 457
457 281
281 476
476 263
263 473
473 256
256 469
469 261
261 467
406 361
361 381
381 357
357 383
383 376
376 378
378 377
377 358
358 406
267 487
487 262
262 483
483 276
276 479
479 363
363 404
404 352
352 405
405 341
341 401
401 346
346 402
402 347
347 400
400 349
349 412
412 343
343 390
390 384
384 380
380 388
388 392
392 406
406 351
351 427
427 334
334 416
416 324
324 446
446 267
257 450
450 267
267 448
448 257
269 486
486 257
257 488
488 272
272 467
467 269
422 329
329 438
438 322
322 429
429 301
301 440
440 302
302 423
423 300
300 434
434 328
328 422
433 346
346 422
422 323
323 433
289 472
472 273
273 452
452 277
277 453
453 333
333 433
433 289
284 481
481 237
237 480
480 284
492 284
284 466
466 292
292 455
455 289
289 494
494 271
271 496
496 255
255 492
454 323
323 491
491 266
266 484
484 265
265 489
489 263
263 478
478 274
274 454
304 469
469 278
278 454
454 275
275 452
452 298
298 468
468 281
281 462
462 288
288 436
436 304
332 443
443 305
305 454
454 287
287 453
453 295
295 439
439 304
304 425
425 310
310 421
421 306
306 432
432 301
301 449
449 312
312 451
451 318
318 424
424 342
342 414
414 343
343 413
413 337
337 410
410 316
316 434
434 332
393 381
381 371
371 368
368 367
367 393
419 337
337 456
456 294
294 463
463 328
328 441
441 327
327 419
433 352
352 424
424 324
324 425
425 370
370 397
397 355
355 401
401 357
357 419
419 341
341 433
366 412
412 382
382 377
377 433
433 348
348 411
411 368
368 410
410 367
367 402
402 384
384 393
393 365
365 383
383 374
374 366
468 306
306 440
440 336
336 399
399 365
365 398
398 359
359 403
403 366
366 389
389 375
375 369
369 430
430 329
329 428
428 321
321 423
423 317
317 449
449 302
302 468
299 474
474 296
296 465
465 288
288 473
473 277
277 479
479 313
313 476
476 290
290 488
488 261
261 490
490 282
282 459
459 314
314 447
447 353
353 431
431 358
358 395
395 369
369 398
398 394
394 392
392 452
452 308
308 468
468 299
462 311
311 472
472 295
295 458
458 305
305 464
464 275
275 480
480 277
277 477
477 299
299 462
454 333
333 475
475 302
302 462
462 301
301 437
437 307
307 454
467 308
308 493
493 281
281 486
486 289
289 461
461 287
287 467
448 370
370 430
430 389
389 383
383 434
434 326
326 442
442 334
334 437
437 331
331 453
453 320
320 467
467 304
304 457
457 349
349 409
409 345
345 443
443 342
342 428
428 341
341 423
423 335
335 447
447 325
325 454
454 332
332 448
482 287
287 498
498 274
274 482
280 482
482 277
277 483
483 321
321 435
435 343
343 416
416 357
357 415
415 356
356 423
423 365
365 404
404 391
391 393
393 390
390 388
388 403
403 374
374 441
441 335
335 451
451 336
336 454
454 342
342 448
448 280
471 307
307 489
489 283
283 490
490 305
305 485
485 280
280 492
492 238
238 499
499 285
285 471
462 333
333 480
480 301
301 465
465 310
310 496
496 289
289 492
492 322
322 462
459 334
334 488
488 313
313 484
484 311
311 463
463 309
309 473
473 295
295 479
479 320
320 460
460 349
349 462
462 316
316 426
426 354
354 407
407 362
362 420
420 344
344 455
455 317
317 459
400 429
429 341
341 476
476 315
315 479
479 338
338 435
435 347
347 421
421 350
350 409
409 394
394 400
495 263
263 500
500 332
332 461
461 312
312 458
458 323
323 467
467 347
347 453
453 395
395 375
375 402
402 400
400 378
378 399
399 360
360 457
457 324
324 459
459 291
291 471
471 260
260 495
379 401
401 375
375 413
413 380
380 405
405 360
360 411
411 385
385 379
359 428
428 350
350 450
450 300
300 445
445 335
335 446
446 344
344 463
463 336
336 458
458 343
343 483
483 290
290 482
482 368
368 415
415 369
369 417
417 398
398 405
405 396
396 399
399 383
383 418
418 356
356 460
460 345
345 426
426 419
419 372
372 444
444 337
337 437
437 340
340 439
439 357
357 427
427 388
388 414
414 359
317 485
485 335
335 472
472 319
319 477
477 317
348 443
443 358
358 437
437 367
367 416
416 375
375 432
432 329
329 474
474 300
300 490
490 317
317 473
473 312
312 482
482 318
318 465
465 339
339 435
435 348
479 327
327 470
470 340
340 488
488 349
349 490
490 324
324 479
431 377
377 422
422 381
381 423
423 374
374 435
435 346
346 458
458 366
366 424
424 390
390 479
479 337
337 446
446 360
360 477
477 326
326 449
449 357
357 442
442 362
362 438
438 364
364 431
431 386
386 410
410 376
376 408
408 415
415 380
380 424
424 369
369 431
486 321
321 496
496 315
315 481
481 328
328 469
469 372
372 446
446 362
362 458
458 398
398 431
431 392
392 397
397 440
440 367
367 450
450 352
352 454
454 348
348 445
445 359
359 478
478 304
304 486
409 393
393 416
416 394
394 413
413 396
396 410
410 424
424 384
384 430
430 374
374 436
436 383
383 417
417 387
387 409
404 413
413 409
409 400
400 414
414 418
418 401
401 403
403 399
399 404
397 422
422 410
410 405
405 399
399 411
411 371
371 420
420 376
376 437
437 404
404 406
406 397
296 487
487 371
371 427
427 397
397 426
426 355
355 443
443 351
351 473
473 329
329 467
467 339
339 484
484 325
325 471
471 395
395 457
457 370
370 460
460 364
364 489
489 311
311 486
486 296
498 335
335 486
486 330
330 471
471 334
334 494
494 324
324 498
438 388
388 439
439 350
350 485
485 336
336 480
480 358
358 451
451 383
383 455
455 369
369 484
484 352
352 468
468 413
413 436
436 387
387 420
420 408
408 399
399 421
421 402
402 411
411 441
441 375
375 438
400 439
439 402
402 430
430 400
495 320
320 500
500 329
329 487
487 361
361 456
456 417
417 423
423 424
424 416
416 399
399 435
435 400
400 412
412 449
449 378
378 425
425 420
420 396
396 438
438 385
385 447
447 360
360 462
462 351
351 467
467 342
342 474
474 365
365 461
461 362
362 473
473 354
354 469
469 346
346 470
470 345
345 464
464 348
348 498
498 311
311 495
456 406
406 444
444 388
388 460
460 385
385 455
455 391
391 428
428 382
382 432
432 394
394 452
452 409
409 421
421 408
408 425
425 427
427 401
401 422
422 411
411 403
403 445
445 374
374 442
442 375
375 443
443 392
392 433
433 393
393 456
405 460
460 444
444 412
412 433
433 405
462 445
445 405
405 426
426 408
408 456
456 402
402 453
453 355
355 464
464 357
357 469
469 369
369 483
483 367
367 462
364 469
469 393
393 443
443 376
376 468
468 382
382 459
459 375
375 446
446 387
387 483
483 396
396 450
450 378
378 462
462 364
269 499
499 324
324 500
500 342
342 491
491 356
356 470
470 362
362 480
480 364
364 490
490 353
353 486
486 348
348 495
495 269
498 399
399 428
428 397
397 448
448 376
376 451
451 408
408 459
459 391
391 461
461 388
388 446
446 436
436 427
427 453
453 423
423 426
426 437
437 394
394 468
468 387
387 470
470 372
372 488
488 365
365 498
430 437
437 453
453 435
435 419
419 430
454 400
400 442
442 421
421 430
430 426
426 441
441 414
414 433
433 415
415 431
431 416
416 446
446 392
392 478
478 387
387 473
473 389
389 454
493 350
350 476
476 397
397 487
487 370
370 464
464 425
425 430
430 446
446 432
432 418
418 440
440 411
411 454
454 401
401 438
438 451
451 390
390 466
466 383
383 458
458 378
378 472
472 398
398 482
482 360
360 463
463 355
355 474
474 347
347 499
499 339
339 496
496 345
345 492
492 319
319 493
459 430
430 447
447 420
420 459
431 452
452 408
408 467
467 400
400 461
461 434
434 426
426 459
459 416
416 438
438 437
437 431
386 492
492 351
351 495
495 364
364 481
481 375
375 476
476 488
488 391
391 471
471 384
384 469
469 390
390 463
463 386
486 384
384 475
475 381
381 465
465 417
417 474
474 374
374 486
450 404
404 463
463 421
421 458
458 401
401 469
469 430
430 486
486 403
403 450
498 383
383 481
481 441
441 455
455 409
409 461
461 414
414 457
457 410
410 429
429 439
439 422
422 440
440 442
442 415
415 464
464 407
407 471
471 411
411 450
450 431
431 428
428 466
466 394
394 500
500 340
340 493
493 369
369 498
478 430
430 470
470 418
418 449
449 436
436 494
494 413
413 480
480 400
400 485
485 367
367 491
491 391
391 499
499 394
394 489
489 385
385 475
475 421
421 478
437 473
473 409
409 471
471 427
427 440
440 449
449 437
427 490
490 448
448 422
422 458
458 431
431 480
480 427
390 492
492 445
445 474
474 426
426 463
463 450
450 437
437 470
470 434
434 465
465 416
416 469
469 404
404 495
495 370
370 491
491 410
410 482
482 423
423 472
472 390
498 397
397 481
481 400
400 491
491 396
396 484
484 390
390 475
475 398
398 477
477 428
428 478
478 417
417 496
496 387
387 498
497 430
430 481
481 404
404 493
493 398
398 499
499 395
395 498
498 353
353 497
461 456
456 422
422 461
461 439
439 452
452 454
454 446
446 438
438 457
457 433
433 461
475 446
446 455
455 452
452 460
460 435
435 461
461 412
412 462
462 451
451 471
471 432
432 475
442 461
461 447
447 442
459 473
473 465
465 454
454 457
457 442
442 459
469 467
467 436
436 469
453 462
462 463
463 431
431 490
490 428
428 483
483 441
441 498
498 407
407 489
489 449
449 453
485 421
421 493
493 437
437 466
466 433
433 487
487 431
431 483
483 450
450 492
492 417
417 485
429 478
478 434
434 485
485 411
411 484
484 453
453 480
480 456
456 469
469 459
459 429
475 457
457 483
483 456
456 482
482 425
425 476
476 452
452 472
472 433
433 468
468 477
477 464
464 439
439 475
475 495
495 416
416 489
489 444
444 498
498 459
459 475
473 487
487 468
468 482
482 481
481 433
433 493
493 449
449 491
491 463
463 499
499 414
414 484
484 458
458 474
474 477
477 483
483 473
453 494
494 444
444 493
493 453
497 453
453 492
492 487
487 477
477 489
489 434
434 490
490 473
473 467
467 475
475 408
408 497
497 472
472 455
455 466
466 440
440 500
500 446
446 485
485 474
474 484
484 457
457 480
480 465
465 492
492 468
468 496
496 418
418 497
470 486
486 465
465 490
490 452
452 493
493 447
447 478
478 470
497 470
470 451
451 497
492 496
496 477
477 492
493 483
483 488
488 489
489 495
495 491
491 480
480 460
460 493
1 497
497 19
2 499
499 37
3 484
484 18
4 496
496 13
8 498
498 29
9 465
465 89
10 491
491 84
17 493
493 22
21 463
463 424
23 484
484 36
33 482
482 295
38 500
500 43
39 497
497 155
41 476
476 264
44 500
500 49
45 481
481 111
50 500
500 51
54 488
488 98
56 498
498 62
58 480
480 107
64 493
493 110
66 478
478 79
68 498
498 108
71 494
494 75
80 499
499 126
83 500
500 123
87 496
496 94
92 472
472 268
95 479
479 182
103 495
495 130
104 489
489 131
105 494
494 196
112 492
492 129
117 491
491 153
118 475
475 256
124 484
484 197
125 500
500 193
127 499
499 161
128 498
498 137
132 495
495 234
133 487
487 189
134 488
488 170
138 490
490 202
139 489
489 257
150 498
498 164
151 470
470 494
494 201
158 471
471 472
472 297
159 491
491 162
167 447
447 341
174 498
498 293
177 483
483 179
180 478
478 299
181 480
480 233
190 467
467 258
199 479
479 294
204 494
494 214
205 493
493 372
208 499
499 277
209 492
492 232
212 486
486 225
220 477
477 429
222 488
488 267
223 485
485 227
226 484
484 400
230 500
500 315
239 469
469 359
242 480
480 278
243 454
454 476
476 440
247 491
491 334
250 490
490 275
251 495
495 284
252 461
461 494
494 279
253 483
483 333
269 497
497 276
286 421
287 492
492 323
289 499
499 335
291 495
495 296
292 468
468 493
493 389
307 478
478 489
489 365
310 481
481 314
312 495
495 313
316 497
497 371
321 498
498 443
325 494
494 337
326 487
487 357
327 485
485 462
328 492
492 406
330 495
495 419
331 457
457 491
336 486
486 393
343 464
464 481
481 498
498 456
344 500
500 366
349 499
499 392
354 483
483 420
356 496
496 369
373 437
374 489
489 411
379 418
381 496
496 432
385 497
497 473
386 474
474 427
388 482
399 500
500 474
405 479
479 466
410 492
492 490
490 469
413 499
499 481
423 489
433 486
486 454
438 447
439 493
493 441
442 463
445 493
493 479
448 495
458 498
498 475
475 471
484 496
496 487
480 485
478 490

