250
2 25
25 7
7 12
12 3
3 2
4 55
55 14
14 3
3 13
13 20
20 30
30 8
8 4
34 12
12 10
10 13
13 39
39 5
5 11
11 9
9 4
4 34
34 22
22 16
16 34
35 15
15 13
13 35
1 24
24 26
26 35
35 19
19 34
34 25
25 6
6 2
2 1
13 31
31 16
16 47
47 20
20 37
37 6
6 29
29 13
27 46
46 18
18 28
28 7
7 42
42 25
25 43
43 2
2 41
41 22
22 60
60 13
13 27
21 30
30 24
24 4
4 21
3 72
72 9
9 32
32 7
7 29
29 10
10 36
36 4
4 62
62 3
44 7
7 33
33 38
38 31
31 17
17 64
64 3
3 44
1 54
54 11
11 44
44 23
23 28
28 51
51 34
34 43
43 26
26 39
39 21
21 27
27 1
50 36
36 44
44 41
41 37
37 35
35 46
46 40
40 15
15 45
45 25
25 53
53 4
4 72
72 29
29 50
18 55
55 7
7 56
56 4
4 58
58 21
21 49
49 12
12 82
82 16
16 45
45 30
30 50
50 18
56 26
26 47
47 45
45 28
28 61
61 19
19 56
56 31
31 72
72 5
5 95
95 21
21 59
59 39
39 53
53 38
38 42
42 24
24 56
57 25
25 56
56 40
40 55
55 20
20 75
75 14
14 73
73 15
15 76
76 18
18 103
103 2
2 79
79 70
70 17
17 33
33 64
64 22
22 63
63 10
10 57
11 115
115 6
6 48
48 23
23 59
59 40
40 60
60 25
25 87
87 7
7 67
67 4
4 114
114 16
16 86
86 18
18 77
77 24
24 49
49 65
65 22
22 68
68 11
57 20
20 74
74 13
13 78
78 19
19 73
73 72
72 45
45 60
60 42
42 71
71 33
33 32
32 120
120 11
11 57
53 58
58 46
46 63
63 55
55 53
1 94
94 8
8 84
84 4
4 88
88 15
15 89
89 9
9 81
81 10
10 67
67 25
25 75
75 41
41 50
50 43
43 78
78 22
22 79
79 26
26 76
76 42
42 64
64 53
53 51
51 49
49 47
47 87
87 34
34 61
61 59
59 32
32 57
57 1
48 35
35 79
79 33
33 82
82 25
25 90
90 26
26 83
83 12
12 121
121 8
8 107
107 7
7 104
104 23
23 66
66 28
28 48
41 91
91 4
4 94
94 10
10 109
109 14
14 101
101 20
20 80
80 41
57 64
64 43
43 56
56 44
44 78
78 49
49 79
79 37
37 82
82 40
40 105
105 4
4 98
98 27
27 101
101 34
34 100
100 10
10 114
114 9
9 110
110 41
41 130
130 13
13 84
84 48
48 74
74 52
52 57
67 47
47 83
83 54
54 35
35 67
80 30
30 76
76 89
89 43
43 67
67 39
39 99
99 22
22 81
81 24
24 80
1 85
85 32
32 68
68 38
38 80
80 52
52 78
78 55
55 65
65 79
79 53
53 73
73 57
57 63
63 69
69 1
60 97
97 29
29 96
96 17
17 86
86 42
42 93
93 52
52 87
87 60
1 112
112 36
36 61
61 68
68 35
35 90
90 60
60 50
50 88
88 47
47 122
122 5
5 108
108 1
111 40
40 86
86 30
30 111
12 126
126 23
23 121
121 20
20 113
113 12
142 12
12 109
109 32
32 111
111 4
4 142
92 54
54 99
99 43
43 103
103 28
28 92
73 76
76 68
68 67
67 56
56 81
81 35
35 107
107 69
69 85
85 79
79 80
80 58
58 73
94 18
18 114
114 15
15 94
95 62
62 75
75 44
44 66
66 51
51 94
94 35
35 84
84 49
49 95
16 177
177 9
9 133
133 19
19 145
145 16
123 36
36 128
128 21
21 110
110 10
10 129
129 5
5 132
132 24
24 112
112 54
54 93
93 44
44 116
116 2
2 106
106 30
30 98
98 26
26 118
118 28
28 158
158 15
15 123
115 50
50 110
110 44
44 132
132 18
18 123
123 4
4 136
136 11
11 147
147 16
16 115
114 41
41 119
119 40
40 114
71 75
75 84
84 90
90 55
55 114
114 34
34 135
135 57
57 86
86 66
66 71
29 125
125 3
3 106
106 46
46 105
105 65
65 77
77 86
86 99
99 58
58 88
88 71
71 59
59 115
115 29
35 133
133 17
17 146
146 26
26 126
126 29
29 121
121 35
14 131
131 21
21 129
129 23
23 140
140 17
17 138
138 35
35 127
127 7
7 108
108 51
51 95
95 73
73 92
92 25
25 142
142 27
27 117
117 14
144 6
6 124
124 4
4 144
143 31
31 126
126 49
49 103
103 67
67 109
109 30
30 131
131 22
22 113
113 38
38 112
112 79
79 144
144 3
3 162
162 12
12 143
154 23
23 143
143 21
21 175
175 14
14 154
5 211
211 31
31 152
152 16
16 172
172 13
13 151
151 3
3 164
164 5
81 80
80 87
87 90
90 86
86 95
95 66
66 110
110 52
52 107
107 47
47 111
111 39
39 127
127 59
59 126
126 74
74 81
63 107
107 75
75 85
85 109
109 91
91 63
93 113
113 71
71 93
30 160
160 8
8 163
163 3
3 170
170 6
6 165
165 12
12 168
168 40
40 121
121 103
103 56
56 111
111 75
75 115
115 72
72 93
93 63
63 78
78 77
77 82
82 64
64 97
97 81
81 94
94 88
88 83
83 53
53 122
122 61
61 98
98 37
37 117
117 67
67 129
129 36
36 147
147 30
55 124
124 34
34 125
125 75
75 118
118 39
39 117
117 55
43 120
120 42
42 96
96 63
63 124
124 89
89 77
77 108
108 92
92 87
87 101
101 86
86 106
106 43
138 43
43 133
133 41
41 128
128 55
55 102
102 78
78 104
104 81
81 111
111 69
69 121
121 52
52 155
155 11
11 149
149 21
21 173
173 2
2 167
167 26
26 200
200 30
30 183
183 5
5 181
181 24
24 138
105 63
63 117
117 48
48 105
3 178
178 8
8 166
166 3
19 165
165 23
23 170
170 32
32 148
148 49
49 127
127 42
42 141
141 4
4 215
215 6
6 179
179 8
8 196
196 3
3 201
201 11
11 169
169 20
20 145
145 39
39 136
136 46
46 119
119 53
53 105
105 66
66 135
135 61
61 138
138 19
77 116
116 70
70 98
98 77
125 71
71 128
128 54
54 134
134 37
37 125
58 125
125 77
77 115
115 95
95 114
114 99
99 111
111 110
110 100
100 58
102 82
82 97
97 94
94 124
124 64
64 102
154 45
45 131
131 47
47 145
145 53
53 123
123 86
86 109
109 102
102 58
58 112
112 44
44 139
139 33
33 158
158 43
43 177
177 20
20 195
195 16
16 153
153 19
19 157
157 7
7 171
171 27
27 154
34 161
161 37
37 174
174 12
12 185
185 28
28 153
153 85
85 118
118 83
83 133
133 44
44 152
152 34
44 175
175 23
23 188
188 18
18 166
166 52
52 137
137 36
36 151
151 89
89 141
141 54
54 132
132 74
74 161
161 44
163 21
21 169
169 44
44 146
146 39
39 150
150 10
10 163
162 22
22 156
156 35
35 163
163 25
25 178
178 4
4 162
14 211
211 18
18 189
189 8
8 194
194 7
7 187
187 13
13 176
176 14
26 190
190 20
20 181
181 14
14 184
184 26
1 210
210 30
30 205
205 14
14 228
228 6
6 236
236 26
26 186
186 4
4 204
204 15
15 159
159 59
59 130
130 58
58 140
140 47
47 146
146 53
53 162
162 34
34 149
149 55
55 154
154 1
202 12
12 203
203 16
16 216
216 15
15 220
220 33
33 159
159 17
17 192
192 4
4 202
199 25
25 197
197 4
4 210
210 8
8 202
202 24
24 199
68 142
142 63
63 130
130 90
90 104
104 80
80 105
105 68
84 98
98 112
112 97
97 84
82 119
119 84
84 107
107 184
184 50
50 143
143 48
48 131
131 65
65 148
148 41
41 158
158 60
60 127
127 78
78 115
115 82
156 56
56 162
162 59
59 177
177 58
58 136
136 51
51 151
151 46
46 158
158 48
48 156
171 44
44 170
170 95
95 129
129 77
77 153
153 38
38 188
188 54
54 156
156 64
64 138
138 82
82 125
125 68
68 120
120 87
87 166
166 36
36 165
165 22
22 218
218 5
5 193
193 19
19 171
173 44
44 200
200 29
29 181
181 21
21 171
171 39
39 173
169 48
48 185
185 35
35 168
168 34
34 169
128 81
81 155
155 57
57 146
146 78
78 128
9 259
259 12
12 207
207 23
23 206
206 9
191 44
44 206
206 34
34 214
214 23
23 212
212 8
8 224
224 3
3 245
245 9
9 235
235 7
7 210
210 13
13 221
221 4
4 219
219 11
11 241
241 20
20 193
193 21
21 231
231 2
2 191
42 157
157 45
45 191
191 39
39 190
190 38
38 164
164 62
62 152
152 84
84 128
128 73
73 160
160 47
47 169
169 43
43 167
167 10
10 196
196 28
28 189
189 41
41 150
150 42
27 176
176 55
55 157
157 63
63 172
172 27
213 91
91 126
126 86
86 128
128 99
99 124
124 118
118 92
92 127
127 79
79 122
122 69
69 134
134 70
70 187
187 10
10 194
194 36
36 189
189 43
43 192
192 27
27 203
203 25
25 207
207 14
14 213
219 30
30 237
237 6
6 260
260 3
3 232
232 14
14 235
235 25
25 266
266 2
2 234
234 11
11 270
270 16
16 213
213 22
22 236
236 8
8 215
215 18
18 224
224 23
23 241
241 17
17 242
242 15
15 219
164 89
89 166
166 102
102 122
122 83
83 132
132 72
72 135
135 74
74 142
142 76
76 121
121 96
96 93
93 170
170 46
46 235
235 27
27 211
211 29
29 221
221 21
21 213
213 19
19 219
219 34
34 217
217 87
87 149
149 51
51 188
188 49
49 164
173 56
56 158
158 51
51 164
164 42
42 173
107 122
122 119
119 101
101 107
131 99
99 150
150 105
105 104
104 107
107 112
112 139
139 73
73 131
173 81
81 131
131 80
80 121
121 94
94 109
109 93
93 117
117 138
138 72
72 151
151 86
86 159
159 60
60 165
165 51
51 176
176 79
79 160
160 75
75 157
157 84
84 181
181 42
42 168
168 47
47 197
197 68
68 163
163 57
57 174
174 53
53 173
40 180
180 63
63 179
179 47
47 191
191 54
54 196
196 35
35 204
204 24
24 226
226 18
18 244
244 13
13 223
223 19
19 220
220 68
68 201
201 84
84 167
167 77
77 137
137 74
74 172
172 95
95 174
174 62
62 173
173 40
69 140
140 67
67 136
136 66
66 148
148 76
76 161
161 78
78 151
151 103
103 130
130 69
76 173
173 65
65 152
152 76
1 208
208 46
46 180
180 52
52 182
182 59
59 198
198 45
45 192
192 76
76 177
177 74
74 185
185 58
58 206
206 53
53 193
193 69
69 123
123 127
127 107
107 113
113 122
122 108
108 98
98 88
88 115
115 146
146 70
70 176
176 61
61 178
178 40
40 199
199 1
10 263
263 5
5 248
248 18
18 239
239 10
33 236
236 23
23 243
243 11
11 240
240 6
6 262
262 18
18 264
264 10
10 272
272 35
35 207
207 48
48 203
203 44
44 195
195 62
62 190
190 41
41 226
226 31
31 231
231 33
245 13
13 276
276 11
11 245
125 144
144 83
83 131
131 88
88 125
100 124
124 113
113 136
136 125
125 96
96 158
158 93
93 116
116 100
111 129
129 104
104 128
128 98
98 115
115 141
141 101
101 131
131 108
108 135
135 100
100 111
111 160
160 90
90 134
134 104
104 131
131 109
109 132
132 123
123 97
97 176
176 85
85 164
164 71
71 163
163 78
78 182
182 83
83 147
147 128
128 115
115 111
98 185
185 92
92 161
161 80
80 152
152 72
72 145
145 149
149 112
112 133
133 88
88 147
147 98
106 157
157 100
100 153
153 88
88 169
169 86
86 163
163 90
90 164
164 113
113 154
154 101
101 145
145 96
96 177
177 95
95 196
196 98
98 148
148 94
94 155
155 140
140 109
109 134
134 106
130 145
145 107
107 162
162 60
60 192
192 64
64 183
183 52
52 210
210 24
24 218
218 38
38 257
257 4
4 251
251 56
56 203
203 69
69 199
199 66
66 197
197 78
78 172
172 118
118 161
161 100
100 174
174 113
113 185
185 106
106 130
49 221
221 30
30 220
220 42
42 216
216 52
52 219
219 49
205 80
80 189
189 95
95 201
201 75
75 202
202 62
62 205
175 82
82 151
151 109
109 168
168 90
90 169
169 89
89 179
179 73
73 205
205 66
66 212
212 50
50 186
186 55
55 180
180 79
79 187
187 74
74 191
191 59
59 195
195 63
63 211
211 28
28 229
229 49
49 235
235 51
51 175
123 136
136 135
135 123
114 150
150 155
155 96
96 152
152 123
123 154
154 129
129 119
119 179
179 102
102 167
167 100
100 175
175 57
57 200
200 124
124 116
116 114
32 228
228 31
31 255
255 9
9 261
261 3
3 282
282 45
45 226
226 42
42 225
225 37
37 232
232 91
91 221
221 94
94 164
164 119
119 139
139 114
114 126
126 130
130 110
110 131
131 111
111 156
156 99
99 171
171 32
1 278
278 32
32 245
245 15
15 272
272 18
18 286
286 6
6 252
252 19
19 240
240 33
33 222
222 1
39 240
240 23
23 238
238 39
173 135
135 144
144 162
162 148
148 108
108 187
187 104
104 158
158 155
155 151
151 115
115 153
153 189
189 101
101 173
67 203
203 70
70 212
212 72
72 178
178 71
71 215
215 36
36 208
208 77
77 195
195 95
95 223
223 30
30 246
246 79
79 188
188 88
88 197
197 83
83 192
192 82
82 193
193 108
108 170
170 105
105 173
173 86
86 183
183 67
234 91
91 235
235 68
68 257
257 44
44 218
218 92
92 188
188 86
86 195
195 82
82 199
199 74
74 198
198 67
67 234
20 256
256 27
27 250
250 52
52 228
228 48
48 208
208 47
47 204
204 83
83 203
203 75
75 234
234 37
37 229
229 40
40 247
247 20
1 249
249 33
33 261
261 24
24 213
213 47
47 255
255 37
37 245
245 48
48 259
259 20
20 242
242 28
28 263
263 39
39 227
227 1
19 276
276 20
20 264
264 19
262 34
34 278
278 9
9 309
309 8
8 265
265 19
19 262
213 66
66 210
210 55
55 209
209 95
95 211
211 80
80 224
224 29
29 213
74 204
204 54
54 213
213 59
59 227
227 73
73 217
217 109
109 176
176 116
116 158
158 125
125 141
141 137
137 131
131 194
194 60
60 200
200 74
41 266
266 26
26 269
269 13
13 253
253 7
7 248
248 69
69 207
207 54
54 218
218 65
65 209
209 67
67 228
228 58
58 231
231 57
57 229
229 43
43 222
222 74
74 245
245 41
264 36
36 254
254 23
23 242
242 49
49 248
248 50
50 255
255 63
63 243
243 51
51 272
272 25
25 264
21 268
268 27
27 274
274 33
33 264
264 41
41 230
230 21
142 185
185 114
114 142
156 127
127 134
134 150
150 132
132 120
120 156
205 143
143 110
110 152
152 112
112 157
157 134
134 158
158 127
127 165
165 117
117 126
126 138
138 156
156 131
131 142
142 154
154 183
183 100
100 205
78 244
244 38
38 232
232 55
55 242
242 64
64 220
220 109
109 236
236 62
62 219
219 71
71 190
190 81
81 207
207 145
145 170
170 111
111 177
177 118
118 205
205 78
271 31
31 233
233 53
53 237
237 78
78 268
268 34
34 283
283 3
3 271
19 288
288 23
23 310
310 7
7 301
301 15
15 260
260 14
14 315
315 5
5 280
280 4
4 271
271 19
164 126
126 141
141 133
133 139
139 122
122 171
171 193
193 85
85 199
199 105
105 191
191 147
147 146
146 157
157 128
128 169
169 137
137 174
174 115
115 188
188 104
104 200
200 101
101 196
196 112
112 164
220 127
127 164
164 97
97 212
212 102
102 207
207 84
84 220
192 123
123 172
172 128
128 166
166 96
96 192
178 107
107 180
180 93
93 178
99 204
204 75
75 225
225 54
54 248
248 60
60 208
208 122
122 168
168 117
117 178
178 99
160 129
129 167
167 121
121 160
160 161
161 132
132 177
177 128
128 184
184 156
156 139
139 158
158 168
168 140
140 160
175 131
131 180
180 117
117 175
192 126
126 176
176 148
148 175
175 160
160 120
120 186
186 99
99 182
182 110
110 197
197 119
119 196
196 116
116 192
181 121
121 182
182 111
111 200
200 117
117 181
150 182
182 139
139 181
181 103
103 159
159 149
149 150
152 190
190 99
99 213
213 80
80 222
222 47
47 214
214 46
46 232
232 54
54 237
237 82
82 206
206 111
111 187
187 142
142 167
167 152
152 186
186 129
129 166
166 176
176 132
132 184
184 137
137 171
171 152
195 138
138 136
136 169
169 144
144 167
167 153
153 154
154 146
146 180
180 151
151 199
199 93
93 195
226 71
71 243
243 66
66 267
267 59
59 232
232 81
81 218
218 108
108 211
211 110
110 195
195 121
121 198
198 179
179 152
152 159
159 170
170 150
150 192
192 89
89 220
220 65
65 226
85 214
214 77
77 209
209 85
53 249
249 51
51 253
253 50
50 250
250 46
46 216
216 83
83 234
234 85
85 215
215 95
95 219
219 111
111 217
217 101
101 203
203 88
88 260
260 58
58 241
241 53
1 290
290 12
12 303
303 10
10 309
309 17
17 265
265 58
58 273
273 38
38 254
254 87
87 218
218 132
132 200
200 125
125 213
213 106
106 208
208 86
86 206
206 89
89 253
253 53
53 238
238 65
65 230
230 70
70 226
226 74
74 251
251 30
30 252
252 42
42 263
263 29
29 289
289 19
19 282
282 21
21 276
276 44
44 262
262 28
28 279
279 1
311 9
9 294
294 4
4 305
305 6
6 320
320 3
3 311
256 78
78 241
241 72
72 269
269 60
60 256
287 35
35 275
275 14
14 292
292 13
13 271
271 79
79 248
248 57
57 254
254 74
74 239
239 47
47 262
262 62
62 242
242 67
67 265
265 66
66 256
256 55
55 274
274 39
39 270
270 22
22 287
296 58
58 276
276 29
29 281
281 27
27 296
307 24
24 277
277 80
80 232
232 71
71 263
263 43
43 240
240 91
91 271
271 41
41 275
275 48
48 302
302 34
34 290
290 31
31 296
296 11
11 301
301 25
25 287
287 20
20 307
208 137
137 187
187 146
146 229
229 107
107 201
201 117
117 214
214 88
88 218
218 102
102 215
215 98
98 210
210 112
112 208
83 249
249 68
68 270
270 67
67 261
261 65
65 240
240 97
97 202
202 99
99 246
246 83
93 256
256 83
83 230
230 77
77 226
226 106
106 215
215 116
116 217
217 117
117 208
208 156
156 206
206 93
293 19
19 297
297 46
46 278
278 40
40 306
306 25
25 317
317 2
2 291
291 21
21 313
313 17
17 321
321 12
12 298
298 32
32 342
342 3
3 325
325 14
14 293
16 299
299 37
37 279
279 36
36 286
286 22
22 293
293 16
311 6
6 319
319 16
16 280
280 42
42 290
290 50
50 264
264 93
93 242
242 73
73 231
231 105
105 216
216 104
104 238
238 81
81 307
307 15
15 335
335 4
4 311
259 131
131 188
188 168
168 185
185 161
161 218
218 123
123 215
215 121
121 250
250 61
61 274
274 57
57 252
252 69
69 273
273 60
60 281
281 39
39 298
298 70
70 237
237 71
71 259
228 104
104 230
230 115
115 219
219 118
118 178
178 120
120 227
227 89
89 228
237 111
111 225
225 86
86 224
224 94
94 242
242 126
126 205
205 149
149 162
162 159
159 188
188 146
146 213
213 129
129 195
195 150
150 201
201 186
186 166
166 136
136 212
212 100
100 237
191 114
114 220
220 129
129 224
224 113
113 191
141 174
174 144
144 191
191 171
171 158
158 154
154 164
164 141
125 221
221 100
100 233
233 136
136 178
178 148
148 177
177 155
155 194
194 144
144 208
208 125
251 94
94 255
255 76
76 278
278 73
73 266
266 86
86 234
234 106
106 233
233 107
107 242
242 125
125 230
230 120
120 210
210 141
141 237
237 103
103 228
228 108
108 244
244 84
84 243
243 77
77 261
261 81
81 251
177 159
159 173
173 158
158 177
160 182
182 154
154 174
174 177
177 160
181 160
160 204
204 130
130 163
163 167
167 157
157 181
40 296
296 49
49 280
280 75
75 247
247 72
72 262
262 118
118 220
220 168
168 192
192 166
166 196
196 133
133 207
207 152
152 201
201 160
160 206
206 181
181 151
151 215
215 140
140 203
203 144
144 226
226 95
95 222
222 92
92 251
251 98
98 259
259 56
56 287
287 40
38 319
319 45
45 283
283 60
60 301
301 35
35 289
289 53
53 302
302 50
50 293
293 81
81 263
263 72
72 292
292 21
21 316
316 40
40 313
313 30
30 284
284 38
101 243
243 92
92 239
239 101
269 101
101 264
264 61
61 281
281 86
86 268
268 83
83 269
314 42
42 309
309 24
24 343
343 8
8 320
320 25
25 316
316 31
31 291
291 23
23 318
318 27
27 288
288 93
93 301
301 65
65 282
282 55
55 293
293 53
53 295
295 28
28 303
303 35
35 314
12 360
360 11
11 329
329 21
21 312
312 39
39 314
314 18
18 308
308 64
64 277
277 100
100 235
235 95
95 269
269 102
102 255
255 96
96 223
223 132
132 221
221 127
127 228
228 143
143 225
225 113
113 252
252 91
91 323
323 2
2 330
330 5
5 324
324 12
327 28
28 304
304 20
20 308
308 58
58 303
303 37
37 324
324 10
10 338
338 12
12 327
1 363
363 28
28 344
344 17
17 327
327 68
68 265
265 71
71 275
275 67
67 283
283 48
48 294
294 38
38 299
299 36
36 300
300 19
19 311
311 1
29 336
336 19
19 321
321 22
22 297
297 54
54 289
289 55
55 285
285 29
62 287
287 57
57 279
279 52
52 280
280 62
69 285
285 66
66 274
274 69
5 362
362 32
32 304
304 69
69 284
284 33
33 315
315 61
61 296
296 62
62 298
298 56
56 305
305 29
29 308
308 34
34 333
333 5
310 60
60 291
291 41
41 286
286 63
63 324
324 56
56 311
311 36
36 310
77 283
283 92
92 265
265 95
95 273
273 74
74 270
270 77
247 88
88 292
292 77
77 247
150 209
209 149
149 228
228 135
135 220
220 137
137 223
223 129
129 227
227 128
128 202
202 150
257 127
127 236
236 140
140 252
252 150
150 214
214 124
124 232
232 110
110 255
255 104
104 271
271 98
98 257
248 103
103 257
257 106
106 249
249 105
105 239
239 107
107 287
287 85
85 247
247 82
82 261
261 97
97 248
159 199
199 180
180 157
157 183
183 178
178 162
162 175
175 164
164 169
169 208
208 151
151 209
209 184
184 155
155 187
187 159
159 190
190 164
164 197
197 162
162 207
207 148
148 200
200 146
146 203
203 206
206 166
166 226
226 158
158 189
189 159
165 187
187 173
173 165
172 175
175 191
191 165
165 219
219 160
160 205
205 159
159 228
228 182
182 177
177 188
188 170
170 172
174 204
204 172
172 174
187 205
205 183
183 188
188 187
174 190
190 187
187 174
108 267
267 106
106 270
270 104
104 269
269 96
96 274
274 95
95 275
275 94
94 281
281 88
88 277
277 82
82 280
280 59
59 318
318 30
30 325
325 33
33 288
288 91
91 292
292 90
90 231
231 129
129 233
233 130
130 210
210 154
154 195
195 174
174 163
163 229
229 149
149 224
224 132
132 246
246 108
1 376
376 27
27 362
362 6
6 345
345 8
8 353
353 48
48 286
286 108
108 257
257 117
117 264
264 110
110 249
249 112
112 248
248 114
114 241
241 89
89 290
290 55
55 297
297 41
41 310
310 24
24 338
338 13
13 339
339 7
7 363
363 5
5 340
340 1
18 330
330 44
44 288
288 67
67 296
296 66
66 305
305 90
90 333
333 36
36 322
322 24
24 321
321 30
30 336
336 50
50 309
309 70
70 327
327 43
43 342
342 38
38 312
312 23
23 339
339 16
16 326
326 18
18 382
382 5
5 374
374 6
6 370
370 11
11 401
401 46
46 344
344 34
34 332
332 67
67 320
320 42
42 316
316 55
55 312
312 71
71 304
304 59
59 338
338 26
26 321
321 39
39 331
331 18
310 91
91 320
320 69
69 310
216 121
121 239
239 174
174 215
215 153
153 210
210 169
169 207
207 170
170 199
199 188
188 201
201 171
171 195
195 157
157 235
235 119
119 216
232 158
158 227
227 145
145 232
243 121
121 260
260 112
112 255
255 136
136 244
244 153
153 232
232 141
141 220
220 165
165 216
216 146
146 236
236 133
133 248
248 134
134 247
247 107
107 263
263 111
111 243
113 243
243 155
155 224
224 159
159 234
234 113
113 249
249 128
128 245
245 116
116 238
238 113
262 105
105 253
253 113
113 259
259 148
148 222
222 144
144 276
276 83
83 280
280 84
84 262
78 285
285 87
87 268
268 115
115 262
262 78
242 137
137 238
238 124
124 255
255 142
142 241
241 120
120 242
167 210
210 171
171 222
222 179
179 200
200 167
243 167
167 209
209 152
152 220
220 183
183 219
219 166
166 218
218 180
180 214
214 198
198 185
185 189
189 161
161 217
217 156
156 246
246 176
176 251
251 116
116 249
249 126
126 243
272 107
107 270
270 118
118 285
285 103
103 290
290 97
97 273
273 101
101 272
279 111
111 272
272 72
72 291
291 113
113 265
265 119
119 264
264 127
127 263
263 114
114 266
266 122
122 231
231 147
147 243
243 141
141 233
233 132
132 242
242 159
159 239
239 154
154 221
221 151
151 230
230 191
191 268
268 112
112 288
288 78
78 279
164 255
255 126
126 250
250 135
135 247
247 155
155 252
252 144
144 257
257 145
145 237
237 162
162 203
203 164
279 101
101 307
307 126
126 258
258 138
138 240
240 133
133 262
262 158
158 233
233 151
151 231
231 173
173 228
228 194
194 189
189 192
192 226
226 168
168 235
235 164
164 254
254 89
89 279
300 118
118 274
274 98
98 315
315 57
57 295
295 94
94 279
279 104
104 289
289 76
76 310
310 81
81 302
302 77
77 296
296 86
86 284
284 79
79 306
306 53
53 309
309 93
93 300
41 351
351 4
4 337
337 53
53 313
313 63
63 295
295 73
73 294
294 87
87 293
293 96
96 300
300 54
54 319
319 41
363 24
24 334
334 14
14 363
9 354
354 47
47 363
363 26
26 343
343 41
41 335
335 21
21 340
340 9
16 360
360 15
15 329
329 52
52 349
349 16
95 291
291 101
101 281
281 95
311 74
74 294
294 78
78 312
312 59
59 311
358 33
33 356
356 12
12 352
352 65
65 311
311 95
95 299
299 85
85 306
306 82
82 308
308 35
35 336
336 40
40 341
341 13
13 354
354 16
16 358
19 376
376 29
29 358
358 25
25 345
345 10
10 400
400 17
17 348
348 23
23 326
326 42
42 339
339 51
51 357
357 8
8 374
374 11
11 371
371 9
9 350
350 18
18 353
353 19
328 43
43 336
336 59
59 317
317 54
54 339
339 58
58 334
334 64
64 340
340 35
35 328
119 281
281 116
116 297
297 62
62 325
325 89
89 261
261 123
123 278
278 119
284 119
119 298
298 87
87 309
309 73
73 331
331 52
52 336
336 69
69 329
329 60
60 344
344 100
100 300
300 104
104 296
296 102
102 292
292 147
147 241
241 160
160 287
287 117
117 284
166 243
243 161
161 240
240 186
186 219
219 201
201 199
199 185
185 203
203 208
208 172
172 234
234 166
202 199
199 218
218 192
192 200
200 207
207 178
178 215
215 211
211 190
190 193
193 202
238 204
204 200
200 202
202 187
187 236
236 197
197 189
189 220
220 170
170 229
229 172
172 237
237 166
166 245
245 141
141 284
284 106
106 271
271 122
122 286
286 114
114 275
275 150
150 272
272 142
142 256
256 155
155 264
264 121
121 267
267 140
140 238
210 200
200 234
234 180
180 222
222 187
187 210
177 217
217 193
193 210
210 178
178 212
212 188
188 205
205 196
196 177
175 227
227 177
177 230
230 163
163 232
232 165
165 244
244 143
143 249
249 154
154 262
262 146
146 238
238 198
198 221
221 175
1 365
365 21
21 360
360 55
55 322
322 84
84 316
316 78
78 311
311 118
118 301
301 104
104 307
307 107
107 273
273 137
137 258
258 169
169 224
224 195
195 205
205 189
189 225
225 175
175 247
247 167
167 253
253 109
109 279
279 99
99 302
302 97
97 299
299 98
98 304
304 76
76 342
342 50
50 353
353 36
36 356
356 68
68 328
328 2
2 364
364 19
19 361
361 1
40 359
359 18
18 354
354 23
23 397
397 15
15 375
375 41
41 345
345 40
366 23
23 364
364 55
55 362
362 30
30 367
367 40
40 352
352 31
31 348
348 37
37 346
346 2
2 368
368 3
3 366
366 30
30 365
365 19
19 366
131 273
273 199
199 243
243 172
172 250
250 151
151 257
257 157
157 238
238 164
164 260
260 131
266 155
155 269
269 131
131 266
294 142
142 286
286 136
136 285
285 119
119 304
304 111
111 303
303 75
75 313
313 87
87 311
311 94
94 314
314 114
114 294
109 302
302 119
119 294
294 156
156 257
257 163
163 241
241 165
165 273
273 153
153 261
261 135
135 274
274 133
133 266
266 121
121 280
280 109
395 11
11 379
379 2
2 387
387 19
19 368
368 7
7 395
71 325
325 78
78 322
322 82
82 318
318 86
86 312
312 80
80 324
324 71
334 89
89 329
329 71
71 345
345 52
52 368
368 30
30 409
409 33
33 371
371 39
39 403
403 11
11 399
399 7
7 384
384 24
24 379
379 18
18 395
395 22
22 361
361 50
50 365
365 56
56 330
330 43
43 332
332 109
109 310
310 103
103 331
331 74
74 328
328 73
73 334
317 90
90 309
309 98
98 329
329 107
107 320
320 97
97 334
334 67
67 343
343 51
51 341
341 72
72 305
305 83
83 335
335 44
44 337
337 60
60 347
347 10
10 380
380 61
61 317
381 10
10 373
373 34
34 379
379 27
27 382
382 52
52 358
358 51
51 350
350 35
35 375
375 57
57 365
365 62
62 330
330 104
104 314
314 102
102 313
313 88
88 319
319 76
76 317
317 77
77 370
370 25
25 366
366 4
4 381
96 312
312 117
117 302
302 122
122 280
280 154
154 276
276 146
146 281
281 124
124 294
294 120
120 305
305 96
43 359
359 96
96 347
347 64
64 360
360 66
66 356
356 42
42 351
351 43
346 63
63 337
337 54
54 346
60 361
361 69
69 352
352 60
28 413
413 2
2 402
402 19
19 420
420 6
6 386
386 3
3 369
369 26
26 376
376 67
67 351
351 74
74 377
377 28
36 414
414 2
2 415
415 16
16 387
387 8
8 434
434 28
28 390
390 10
10 410
410 4
4 372
372 51
51 363
363 60
60 358
358 64
64 368
368 59
59 346
346 89
89 342
342 83
83 308
308 92
92 316
316 128
128 301
301 120
120 299
299 132
132 279
279 123
123 293
293 106
106 355
355 36
12 399
399 14
14 396
396 20
20 380
380 12
9 389
389 24
24 385
385 12
12 386
386 9
54 371
371 44
44 359
359 54
26 386
386 49
49 385
385 42
42 372
372 54
54 341
341 93
93 345
345 79
79 322
322 101
101 318
318 91
91 325
325 87
87 348
348 38
38 412
412 18
18 407
407 39
39 374
374 26
10 398
398 40
40 374
374 48
48 397
397 68
68 417
417 26
26 380
380 70
70 351
351 94
94 319
319 126
126 327
327 85
85 354
354 72
72 353
353 90
90 350
350 84
84 389
389 35
35 387
387 23
23 391
391 10
1 422
422 27
27 393
393 10
10 408
408 9
9 388
388 36
36 364
364 66
66 373
373 43
43 381
381 1
308 163
163 306
306 111
111 308
330 105
105 307
307 110
110 270
270 159
159 252
252 160
160 284
284 146
146 278
278 125
125 291
291 129
129 300
300 115
115 308
308 154
154 296
296 130
130 326
326 86
86 332
332 73
73 340
340 76
76 339
339 71
71 330
157 272
272 164
164 284
284 166
166 256
256 170
170 232
232 201
201 225
225 228
228 203
203 212
212 190
190 216
216 171
171 249
249 172
172 270
270 157
178 257
257 180
180 247
247 207
207 213
213 217
217 178
263 178
178 230
230 196
196 220
220 190
190 219
219 188
188 231
231 187
187 240
240 168
168 260
260 165
165 264
264 160
160 279
279 145
145 283
283 135
135 293
293 136
136 291
291 138
138 263
179 250
250 184
184 230
230 200
200 220
220 222
222 190
190 224
224 188
188 260
260 170
170 258
258 212
212 216
216 217
217 214
214 181
181 215
215 210
210 219
219 202
202 218
218 237
237 211
211 223
223 185
185 229
229 171
171 241
241 179
179 257
257 184
184 251
251 179
181 264
264 169
169 273
273 174
174 258
258 173
173 252
252 181
182 253
253 181
181 238
238 194
194 232
232 187
187 239
239 182
282 161
161 266
266 134
134 289
289 133
133 282
116 331
331 120
120 317
317 116
330 116
116 292
292 150
150 282
282 172
172 254
254 182
182 242
242 202
202 250
250 223
223 224
224 193
193 261
261 179
179 263
263 143
143 274
274 157
157 281
281 152
152 280
280 131
131 290
290 112
112 323
323 119
119 308
308 140
140 271
271 151
151 314
314 118
118 328
328 114
114 322
322 103
103 352
352 76
76 351
351 80
80 321
321 81
81 344
344 97
97 330
141 290
290 159
159 289
289 149
149 267
267 127
127 265
265 162
162 274
274 171
171 259
259 139
139 248
248 141
124 297
297 138
138 292
292 129
129 303
303 139
139 275
275 175
175 241
241 196
196 233
233 188
188 262
262 165
165 279
279 167
167 274
274 179
179 266
266 169
169 265
265 141
141 298
298 186
186 245
245 205
205 220
220 210
210 221
221 209
209 206
206 240
240 191
191 288
288 124
340 110
110 309
309 124
124 302
302 137
137 295
295 145
145 318
318 102
102 344
344 95
95 337
337 78
78 340
313 124
124 324
324 113
113 313
215 233
233 232
232 215
220 237
237 221
221 213
213 235
235 215
215 220
250 220
220 216
216 263
263 207
207 250
313 172
172 284
284 192
192 253
253 183
183 247
247 208
208 246
246 190
190 231
231 214
214 250
250 222
222 227
227 185
185 283
283 162
162 293
293 166
166 290
290 143
143 294
294 129
129 297
297 159
159 313
316 163
163 313
313 122
122 316
341 91
91 346
346 75
75 341
342 109
109 341
341 118
118 323
323 127
127 307
307 132
132 316
316 108
108 342
335 116
116 342
342 103
103 340
340 106
106 339
339 86
86 335
379 82
82 336
336 98
98 335
335 117
117 333
333 99
99 330
330 101
101 364
364 38
38 382
382 37
37 379
408 20
20 398
398 32
32 383
383 41
41 401
401 13
13 408
25 408
408 48
48 379
379 45
45 403
403 50
50 393
393 34
34 404
404 25
367 76
76 374
374 69
69 380
380 64
64 383
383 47
47 367
378 43
43 386
386 73
73 358
358 90
90 376
376 71
71 356
356 74
74 382
382 51
51 399
399 40
40 414
414 57
57 409
409 66
66 368
368 84
84 361
361 127
127 357
357 63
63 367
367 38
38 375
375 83
83 365
365 58
58 381
381 45
45 390
390 30
30 408
408 49
49 426
426 2
2 424
424 15
15 419
419 25
25 378
351 104
104 365
365 89
89 351
238 221
221 252
252 198
198 267
267 194
194 256
256 181
181 255
255 176
176 286
286 188
188 257
257 185
185 242
242 224
224 241
241 204
204 244
244 217
217 249
249 211
211 238
92 362
362 108
108 319
319 135
135 307
307 156
156 304
304 164
164 311
311 112
112 315
315 167
167 289
289 170
170 273
273 173
173 281
281 158
158 294
294 146
146 292
292 187
187 259
259 177
177 274
274 174
174 278
278 198
198 255
255 195
195 239
239 193
193 231
231 238
238 201
201 234
234 228
228 251
251 189
189 248
248 168
168 343
343 98
98 348
348 113
113 351
351 133
133 331
331 123
123 308
308 134
134 321
321 92
336 123
123 372
372 86
86 358
358 92
92 387
387 65
65 366
366 87
87 336
72 386
386 70
70 388
388 23
23 415
415 33
33 423
423 19
19 435
435 29
29 405
405 11
11 424
424 5
5 431
431 21
21 369
369 72
1 487
487 32
32 421
421 54
54 379
379 71
71 381
381 72
72 373
373 94
94 376
376 98
98 368
368 78
78 356
356 88
88 353
353 105
105 336
336 117
117 385
385 61
61 395
395 43
43 398
398 60
60 378
378 31
31 392
392 52
52 418
418 1
11 456
456 7
7 437
437 6
6 428
428 33
33 435
435 28
28 446
446 20
20 431
431 11
26 437
437 8
8 422
422 26
5 498
498 10
10 466
466 33
33 452
452 26
26 459
459 9
9 444
444 5
12 458
458 5
5 436
436 11
11 432
432 52
52 394
394 12
155 276
276 169
169 271
271 155
206 254
254 200
200 231
231 206
239 227
227 260
260 206
206 226
226 239
277 185
185 270
270 176
176 265
265 227
227 254
254 226
226 219
219 243
243 201
201 242
242 204
204 259
259 210
210 247
247 235
235 232
232 238
238 236
236 239
239 213
213 280
280 153
153 297
297 144
144 307
307 143
143 308
308 155
155 277
95 361
361 110
110 353
353 95
40 407
407 37
37 392
392 83
83 379
379 69
69 393
393 95
95 354
354 121
121 351
351 157
157 277
277 148
148 327
327 145
145 323
323 128
128 334
334 99
99 363
363 77
77 405
405 35
35 410
410 45
45 414
414 61
61 403
403 81
81 371
371 63
63 394
394 55
55 402
402 34
34 408
408 42
42 404
404 40
12 434
434 31
31 430
430 4
4 468
468 33
33 491
491 14
14 428
428 40
40 420
420 30
30 411
411 12
366 99
99 370
370 85
85 417
417 91
91 366
160 272
272 176
176 289
289 189
189 269
269 160
299 160
160 317
317 138
138 315
315 130
130 299
162 309
309 165
165 275
275 196
196 288
288 194
194 299
299 162
161 323
323 147
147 324
324 142
142 322
322 137
137 328
328 138
138 326
326 143
143 350
350 141
141 291
291 205
205 275
275 179
179 301
301 162
162 292
292 161
262 210
210 276
276 177
177 306
306 191
191 296
296 175
175 293
293 193
193 248
248 209
209 245
245 213
213 257
257 197
197 262
202 269
269 212
212 262
262 206
206 268
268 204
204 264
264 202
139 335
335 130
130 339
339 116
116 349
349 174
174 281
281 181
181 265
265 223
223 274
274 202
202 253
253 208
208 279
279 180
180 302
302 146
146 331
331 139
329 137
137 336
336 115
115 329
355 137
137 342
342 138
138 339
339 145
145 329
329 144
144 335
335 143
143 333
333 120
120 332
332 139
139 320
320 161
161 308
308 228
228 267
267 203
203 258
258 190
190 271
271 178
178 312
312 129
129 370
370 103
103 345
345 117
117 337
337 124
124 356
356 118
118 355
114 360
360 128
128 351
351 148
148 305
305 152
152 324
324 179
179 282
282 183
183 294
294 176
176 291
291 169
169 355
355 114
425 17
17 422
422 45
45 435
435 41
41 413
413 117
117 379
379 114
114 389
389 102
102 338
338 101
101 397
397 77
77 367
367 87
87 392
392 38
38 441
441 34
34 445
445 8
8 448
448 20
20 457
457 51
51 406
406 36
36 419
419 63
63 415
415 96
96 366
366 89
89 378
378 80
80 375
375 59
59 416
416 13
13 440
440 2
2 480
480 4
4 451
451 12
12 425
422 69
69 402
402 85
85 373
373 76
76 413
413 46
46 430
430 55
55 399
399 62
62 390
390 47
47 419
419 86
86 381
381 90
90 374
374 78
78 432
432 21
21 434
434 43
43 408
408 50
50 422
98 386
386 93
93 392
392 97
97 366
366 107
107 344
344 120
120 360
360 118
118 380
380 76
76 396
396 56
56 418
418 87
87 402
402 74
74 394
394 115
115 377
377 111
111 345
345 119
119 371
371 84
84 383
383 79
79 382
382 98
120 363
363 118
118 365
365 140
140 332
332 126
126 340
340 122
122 348
348 120
131 349
349 120
120 345
345 131
358 105
105 376
376 100
100 411
411 47
47 391
391 99
99 384
384 101
101 358
132 352
352 106
106 358
358 88
88 381
381 121
121 385
385 124
124 346
346 132
134 356
356 145
145 346
346 125
125 358
358 122
122 360
360 132
132 380
380 119
119 353
353 131
131 310
310 134
58 419
419 49
49 412
412 58
453 23
23 461
461 9
9 498
498 36
36 431
431 30
30 424
424 56
56 420
420 58
58 369
369 133
133 354
354 112
112 376
376 113
113 359
359 106
106 368
368 126
126 353
353 155
155 327
327 172
172 319
319 136
136 338
338 134
134 344
344 130
130 373
373 92
92 382
382 104
104 383
383 98
98 413
413 82
82 390
390 67
67 422
422 38
38 425
425 25
25 472
472 3
3 453
469 58
58 429
429 17
17 444
444 75
75 421
421 35
35 427
427 37
37 445
445 62
62 440
440 19
19 436
436 27
27 472
472 33
33 469
453 35
35 469
469 11
11 450
450 24
24 453
424 50
50 410
410 93
93 388
388 80
80 418
418 74
74 412
412 67
67 400
400 120
120 379
379 126
126 384
384 109
109 361
361 112
112 401
401 53
53 430
430 64
64 407
407 72
72 448
448 40
40 434
434 65
65 395
395 73
73 414
414 85
85 441
441 45
45 424
47 436
436 49
49 424
424 42
42 425
425 47
1 454
454 50
50 431
431 47
47 423
423 44
44 398
398 114
114 417
417 97
97 453
453 1
1 483
483 6
6 442
442 18
18 455
455 19
19 462
462 65
65 437
437 52
52 434
434 56
56 439
439 13
13 433
433 85
85 424
424 57
57 446
446 48
48 444
444 34
34 451
451 15
15 460
460 5
5 476
476 26
26 465
465 1
456 22
22 454
454 25
25 447
447 63
63 429
429 59
59 445
445 52
52 452
452 54
54 464
464 19
19 456
7 473
473 13
13 442
442 27
27 471
471 2
2 463
463 17
17 438
438 31
31 450
450 48
48 459
459 43
43 443
443 18
18 478
478 8
8 500
500 19
19 484
484 38
38 472
472 34
34 465
465 46
46 456
456 37
37 467
467 7
359 172
172 330
330 135
135 362
362 175
175 307
307 151
151 333
333 147
147 325
325 150
150 310
310 166
166 311
311 190
190 265
265 232
232 237
237 231
231 229
229 245
245 216
216 261
261 208
208 272
272 168
168 323
323 183
183 308
308 176
176 338
338 144
144 372
372 125
125 359
130 370
370 137
137 359
359 130
110 398
398 71
71 420
420 60
60 408
408 108
108 392
392 110
394 110
110 368
368 127
127 364
364 106
106 409
409 104
104 399
399 147
147 337
337 129
129 367
367 123
123 374
374 107
107 397
397 113
113 393
393 94
94 378
378 145
145 360
360 130
130 375
375 88
88 394
264 226
226 269
269 204
204 271
271 201
201 255
255 234
234 214
214 264
247 229
229 283
283 200
200 309
309 221
221 247
264 242
242 247
247 216
216 270
270 213
213 265
265 208
208 277
277 196
196 282
282 209
209 258
258 219
219 246
246 225
225 241
241 231
231 264
253 248
248 217
217 250
250 229
229 252
252 224
224 253
231 267
267 258
258 246
246 239
239 253
253 235
235 249
249 231
214 281
281 207
207 292
292 197
197 289
289 200
200 291
291 180
180 305
305 159
159 335
335 179
179 336
336 158
158 316
316 164
164 318
318 254
254 255
255 214
271 232
232 273
273 203
203 288
288 217
217 271
250 257
257 237
237 233
233 271
271 220
220 275
275 243
243 250
290 201
201 278
278 182
182 306
306 184
184 303
303 220
220 280
280 241
241 249
249 236
236 256
256 265
265 250
250 244
244 230
230 218
218 262
262 245
245 272
272 214
214 268
268 224
224 261
261 269
269 231
231 260
260 238
238 264
264 206
206 293
293 181
181 290
406 83
83 395
395 155
155 357
357 134
134 376
376 127
127 374
374 146
146 341
341 136
136 334
334 154
154 315
315 207
207 336
336 210
210 294
294 214
214 286
286 182
182 290
290 173
173 339
339 139
139 408
408 84
84 405
405 89
89 396
396 105
105 416
416 80
80 410
410 68
68 406
419 84
84 445
445 69
69 431
431 57
57 428
428 73
73 406
406 102
102 394
394 76
76 419
476 31
31 462
462 35
35 479
479 68
68 415
415 83
83 412
412 100
100 405
405 110
110 396
396 106
106 391
391 70
70 442
442 21
21 483
483 2
2 490
490 27
27 477
477 44
44 447
447 39
39 457
457 76
76 406
406 77
77 419
419 67
67 436
436 59
59 474
474 25
25 470
470 7
7 476
481 22
22 476
476 24
24 468
468 12
12 481
481 59
59 452
452 53
53 465
465 55
55 479
479 51
51 462
462 60
60 456
456 50
50 482
482 17
17 497
497 28
28 473
473 45
45 454
454 42
42 427
427 71
71 404
404 81
81 415
415 82
82 419
419 83
83 422
422 77
77 423
423 89
89 410
410 109
109 435
435 56
56 463
463 37
37 470
470 47
47 485
485 24
24 487
487 23
23 481
321 181
181 320
320 167
167 325
325 166
166 315
315 160
160 300
300 149
149 321
259 260
260 239
239 259
259 249
249 293
293 212
212 287
287 208
208 288
288 206
206 266
266 211
211 276
276 226
226 337
337 187
187 301
301 193
193 296
296 244
244 259
61 471
471 35
35 476
476 48
48 469
469 60
60 470
470 54
54 461
461 30
30 438
438 78
78 404
404 113
113 409
409 112
112 369
369 135
135 363
363 122
122 393
393 133
133 390
390 129
129 378
378 131
131 361
361 169
169 344
344 153
153 285
285 168
168 324
324 180
180 323
323 171
171 314
314 215
215 268
268 250
250 270
270 247
247 251
251 257
257 259
259 222
222 308
308 191
191 321
321 162
162 342
342 158
158 407
407 125
125 388
388 107
107 412
412 109
109 439
439 61
92 428
428 67
67 443
443 66
66 425
425 83
83 438
438 82
82 446
446 61
61 430
430 70
70 434
434 88
88 403
403 120
120 427
427 106
106 410
410 92
40 468
468 52
52 449
449 56
56 466
466 40
438 108
108 414
414 93
93 438
1 494
494 73
73 434
434 96
96 421
421 80
80 432
432 90
90 415
415 94
94 438
438 88
88 477
477 40
40 455
455 92
92 491
491 55
55 486
486 25
25 481
481 1
1 495
495 12
12 494
494 17
17 492
492 8
8 488
488 40
40 484
484 60
60 493
493 1
163 370
370 134
134 398
398 133
133 406
406 115
115 419
419 99
99 422
422 104
104 431
431 72
72 466
466 112
112 450
450 63
63 449
449 64
64 465
465 62
62 468
468 80
80 423
423 118
118 389
389 145
145 379
379 123
123 385
385 138
138 376
376 177
177 326
326 163
341 163
163 322
322 173
173 304
304 194
194 305
305 201
201 291
291 233
233 297
297 192
192 301
301 196
196 319
319 176
176 311
311 178
178 315
315 168
168 327
327 161
161 335
335 160
160 341
72 465
465 86
86 445
445 97
97 444
444 77
77 460
460 72
153 352
352 142
142 354
354 143
143 374
374 128
128 400
400 101
101 434
434 74
74 452
452 64
64 463
463 72
72 457
457 49
49 469
469 76
76 482
482 65
65 484
484 103
103 394
394 162
162 341
341 150
150 348
348 153
149 372
372 152
152 332
332 149
289 202
202 282
282 213
213 287
287 223
223 304
304 206
206 321
321 197
197 307
307 205
205 303
303 199
199 289
296 209
209 303
303 243
243 294
294 242
242 279
279 236
236 289
289 203
203 296
305 234
234 287
287 230
230 261
261 265
265 296
296 195
195 305
325 215
215 329
329 159
159 351
351 158
158 348
348 189
189 300
300 212
212 305
305 211
211 284
284 250
250 276
276 222
222 301
301 198
198 318
318 185
185 316
316 184
184 312
312 190
190 326
326 181
181 325
183 339
339 181
181 338
338 194
194 325
325 183
392 116
116 386
386 111
111 392
122 427
427 131
131 394
394 123
123 392
392 137
137 377
377 132
132 369
369 154
154 346
346 163
163 411
411 101
101 429
429 99
99 428
428 98
98 424
424 144
144 375
375 135
135 380
380 136
136 356
356 166
166 332
332 183
183 334
334 149
149 349
349 153
153 383
383 122
359 168
168 354
354 176
176 346
346 160
160 372
372 163
163 361
361 149
149 371
371 140
140 400
400 166
166 359
288 271
271 240
240 263
263 238
238 282
282 235
235 288
205 331
331 167
167 358
358 158
158 373
373 182
182 295
295 188
188 310
310 193
193 313
313 178
178 327
327 223
223 311
311 196
196 330
330 184
184 324
324 205
288 251
251 252
252 268
268 257
257 282
282 239
239 261
261 237
237 283
283 235
235 306
306 217
217 336
336 214
214 349
349 161
161 351
351 165
165 357
357 205
205 312
312 219
219 286
286 226
226 285
285 265
265 290
290 250
250 288
323 196
196 327
327 192
192 323
320 202
202 295
295 226
226 385
385 197
197 354
354 185
185 320
139 380
380 168
168 361
361 167
167 342
342 173
173 351
351 170
170 358
358 191
191 333
333 203
203 314
314 195
195 302
302 200
200 320
320 188
188 316
316 216
216 325
325 198
198 323
323 265
265 312
312 208
208 319
319 218
218 266
266 245
245 267
267 261
261 279
279 249
249 275
275 224
224 277
277 288
288 222
222 359
359 139
352 161
161 350
350 187
187 343
343 196
196 360
360 160
160 352
246 300
300 229
229 311
311 225
225 304
304 230
230 317
317 231
231 285
285 246
262 263
263 291
291 240
240 273
273 260
260 272
272 261
261 268
268 258
258 289
289 246
246 262
267 259
259 277
277 269
269 274
274 256
256 255
255 267
292 251
251 298
298 226
226 301
301 240
240 292
283 248
248 295
295 238
238 283
404 152
152 406
406 137
137 396
396 128
128 404
190 341
341 194
194 345
345 159
159 363
363 141
141 404
404 119
119 399
399 126
126 427
427 181
181 346
346 242
242 304
304 246
246 325
325 234
234 311
311 266
266 296
296 268
268 283
283 277
277 292
292 245
245 284
284 237
237 307
307 204
204 310
310 232
232 281
281 255
255 280
280 286
286 263
263 323
323 206
206 313
313 235
235 285
285 267
267 252
252 262
262 321
321 208
208 328
328 188
188 339
339 186
186 352
352 212
212 315
315 190
380 161
161 386
386 153
153 356
356 199
199 347
347 220
220 333
333 258
258 302
302 250
250 309
309 228
228 318
318 221
221 341
341 200
200 316
316 213
213 313
313 209
209 364
364 172
172 375
375 157
157 380
53 478
478 74
74 494
494 25
25 498
498 32
32 492
492 33
33 495
495 40
40 490
490 71
71 447
447 84
84 432
432 93
93 420
420 94
94 436
436 96
96 472
472 53
415 107
107 424
424 102
102 469
469 52
52 476
476 53
53 455
455 90
90 460
460 101
101 415
409 126
126 415
415 117
117 418
418 128
128 444
444 114
114 409
489 81
81 433
433 104
104 429
429 124
124 409
409 130
130 388
388 186
186 363
363 164
164 348
348 213
213 346
346 188
188 344
344 179
179 380
380 148
148 368
368 190
190 362
362 139
139 376
376 150
150 395
395 121
121 440
440 70
70 462
462 110
110 412
412 122
122 454
454 56
56 475
475 18
18 489
410 119
119 425
425 117
117 423
423 148
148 392
392 174
174 390
390 191
191 363
363 209
209 326
326 216
216 327
327 198
198 342
342 207
207 322
322 211
211 339
339 193
193 356
356 180
180 371
371 154
154 427
427 156
156 368
368 179
179 353
353 142
142 394
394 150
150 402
402 95
95 460
460 118
118 445
445 113
113 410
403 133
133 421
421 109
109 420
420 138
138 415
415 137
137 410
410 126
126 412
412 121
121 403
123 445
445 143
143 401
401 123
422 122
122 432
432 137
137 433
433 87
87 447
447 113
113 450
450 123
123 416
416 121
121 429
429 116
116 437
437 100
100 422
467 100
100 453
453 104
104 434
434 117
117 443
443 89
89 426
426 119
119 422
422 158
158 397
397 157
157 402
402 153
153 408
408 140
140 376
376 142
142 396
396 146
146 398
398 164
164 382
382 141
141 389
389 132
132 381
381 127
127 409
409 129
129 403
403 111
111 485
485 78
78 495
495 42
42 467
451 121
121 439
439 125
125 442
442 108
108 441
441 116
116 457
457 97
97 460
460 105
105 446
446 89
89 449
449 77
77 451
425 133
133 418
418 129
129 425
422 136
136 424
424 111
111 414
414 159
159 405
405 177
177 379
379 173
173 367
367 151
151 416
416 134
134 422
202 382
382 176
176 367
367 189
189 383
383 163
163 376
376 154
154 391
391 169
169 392
392 170
170 378
378 172
172 373
373 208
208 330
330 204
204 361
361 187
187 371
371 192
192 332
332 184
184 386
386 165
165 394
394 186
186 390
390 180
180 365
365 171
171 348
348 202
464 113
113 466
466 92
92 461
461 207
207 351
351 204
204 332
332 206
206 372
372 178
178 357
357 188
188 374
374 185
185 376
376 228
228 315
315 240
240 303
303 252
252 276
276 253
253 390
390 194
194 370
370 184
184 365
365 196
196 352
352 202
202 358
358 212
212 422
422 145
145 425
425 144
144 426
426 94
94 448
448 83
83 458
458 99
99 451
451 95
95 467
467 64
64 464
26 497
497 47
47 473
473 86
86 495
495 85
85 456
456 90
90 477
477 102
102 500
500 39
39 487
487 26
463 89
89 459
459 82
82 452
452 117
117 468
468 83
83 483
483 54
54 499
499 26
26 481
481 77
77 463
95 494
494 90
90 463
463 75
75 480
480 95
487 69
69 497
497 51
51 487
63 473
473 64
64 499
499 85
85 497
497 86
86 474
474 89
89 487
487 95
95 475
475 67
67 464
464 63
261 298
298 260
260 275
275 279
279 270
270 287
287 261
229 337
337 252
252 311
311 275
275 278
278 247
247 303
303 261
261 314
314 229
230 346
346 216
216 361
361 227
227 336
336 229
229 315
315 267
267 299
299 277
277 293
293 269
269 320
320 224
224 310
310 230
210 366
366 196
196 369
369 209
209 378
378 193
193 353
353 210
326 232
232 357
357 206
206 355
355 183
183 380
380 210
210 358
358 211
211 326
329 231
231 319
319 226
226 338
338 233
233 339
339 217
217 329
278 283
283 270
270 297
297 257
257 281
281 276
276 262
262 280
280 278
274 289
289 276
276 287
287 296
296 281
281 280
280 297
297 278
278 282
282 274
313 243
243 322
322 240
240 337
337 257
257 301
301 274
274 284
284 255
255 316
316 219
219 329
329 225
225 313
285 255
255 303
303 270
270 291
291 352
352 259
259 325
325 248
248 317
317 239
239 285
324 238
238 319
319 241
241 334
334 201
201 373
373 217
217 371
371 195
195 324
304 255
255 355
355 243
243 324
324 247
247 304
310 278
278 304
304 260
260 301
301 262
262 310
273 311
311 300
300 253
253 308
308 263
263 302
302 274
274 310
310 272
272 264
264 307
307 273
236 327
327 235
235 315
315 253
253 322
322 273
273 303
303 256
256 285
285 249
249 313
313 236
326 289
289 287
287 283
283 299
299 276
276 314
314 263
263 315
315 236
236 326
230 343
343 198
198 348
348 201
201 350
350 200
200 345
345 262
262 319
319 249
249 326
326 230
397 169
169 395
395 171
171 388
388 230
230 399
399 160
160 397
232 335
335 231
231 333
333 244
244 305
305 250
250 342
342 222
222 345
345 240
240 341
341 225
225 344
344 215
215 331
331 218
218 332
332 246
246 329
329 232
170 408
408 189
189 376
376 220
220 356
356 203
203 340
340 218
218 354
354 225
225 362
362 236
236 338
338 232
232 328
328 223
223 375
375 196
196 386
386 242
242 367
367 214
214 387
387 185
185 440
440 122
122 448
448 129
129 434
434 106
106 469
469 152
152 410
410 146
146 403
403 135
135 444
444 130
130 443
443 142
142 412
412 179
179 397
397 170
414 139
139 413
413 132
132 414
418 149
149 414
414 170
170 396
396 167
167 401
401 151
151 417
417 153
153 404
404 155
155 421
421 150
150 428
428 134
134 418
109 452
452 96
96 458
458 114
114 486
486 67
67 498
498 61
61 479
479 108
108 447
447 130
130 463
463 111
111 430
430 109
139 433
433 147
147 409
409 168
168 389
389 154
154 410
410 166
166 403
403 162
162 400
400 185
185 436
436 109
109 431
431 128
128 419
419 139
353 240
240 351
351 215
215 349
349 222
222 353
270 321
321 271
271 315
315 270
446 148
148 425
425 229
229 347
347 226
226 332
332 270
270 338
338 238
238 345
345 232
232 353
353 201
201 392
392 180
180 412
412 146
146 423
423 120
120 450
450 116
116 446
430 141
141 446
446 132
132 430
437 140
140 431
431 156
156 463
463 149
149 430
430 119
119 437
176 407
407 171
171 413
413 165
165 393
393 176
221 372
372 213
213 394
394 198
198 369
369 215
215 366
366 221
328 241
241 350
350 239
239 328
278 313
313 300
300 314
314 296
296 293
293 288
288 301
301 286
286 285
285 297
297 312
312 278
260 340
340 265
265 345
345 255
255 308
308 274
274 320
320 322
322 296
296 321
321 304
304 313
313 293
293 310
310 276
276 338
338 271
271 334
334 260
234 347
347 231
231 346
346 234
370 215
215 382
382 226
226 348
348 234
234 335
335 260
260 309
309 277
277 329
329 253
253 332
332 280
280 295
295 285
285 298
298 324
324 266
266 319
319 278
278 328
328 235
235 373
373 209
209 370
169 405
405 162
162 428
428 174
174 431
431 184
184 380
380 240
240 370
370 221
221 388
388 200
200 376
376 192
192 374
374 199
199 395
395 194
194 391
391 173
173 408
408 178
178 381
381 193
193 396
396 190
190 403
403 169
186 414
414 169
169 402
402 186
159 443
443 131
131 439
439 189
189 428
428 172
172 384
384 187
187 406
406 160
160 415
415 202
202 405
405 186
186 411
411 176
176 409
409 161
161 437
437 139
139 418
418 159
438 151
151 455
455 128
128 441
441 124
124 461
461 131
131 445
445 125
125 452
452 123
123 491
491 100
100 487
487 93
93 477
477 153
153 433
433 144
144 438
120 485
485 123
123 477
477 142
142 448
448 130
130 459
459 91
91 481
481 75
75 476
476 83
83 479
479 104
104 460
460 119
119 447
447 126
126 456
456 128
128 461
461 154
154 416
416 160
160 417
417 176
176 418
418 161
161 419
419 168
168 438
438 120
159 454
454 132
132 451
451 144
144 452
452 136
136 432
432 160
160 446
446 161
161 447
447 120
120 457
457 182
182 402
402 185
185 409
409 180
180 424
424 159
214 393
393 175
175 404
404 199
199 391
391 214
196 404
404 214
214 381
381 210
210 386
386 197
197 397
397 196
478 116
116 460
460 136
136 457
457 176
176 432
432 167
167 400
400 196
196 383
383 206
206 379
379 195
195 420
420 162
162 430
430 155
155 423
423 150
150 441
441 141
141 467
467 110
110 469
469 159
159 435
435 133
133 473
473 80
80 478
188 425
425 168
168 423
423 204
204 384
384 188
443 166
166 444
444 151
151 465
465 87
87 462
462 144
144 500
500 140
140 445
445 164
164 443
136 474
474 135
135 451
451 141
141 445
445 189
189 443
443 173
173 398
398 188
188 454
454 162
162 437
437 174
174 434
434 146
146 442
442 155
155 453
453 158
158 450
450 129
129 479
479 119
119 466
466 136
120 488
488 121
121 475
475 109
109 462
462 120
489 125
125 468
468 120
120 480
480 113
113 476
476 136
136 487
487 110
110 471
471 92
92 490
490 67
67 492
492 91
91 478
478 62
62 493
493 63
63 489
489 109
109 494
494 100
100 493
493 96
96 489
101 498
498 71
71 496
496 69
69 492
492 84
84 499
499 98
98 481
481 118
118 462
462 117
117 476
476 132
132 479
479 141
141 472
472 101
151 493
493 147
147 445
445 151
489 114
114 484
484 77
77 492
492 117
117 478
478 160
160 456
456 139
139 451
451 179
179 472
472 157
157 449
449 145
145 461
461 182
182 459
459 150
150 452
452 151
151 457
457 137
137 482
482 156
156 458
458 173
173 470
470 112
112 489
492 110
110 499
499 141
141 490
490 97
97 492
481 126
126 460
460 122
122 471
471 131
131 484
484 120
120 481
133 499
499 138
138 468
468 139
139 481
481 173
173 496
496 128
128 492
492 118
118 483
483 133
168 455
455 165
165 427
427 168
241 351
351 256
256 362
362 237
237 318
318 281
281 302
302 288
288 294
294 279
279 284
284 355
355 259
259 353
353 255
255 348
348 241
244 371
371 219
219 365
365 234
234 364
364 241
241 369
369 244
332 290
290 328
328 283
283 345
345 281
281 332
308 332
332 272
272 343
343 286
286 307
307 302
302 303
303 287
287 308
309 305
305 285
285 309
308 298
298 291
291 309
309 302
302 314
314 301
301 295
295 308
264 340
340 270
270 348
348 281
281 351
351 308
308 288
288 306
306 264
318 311
311 276
276 334
334 301
301 326
326 264
264 318
318 287
287 316
316 277
277 334
334 282
282 318
284 329
329 278
278 323
323 284
279 325
325 284
284 299
299 292
292 294
294 316
316 291
291 318
318 279
398 192
192 410
410 223
223 354
354 270
270 341
341 261
261 327
327 276
276 320
320 279
279 358
358 216
216 429
429 193
193 389
389 246
246 375
375 244
244 346
346 233
233 408
408 186
186 409
409 200
200 404
404 208
208 383
383 273
273 336
336 267
267 317
317 251
251 395
395 206
206 414
414 190
190 398
218 384
384 213
213 374
374 218
377 221
221 379
379 217
217 377
187 416
416 175
175 413
413 200
200 423
423 169
169 415
415 197
197 419
419 196
196 409
409 201
201 376
376 224
224 330
330 249
249 372
372 227
227 377
377 233
233 393
393 218
218 400
400 191
191 398
398 187
168 450
450 163
163 417
417 170
170 439
439 187
187 433
433 184
184 449
449 171
171 457
457 155
155 465
465 181
181 446
446 168
167 444
444 175
175 441
441 174
174 457
457 178
178 413
413 214
214 421
421 180
180 463
463 171
171 452
452 166
166 469
469 137
137 460
460 155
155 468
468 168
168 435
435 167
426 198
198 420
420 196
196 431
431 180
180 426
417 192
192 402
402 188
188 417
403 220
220 378
378 262
262 353
353 263
263 331
331 279
279 366
366 236
236 387
387 238
238 409
409 211
211 403
212 403
403 219
219 374
374 241
241 365
365 222
222 417
417 191
191 450
450 218
218 407
407 183
183 426
426 197
197 418
418 217
217 383
383 250
250 346
346 249
249 368
368 212
344 280
280 353
353 277
277 344
235 374
374 252
252 339
339 267
267 350
350 249
249 391
391 210
210 414
414 223
223 434
434 198
198 441
441 204
204 430
430 169
169 456
456 164
164 485
485 142
142 481
481 159
159 471
471 134
134 480
480 137
137 497
497 183
183 451
451 203
203 420
420 206
206 415
415 231
231 349
349 269
269 319
319 293
293 336
336 289
289 355
355 302
302 310
310 312
312 344
344 245
245 333
333 235
222 433
433 188
188 445
445 228
228 381
381 215
215 397
397 221
221 407
407 242
242 392
392 213
213 386
386 216
216 382
382 247
247 376
376 205
205 401
401 239
239 356
356 225
225 378
378 241
241 398
398 235
235 419
419 226
226 388
388 222
347 271
271 362
362 258
258 369
369 256
256 380
380 245
245 392
392 255
255 407
407 224
224 386
386 263
263 373
373 254
254 347
338 322
322 341
341 295
295 338
312 314
314 303
303 324
324 313
313 312
287 343
343 293
293 333
333 312
312 323
323 291
291 317
317 307
307 338
338 284
284 347
347 276
276 406
406 194
194 410
410 216
216 401
401 246
246 400
400 268
268 335
335 275
275 339
339 287
274 331
331 298
298 333
333 314
314 317
317 306
306 294
294 345
345 287
287 327
327 330
330 274
212 416
416 194
194 411
411 244
244 415
415 241
241 381
381 233
233 383
383 253
253 378
378 248
248 363
363 265
265 373
373 307
307 321
321 325
325 288
288 354
354 301
301 335
335 274
274 423
423 217
217 463
463 222
222 405
405 212
498 150
150 466
466 220
220 411
411 212
212 444
444 170
170 464
464 143
143 476
476 131
131 492
492 145
145 498
490 174
174 462
462 154
154 490
144 476
476 166
166 467
467 144
438 197
197 427
427 216
216 425
425 194
194 432
432 195
195 438
295 352
352 293
293 347
347 295
291 353
353 295
295 343
343 288
288 329
329 291
340 330
330 341
341 323
323 328
328 299
299 339
339 304
304 340
342 314
314 340
340 289
289 342
337 311
311 331
331 292
292 337
342 319
319 285
285 334
334 309
309 321
321 318
318 306
306 329
329 317
317 337
337 251
251 381
381 259
259 363
363 260
260 346
346 261
261 356
356 287
287 366
366 327
327 344
344 322
322 343
343 298
298 342
266 363
363 267
267 360
360 261
261 349
349 266
332 324
324 326
326 335
335 313
313 332
356 285
285 368
368 294
294 336
336 337
337 332
332 310
310 372
372 279
279 348
348 272
272 346
346 300
300 333
333 306
306 393
393 280
280 378
378 261
261 365
365 266
266 356
240 388
388 258
258 384
384 259
259 407
407 265
265 386
386 240
215 430
430 205
205 413
413 240
240 399
399 234
234 396
396 260
260 383
383 252
252 394
394 332
332 344
344 334
334 296
296 365
365 271
271 370
370 249
249 375
375 272
272 357
357 276
276 356
356 305
305 320
320 315
315 342
342 291
291 382
382 233
233 414
414 215
457 213
213 445
445 215
215 438
438 180
180 442
442 185
185 457
457 216
216 446
446 189
189 457
457 224
224 431
431 212
212 418
418 200
200 427
427 199
199 410
410 233
233 401
401 253
253 405
405 254
254 397
397 264
264 376
376 274
274 346
346 312
312 362
362 283
283 358
358 282
282 361
361 288
288 349
349 318
318 355
355 341
341 342
342 324
324 343
343 344
344 350
350 286
286 357
357 292
292 375
375 256
256 398
398 248
248 403
403 249
249 385
385 243
243 425
425 246
246 408
408 235
235 413
413 230
230 389
389 245
245 437
437 193
193 439
439 210
210 450
450 196
196 455
455 172
172 473
473 158
158 458
458 205
205 457
428 225
225 416
416 235
235 418
418 214
214 428
483 182
182 466
466 189
189 496
496 255
255 415
415 302
302 356
356 289
289 349
349 296
296 383
383 290
290 360
360 306
306 373
373 275
275 387
387 276
276 419
419 260
260 399
399 262
262 389
389 237
237 428
428 206
206 457
457 175
175 461
461 163
163 468
468 176
176 482
482 146
146 480
480 161
161 490
490 151
151 498
498 120
120 494
494 126
126 483
453 187
187 466
466 198
198 439
439 223
223 446
446 228
228 461
461 192
192 459
459 195
195 468
468 169
169 483
483 124
124 486
486 179
179 453
165 484
484 175
175 469
469 169
169 479
479 166
166 487
487 173
173 499
499 139
139 478
478 165
489 182
182 488
488 131
131 486
486 165
165 460
460 170
170 456
456 214
214 426
426 190
190 440
440 193
193 459
459 199
199 432
432 219
219 444
444 223
223 453
453 167
167 495
495 123
123 489
489 157
157 492
492 148
148 489
249 414
414 236
236 377
377 251
251 396
396 238
238 404
404 249
497 161
161 492
492 163
163 476
476 155
155 478
478 181
181 480
480 154
154 477
477 143
143 497
211 458
458 203
203 452
452 180
180 474
474 210
210 459
459 206
206 448
448 240
240 428
428 238
238 417
417 236
236 416
416 237
237 467
467 171
171 493
493 182
182 497
497 202
202 456
456 235
235 429
429 217
217 426
426 242
242 433
433 225
225 430
430 221
221 440
440 249
249 422
422 232
232 410
410 211
462 230
230 456
456 215
215 469
469 188
188 472
472 189
189 490
490 180
180 462
212 462
462 187
187 460
460 204
204 452
452 212
211 436
436 256
256 402
402 227
227 442
442 190
190 447
447 177
177 476
476 168
168 494
494 131
131 491
491 186
186 449
449 208
208 466
466 212
212 435
435 226
226 420
420 252
252 427
427 211
219 452
452 250
250 388
388 263
263 396
396 269
269 398
398 277
277 458
458 229
229 430
430 232
232 445
445 219
287 363
363 299
299 346
346 284
284 351
351 326
326 329
329 315
315 353
353 298
298 359
359 287
404 308
308 373
373 314
314 348
348 291
291 363
363 306
306 364
364 317
317 407
407 285
285 378
378 298
298 361
361 287
287 379
379 266
266 369
369 281
281 404
359 339
339 309
309 351
351 286
286 376
376 267
267 374
374 278
278 367
367 289
289 386
386 272
272 377
377 318
318 359
311 365
365 343
343 329
329 380
380 261
261 381
381 303
303 356
356 304
304 345
345 320
320 336
336 359
359 311
410 262
262 409
409 281
281 370
370 316
316 346
346 328
328 338
338 345
345 315
315 357
357 321
321 364
364 311
311 352
352 297
297 363
363 293
293 404
404 239
239 450
450 258
258 403
403 257
257 410
412 282
282 369
369 294
294 381
381 278
278 409
409 266
266 395
395 270
270 402
402 275
275 394
394 271
271 389
389 272
272 410
410 247
247 412
399 267
267 418
418 263
263 399
234 439
439 259
259 413
413 265
265 414
414 251
251 408
408 257
257 420
420 239
239 426
426 260
260 422
422 273
273 391
391 290
290 398
398 271
271 399
399 297
297 366
366 301
301 412
412 234
189 488
488 198
198 474
474 199
199 472
472 192
192 479
479 189
200 473
473 218
218 454
454 193
193 498
498 164
164 478
478 203
203 499
499 201
201 455
455 270
270 396
396 283
283 369
369 287
287 368
368 312
312 358
358 335
335 347
347 313
313 373
373 316
316 400
400 264
264 451
451 200
432 244
244 462
462 224
224 477
477 176
176 483
483 170
170 487
487 171
171 485
485 200
200 449
449 233
233 432
243 432
432 239
239 430
430 234
234 435
435 241
241 442
442 242
242 429
429 243
211 478
478 195
195 464
464 234
234 452
452 225
225 441
441 226
226 440
440 243
243 460
460 205
205 490
490 212
212 471
471 219
219 443
443 211
470 239
239 455
455 231
231 443
443 226
226 457
457 235
235 468
468 208
208 481
481 167
167 486
486 176
176 493
493 194
194 483
483 177
177 482
482 207
207 470
459 226
226 470
470 214
214 459
274 389
389 276
276 388
388 274
216 480
480 218
218 478
478 215
215 487
487 204
204 472
472 213
213 473
473 230
230 464
464 217
217 449
449 257
257 426
426 254
254 425
425 274
274 392
392 272
272 421
421 227
227 440
440 247
247 459
459 216
497 207
207 494
494 188
188 484
484 192
192 482
482 195
195 500
500 194
194 497
187 491
491 204
204 497
497 232
232 466
466 231
231 465
465 187
313 437
437 251
251 448
448 237
237 439
439 263
263 424
424 236
236 431
431 292
292 367
367 328
328 352
352 360
360 336
336 365
365 363
363 320
320 349
349 309
309 371
371 313
485 248
248 435
435 294
294 389
389 291
291 370
370 288
288 397
397 279
279 374
374 313
313 394
394 290
290 438
438 261
261 441
441 227
227 482
482 205
205 495
495 177
177 493
493 213
213 476
476 187
187 485
489 224
224 484
484 217
217 473
473 225
225 471
471 245
245 411
411 272
272 401
401 276
276 408
408 316
316 379
379 288
288 385
385 284
284 396
396 293
293 451
451 271
271 439
439 244
244 433
433 262
262 483
483 205
205 485
485 209
209 474
474 211
211 489
251 465
465 242
242 454
454 243
243 470
470 263
263 462
462 251
236 472
472 226
226 499
499 261
261 452
452 237
237 493
493 238
238 473
473 247
247 454
454 246
246 466
466 236
475 235
235 477
477 236
236 492
492 196
196 475
488 219
219 475
475 241
241 471
471 239
239 500
500 222
222 490
490 211
211 488
408 291
291 410
410 289
289 396
396 311
311 395
395 301
301 370
370 312
312 372
372 355
355 322
322 374
374 287
287 408
253 447
447 249
249 446
446 286
286 387
387 326
326 358
358 322
322 368
368 309
309 381
381 305
305 397
397 312
312 392
392 287
287 401
401 297
297 402
402 277
277 417
417 279
279 418
418 276
276 414
414 289
289 425
425 293
293 408
408 278
278 428
428 269
269 429
429 275
275 426
426 264
264 453
453 258
258 457
457 252
252 435
435 268
268 411
411 295
295 354
354 324
324 376
376 306
306 424
424 265
265 488
488 231
231 476
476 251
251 449
449 282
282 427
427 253
331 380
380 337
337 358
358 360
360 365
365 338
338 346
346 319
319 356
356 331
333 368
368 324
324 402
402 314
314 403
403 310
310 333
333 389
389 307
307 386
386 315
315 370
370 356
356 368
368 340
340 357
357 334
334 354
354 329
329 371
371 321
321 361
361 333
443 269
269 433
433 296
296 367
367 333
333 390
390 326
326 415
415 266
266 422
422 295
295 414
414 283
283 411
411 277
277 441
441 319
319 362
362 331
331 427
427 301
301 418
418 302
302 421
421 279
279 423
423 276
276 429
429 274
274 444
444 265
265 443
281 461
461 260
260 445
445 281
454 281
281 465
465 284
284 441
441 278
278 434
434 276
276 433
433 289
289 426
426 285
285 409
409 280
280 466
466 249
249 456
456 257
257 460
460 268
268 443
443 254
254 454
220 494
494 217
217 487
487 220
325 381
381 347
347 358
358 362
362 325
373 358
358 381
381 330
330 364
364 325
325 351
351 349
349 342
342 373
324 391
391 392
392 353
353 344
344 373
373 338
338 367
367 320
320 387
387 303
303 388
388 313
313 386
386 324
306 421
421 305
305 416
416 291
291 422
422 315
315 395
395 332
332 397
397 324
324 378
378 321
321 379
379 318
318 401
401 306
335 374
374 331
331 377
377 345
345 364
364 335
448 288
288 384
384 317
317 372
372 335
335 409
409 306
306 411
411 312
312 443
443 283
283 457
457 265
265 473
473 270
270 459
459 257
257 474
474 242
242 469
469 223
223 479
479 229
229 463
463 262
262 435
435 272
272 447
447 259
259 448
445 285
285 433
433 290
290 420
420 267
267 445
266 456
456 267
267 449
449 254
254 475
475 242
242 482
482 278
278 445
445 264
264 440
440 266
448 280
280 431
431 277
277 435
435 289
289 453
453 272
272 450
450 295
295 440
440 273
273 478
478 235
235 487
487 241
241 484
484 243
243 464
464 268
268 473
473 266
266 448
367 357
357 341
341 367
352 367
367 350
350 352
370 329
329 399
399 330
330 424
424 310
310 406
406 325
325 370
342 380
380 340
340 370
370 327
327 387
387 348
348 371
371 367
367 362
362 413
413 338
338 378
378 346
346 354
354 351
351 352
352 342
336 372
372 342
342 361
361 336
300 398
398 331
331 396
396 326
326 440
440 309
309 405
405 304
304 418
418 336
336 384
384 334
334 369
369 349
349 375
375 300
410 316
316 449
449 276
276 479
479 257
257 468
468 289
289 444
444 312
312 417
417 304
304 410
376 371
371 368
368 376
370 376
376 342
342 385
385 335
335 395
395 318
318 410
410 308
308 414
414 334
334 393
393 340
340 383
383 298
298 408
408 365
365 370
366 370
370 360
360 359
359 352
352 366
361 387
387 333
333 396
396 366
366 361
382 356
356 390
390 372
372 361
361 379
379 323
323 400
400 320
320 382
382 342
342 401
401 328
328 386
386 322
322 382
300 423
423 333
333 441
441 291
291 431
431 322
322 437
437 334
334 424
424 346
346 421
421 320
320 405
405 369
369 354
354 384
384 362
362 378
378 344
344 412
412 308
308 416
416 358
358 382
382 300
452 291
291 442
442 244
244 484
484 247
247 487
487 249
249 480
480 294
294 445
445 293
293 462
462 286
286 460
460 281
281 483
483 280
280 452
489 257
257 484
484 270
270 480
480 252
252 493
493 276
276 463
463 271
271 456
456 303
303 461
461 283
283 452
452 279
279 450
450 309
309 447
447 297
297 422
422 300
300 430
430 275
275 448
448 256
256 454
454 292
292 436
436 253
253 481
481 218
218 489
226 498
498 256
256 472
472 265
265 484
484 262
262 476
476 242
242 486
486 226
313 428
428 356
356 383
383 350
350 394
394 321
321 405
405 330
330 416
416 328
328 411
411 313
489 243
243 492
492 253
253 490
490 252
252 487
487 264
264 474
474 277
277 459
459 290
290 456
456 274
274 482
482 259
259 464
464 306
306 418
418 324
324 407
407 326
326 408
408 314
314 417
417 323
323 403
403 343
343 410
410 335
335 393
393 348
348 388
388 327
327 419
419 313
313 458
458 285
285 471
471 292
292 469
469 246
246 467
467 284
284 496
496 226
226 489
455 298
298 452
452 326
326 420
420 302
302 435
435 299
299 436
436 301
301 430
430 344
344 385
385 363
363 405
405 329
329 400
400 340
340 429
429 307
307 448
448 293
293 455
400 381
381 370
370 380
380 364
364 373
373 400
300 445
445 296
296 460
460 374
374 380
380 400
400 354
354 420
420 335
335 442
442 304
304 426
426 300
318 439
439 323
323 428
428 317
317 406
406 318
404 321
321 398
398 350
350 408
408 339
339 391
391 341
341 397
397 337
337 418
418 318
318 404
485 260
260 497
497 266
266 481
481 254
254 470
470 268
268 491
491 236
236 485
468 296
296 450
450 302
302 477
477 240
240 485
485 269
269 454
454 305
305 422
422 325
325 433
433 335
335 425
425 345
345 427
427 333
333 431
431 307
307 451
451 315
315 447
447 328
328 417
417 330
330 461
461 321
321 414
414 342
342 395
395 349
349 385
385 399
399 337
337 404
404 311
311 432
432 300
300 455
455 288
288 468
471 300
300 480
480 288
288 471
287 484
484 321
321 471
471 290
290 467
467 283
283 465
465 293
293 488
488 280
280 487
487 310
310 446
446 314
314 426
426 308
308 422
422 311
311 460
460 298
298 468
468 287
412 366
366 403
403 348
348 412
395 379
379 367
367 386
386 400
400 391
391 357
357 401
401 380
380 382
382 408
408 352
352 377
377 360
360 395
363 407
407 347
347 406
406 341
341 396
396 370
370 414
414 327
327 422
422 318
318 451
451 373
373 378
378 390
390 368
368 395
395 371
371 389
389 363
378 407
407 385
385 364
364 401
401 378
360 435
435 341
341 411
411 350
350 438
438 327
327 433
433 346
346 429
429 343
343 422
422 378
378 420
420 360
376 396
396 351
351 406
406 349
349 436
436 317
317 443
443 360
360 383
383 376
377 386
386 375
375 388
388 384
384 376
376 377
367 403
403 371
371 411
411 383
383 393
393 367
397 367
367 413
413 387
387 386
386 388
388 377
377 439
439 354
354 418
418 366
366 421
421 363
363 397
394 398
398 376
376 397
397 355
355 394
426 362
362 422
422 348
348 428
428 330
330 426
412 370
370 422
422 364
364 426
426 320
320 465
465 299
299 456
456 304
304 445
445 335
335 487
487 286
286 466
466 295
295 459
459 328
328 454
454 340
340 419
419 361
361 394
394 353
353 412
472 308
308 430
430 348
348 443
443 331
331 433
433 355
355 415
415 384
384 412
412 369
369 409
409 381
381 404
404 392
392 402
402 332
332 455
455 307
307 481
481 287
287 478
478 289
289 472
351 436
436 370
370 416
416 351
423 337
337 430
430 342
342 417
417 371
371 416
416 387
387 436
436 355
355 437
437 339
339 451
451 325
325 423
463 319
319 445
445 317
317 456
456 311
311 463
324 463
463 307
307 459
459 322
322 452
452 335
335 447
447 353
353 442
442 341
341 474
474 292
292 473
473 330
330 448
448 331
331 444
444 419
419 380
380 423
423 338
338 440
440 351
351 446
446 324
313 453
453 325
325 460
460 324
324 434
434 313
470 304
304 492
492 268
268 485
485 301
301 475
475 271
271 486
486 283
283 470
499 286
286 491
491 270
270 497
497 282
282 476
476 305
305 470
470 313
313 457
457 302
302 479
479 299
299 472
472 258
258 499
418 372
372 441
441 364
364 425
425 359
359 418
421 396
396 379
379 422
422 390
390 407
407 388
388 405
405 392
392 418
418 367
367 421
402 403
403 405
405 398
398 415
415 382
382 394
394 402
449 351
351 461
461 334
334 449
383 433
433 336
336 485
485 291
291 490
490 311
311 491
491 317
317 466
466 360
360 449
449 343
343 430
430 349
349 428
428 409
409 416
416 383
382 429
429 361
361 430
430 380
380 422
422 382
293 478
478 342
342 454
454 362
362 427
427 408
408 401
401 386
386 424
424 382
382 434
434 383
383 423
423 387
387 420
420 402
402 421
421 371
371 460
460 333
333 459
459 318
318 457
457 339
339 467
467 293
407 406
406 392
392 407
489 332
332 444
444 356
356 437
437 371
371 450
450 297
297 484
484 361
361 457
457 341
341 453
453 315
315 491
491 340
340 485
485 396
396 422
422 384
384 441
441 390
390 426
426 412
412 386
386 413
413 405
405 432
432 392
392 414
414 388
388 439
439 407
407 398
398 411
411 391
391 477
477 308
308 499
499 237
237 495
495 246
246 489
458 381
381 464
464 298
298 484
484 307
307 472
472 316
316 458
458 367
367 428
428 358
358 446
446 365
365 451
451 351
351 474
474 350
350 454
454 356
356 462
462 318
318 468
468 329
329 490
490 296
296 482
482 322
322 500
500 241
241 498
498 271
271 497
497 294
294 486
486 324
324 475
475 325
325 496
496 309
309 480
480 312
312 469
469 339
339 476
476 306
306 470
470 364
364 443
443 355
355 448
448 337
337 458
438 385
385 451
451 378
378 448
448 363
363 438
466 367
367 471
471 351
351 466
467 354
354 466
466 355
355 454
454 370
370 437
437 387
387 431
431 345
345 467
358 467
467 343
343 459
459 363
363 461
461 356
356 468
468 383
383 450
450 372
372 428
428 408
408 438
438 380
380 440
440 358
488 348
348 456
456 320
320 488
325 488
488 308
308 482
482 325
492 333
333 495
495 317
317 492
489 300
300 497
497 311
311 498
498 313
313 472
472 319
319 492
492 363
363 465
465 327
327 484
484 306
306 486
486 325
325 480
480 341
341 469
469 314
314 481
481 344
344 453
453 358
358 458
458 335
335 494
494 251
251 489
455 349
349 487
487 345
345 486
486 336
336 455
347 499
499 329
329 500
500 345
345 494
494 337
337 478
478 339
339 493
493 334
334 484
484 358
358 455
455 353
353 459
459 347
397 465
465 370
370 457
457 372
372 485
485 369
369 469
469 366
366 453
453 376
376 471
471 377
377 397
352 447
447 408
408 440
440 386
386 455
455 397
397 395
395 375
375 437
437 404
404 403
403 413
413 424
424 398
398 426
426 405
405 442
442 388
388 431
431 406
406 410
410 352
352 487
487 357
357 472
472 372
372 470
470 382
382 449
449 365
365 473
473 352
489 353
353 495
495 352
352 489
386 494
494 351
351 475
475 354
354 483
483 381
381 479
479 355
355 474
474 379
379 459
459 373
373 486
486 382
382 481
481 365
365 458
458 386
349 497
497 378
378 480
480 349
389 429
429 418
418 399
399 417
417 389
460 406
406 432
432 412
412 448
448 384
384 444
444 389
389 439
439 392
392 463
463 386
386 457
457 385
385 460
380 456
456 389
389 471
471 407
407 452
452 412
412 460
460 424
424 440
440 434
434 401
401 436
436 405
405 428
428 400
400 420
420 411
411 445
445 371
371 466
466 375
375 454
454 393
393 437
437 409
409 433
433 395
395 446
446 380
364 495
495 360
360 474
474 380
380 472
472 364
429 444
444 402
402 435
435 395
395 454
454 412
412 453
453 384
384 478
478 343
343 488
488 355
355 483
483 399
399 429
415 422
422 410
410 420
420 443
443 429
429 394
394 439
439 403
403 415
426 445
445 420
420 430
430 413
413 431
431 427
427 423
423 426
431 439
439 401
401 449
449 417
417 436
436 413
413 459
459 384
384 473
473 422
422 430
430 431
433 432
432 431
431 433
466 433
433 426
426 446
446 415
415 416
416 460
460 418
418 451
451 409
409 455
455 425
425 414
414 468
468 373
373 466
408 483
483 373
373 469
469 392
392 470
470 393
393 466
466 408
467 371
371 488
488 408
408 484
484 362
362 467
443 430
430 463
463 421
421 443
414 455
455 416
416 428
428 443
443 427
427 449
449 413
413 438
438 439
439 432
432 437
437 405
405 470
470 397
397 480
480 386
386 473
473 388
388 464
464 400
400 450
450 394
394 498
498 368
368 462
462 417
417 453
453 414
489 365
365 491
491 362
362 487
487 389
389 462
462 414
414 459
459 445
445 467
467 374
374 496
496 364
364 489
487 385
385 491
491 377
377 487
458 448
448 429
429 450
450 447
447 398
398 458
410 477
477 459
459 458
458 419
419 474
474 403
403 466
466 421
421 468
468 420
420 461
461 384
384 500
500 341
341 492
492 379
379 490
490 375
375 476
476 405
405 472
472 387
387 497
497 393
393 487
487 401
401 462
462 410
395 485
485 418
418 469
469 383
383 482
482 395
436 450
450 441
441 432
432 477
477 440
440 436
490 453
453 443
443 436
436 457
457 412
412 479
479 387
387 493
493 382
382 488
488 395
395 481
481 405
405 492
492 390
390 490
483 425
425 474
474 426
426 435
435 464
464 441
441 477
477 484
484 414
414 465
465 417
417 470
470 412
412 472
472 406
406 490
490 396
396 487
487 410
410 483
437 473
473 424
424 487
487 419
419 488
488 418
418 486
486 439
439 444
444 437
454 450
450 437
437 442
442 494
494 403
403 485
485 422
422 483
483 415
415 454
451 460
460 445
445 469
469 429
429 466
466 446
446 486
486 444
444 471
471 398
398 456
456 438
438 451
416 491
491 406
406 480
480 416
416 495
495 380
380 475
475 417
417 490
490 416
447 476
476 435
435 481
481 424
424 493
493 416
416 479
479 438
438 474
474 450
450 462
462 457
457 477
477 442
442 463
463 443
443 464
464 455
455 456
456 447
468 460
460 476
476 473
473 446
446 467
467 461
461 471
471 463
463 452
452 431
431 465
465 449
449 468
451 468
468 447
447 451
489 444
444 491
491 443
443 497
497 434
434 466
466 432
432 472
472 451
451 436
436 454
454 413
413 489
489 448
448 499
499 413
413 498
498 430
430 496
496 403
403 500
500 426
426 493
493 447
447 475
475 421
421 495
495 428
428 489
489 451
451 479
479 431
431 492
492 454
454 437
437 481
481 460
460 477
477 463
463 497
497 449
449 489
452 482
482 460
460 485
485 420
420 500
500 427
427 478
478 436
436 490
490 468
468 452
464 487
487 494
494 448
448 493
493 437
437 496
496 479
479 464
480 469
469 461
461 481
481 498
498 432
432 480
492 458
458 462
462 481
481 467
467 493
493 459
459 496
496 445
445 466
466 456
456 480
480 474
474 446
446 492
472 480
480 485
485 462
462 478
478 455
455 492
492 452
452 472
482 499
499 476
476 497
497 465
465 487
487 473
473 482
495 498
498 485
485 493
493 500
500 474
474 490
490 495
489 494
494 491
491 499
499 495
495 471
471 481
481 475
475 489
4 485
485 21
5 479
479 320
7 489
489 58
8 495
495 112
9 499
499 45
11 494
494 60
15 477
477 111
16 457
457 488
488 175
18 496
496 84
20 500
500 35
22 498
498 51
23 493
493 208
29 480
480 94
34 484
484 37
40 500
500 159
48 490
490 160
50 491
491 136
53 499
499 92
56 455
455 66
57 464
464 498
498 68
59 483
483 184
64 478
478 400
70 492
492 74
72 481
481 119
79 403
87 489
489 101
89 484
484 108
90 496
496 116
95 492
492 167
99 494
494 181
102 486
486 132
103 485
485 135
104 482
482 144
105 472
472 284
106 499
499 185
107 421
115 462
462 486
486 166
117 495
495 133
122 497
497 174
125 496
496 200
127 414
129 461
130 471
471 331
137 487
487 152
149 476
476 162
154 481
481 203
155 477
477 172
156 485
485 193
157 491
491 171
158 498
498 189
168 487
487 262
169 489
489 225
190 475
475 470
470 404
191 453
192 495
495 212
197 456
198 491
491 355
199 497
497 211
206 473
473 263
213 496
496 267
214 495
495 223
216 465
465 326
218 485
485 259
220 474
474 230
221 488
488 304
224 492
492 343
227 497
497 268
228 482
482 250
234 484
484 322
239 498
498 321
240 500
500 244
248 493
493 290
249 490
490 265
253 494
494 269
255 499
499 256
264 495
495 332
270 500
500 327
272 483
483 454
454 346
273 473
473 500
500 452
274 489
489 288
275 485
485 412
277 487
487 466
279 459
459 303
281 480
480 475
287 490
490 419
289 486
486 370
293 499
499 328
299 496
496 342
305 494
494 356
306 493
493 308
309 497
497 317
314 482
482 423
315 472
472 411
316 476
476 450
318 493
493 324
323 498
498 352
335 484
484 372
338 469
469 495
495 354
347 410
349 463
463 478
478 486
350 493
493 386
358 492
492 385
359 430
362 497
497 398
367 479
479 392
369 491
491 374
373 489
489 418
375 495
495 383
376 468
384 499
388 491
491 407
391 440
394 492
492 422
399 498
498 447
409 458
420 488
488 495
495 435
429 481
439 491
441 490
490 446
448 496
496 451
454 498
487 497
482 472
472 489
489 490
463 495
492 494
494 496

