500 10000
155 327
22 454
290 383
51 188
28 118
142 272
154 239
16 387
181 238
259 482
309 349
284 347
380 474
168 389
4 337
169 423
100 153
309 496
274 301
83 249
13 440
128 396
131 445
125 278
370 416
76 457
413 498
87 418
95 174
117 264
403 474
51 382
341 367
81 97
326 351
135 451
152 179
127 381
311 364
435 481
149 150
198 343
65 220
180 371
110 195
322 500
257 426
213 217
197 418
128 245
52 219
348 456
83 335
327 330
240 370
332 344
60 420
215 487
4 114
54 372
117 208
95 275
408 488
217 250
343 430
123 135
316 449
364 443
286 307
4 34
139 376
126 176
8 202
366 418
409 437
178 313
406 407
80 213
38 80
98 259
379 492
50 365
91 109
179 336
197 257
64 358
293 465
22 213
33 38
7 127
7 25
65 226
228 445
276 327
9 255
78 495
43 169
12 399
343 344
24 210
223 410
165 220
117 181
112 260
117 385
38 441
444 491
267 299
67 242
352 360
186 414
226 332
228 267
38 232
172 234
173 342
271 475
335 442
86 188
17 438
251 408
175 362
66 368
78 337
176 346
60 493
104 307
53 237
154 427
414 462
2 414
328 411
168 324
344 353
134 158
493 500
21 268
120 498
167 358
375 395
290 332
280 466
71 398
240 303
98 257
323 439
6 483
262 378
24 310
15 335
374 467
320 488
446 474
243 432
231 317
53 289
177 306
192 327
86 284
252 457
340 368
243 322
327 344
132 299
78 102
147 323
119 481
210 414
261 314
21 365
119 139
67 436
365 449
173 391
287 343
38 412
48 207
36 137
99 150
155 224
142 322
3 342
287 401
243 489
15 460
290 456
315 342
107 263
437 473
258 453
170 464
199 303
341 357
413 424
44 139
110 307
10 110
47 419
126 410
290 328
241 484
59 227
242 386
193 454
299 436
33 409
451 496
168 226
307 389
116 392
159 363
35 272
209 258
254 475
95 201
35 207
252 339
335 425
191 363
30 336
53 55
14 232
305 416
156 208
384 444
255 345
272 453
214 426
145 425
112 249
121 198
182 489
229 247
138 240
432 441
124 238
138 297
97 164
92 466
104 129
171 485
387 413
86 224
277 334
110 469
171 395
349 497
80 224
65 395
17 70
1 481
279 366
155 266
412 448
52 392
314 373
88 353
97 460
132 486
315 353
159 305
328 338
85 402
7 55
239 420
473 476
238 338
28 66
31 476
278 297
49 419
40 500
459 496
3 163
191 230
163 461
360 443
82 459
365 451
36 189
105 460
6 311
269 433
272 332
213 372
291 410
301 412
1 465
4 88
235 328
11 424
155 252
164 238
69 121
39 190
196 492
94 275
200 473
123 385
166 486
300 430
48 259
174 258
82 261
53 173
348 387
187 240
131 290
70 98
292 469
90 415
389 429
135 220
53 174
181 264
4 197
61 430
81 344
201 334
134 248
359 425
47 222
277 411
152 280
11 431
113 476
5 280
221 237
277 474
206 355
307 338
8 387
157 277
205 485
322 386
124 429
37 174
241 364
49 51
296 482
335 494
287 468
42 216
6 252
256 265
103 290
80 410
346 378
313 434
104 271
43 78
301 326
35 462
392 418
293 451
113 252
141 490
445 460
291 431
70 391
412 457
358 416
153 477
127 165
87 149
86 234
207 250
382 429
49 78
246 389
286 491
109 361
82 151
147 324
396 422
30 220
173 458
70 462
315 370
150 348
333 390
158 351
291 370
83 246
153 402
345 487
296 445
274 444
125 372
104 433
169 479
129 418
8 374
390 492
153 285
216 446
45 282
23 291
308 426
405 442
228 309
166 315
132 242
330 405
160 399
11 219
67 228
264 400
114 286
67 400
107 329
96 192
294 336
34 43
324 342
60 162
101 272
215 268
189 248
271 497
3 62
324 343
35 301
86 109
79 127
33 315
148 207
351 466
120 447
168 361
373 459
59 195
28 303
113 265
348 430
82 97
354 483
106 409
290 459
104 382
253 481
136 286
105 239
293 455
50 253
71 125
43 177
87 336
278 280
8 94
112 248
379 459
169 489
123 495
137 377
81 131
227 254
14 75
30 147
328 367
387 493
88 394
314 348
132 177
342 382
20 47
18 478
151 490
392 404
26 76
236 238
83 375
121 195
17 138
58 228
300 445
353 495
152 469
2 379
67 117
162 437
18 211
222 342
114 126
46 214
176 270
177 493
95 467
487 497
216 386
10 264
123 367
159 424
385 407
342 478
324 460
90 168
412 460
13 210
57 135
56 311
146 187
312 358
100 157
90 358
73 128
156 217
360 474
235 457
30 313
99 246
99 156
44 75
169 276
260 309
18 94
176 308
108 218
30 219
269 319
366 396
149 321
342 430
45 379
170 397
47 140
241 442
233 414
216 459
118 124
460 468
12 109
90 292
291 389
110 471
370 436
371 460
362 378
101 307
8 166
170 289
145 295
388 414
290 391
315 447
97 492
145 207
274 429
479 496
231 466
114 116
103 151
217 426
61 68
165 216
117 257
78 268
166 359
259 363
381 479
81 232
264 474
8 309
180 324
331 471
41 266
153 210
267 317
352 367
23 44
69 304
169 208
57 248
401 449
199 459
384 448
274 289
67 234
238 283
209 364
287 361
98 271
180 474
102 296
316 472
224 252
186 411
146 292
395 435
267 363
6 237
183 323
122 358
27 203
356 462
35 196
53 233
92 127
205 457
68 479
382 470
9 133
39 118
309 368
240 485
86 296
158 226
68 142
33 358
313 324
313 373
2 368
25 163
219 443
109 341
159 297
58 412
17 400
59 375
40 434
395 485
84 201
51 165
89 325
170 396
323 428
119 460
354 420
117 468
229 430
285 378
207 497
200 376
116 342
5 11
16 22
129 195
179 263
359 360
36 194
28 158
162 400
28 211
101 173
75 115
163 167
78 104
93 116
293 404
98 148
120 299
105 249
102 109
77 89
61 138
273 473
371 450
160 204
174 390
19 293
241 374
35 163
43 381
78 172
134 157
150 275
271 486
194 425
22 113
297 399
189 472
97 202
131 180
297 401
73 231
192 374
13 244
190 312
49 219
77 484
322 344
420 488
73 205
465 487
10 309
235 413
38 392
306 470
322 338
400 464
36 215
157 270
3 12
482 499
165 484
26 452
137 336
159 162
190 211
23 310
350 398
296 367
15 35
89 253
103 394
163 306
313 457
110 152
307 386
368 376
173 258
99 451
177 227
38 364
240 386
221 407
102 179
314 340
216 326
57 431
258 472
224 268
281 351
52 155
272 410
10 57
18 330
212 466
25 408
432 498
140 437
226 496
270 315
105 396
19 133
304 426
252 487
70 430
73 428
166 186
90 432
365 473
123 132
16 358
36 498
53 337
314 408
129 292
257 259
165 486
96 293
291 342
192 410
317 407
222 417
38 153
10 196
350 454
367 397
191 308
388 431
242 247
53 162
316 410
244 415
252 490
443 453
187 398
66 105
69 431
251 395
262 484
242 426
217 339
96 158
89 484
6 286
169 224
240 413
231 264
343 459
18 395
64 220
54 207
363 385
54 319
94 420
240 448
413 459
209 485
342 417
36 431
92 188
336 360
243 313
71 324
257 474
294 345
100 422
106 134
163 257
52 368
108 442
111 200
63 313
269 494
308 477
151 199
94 164
55 293
481 498
85 247
44 257
263 473
23 354
147 445
134 471
34 302
23 240
58 365
221 370
62 440
236 315
4 24
160 284
46 401
75 481
30 98
84 389
362 497
396 490
189 408
140 365
302 310
455 456
187 384
176 246
31 438
41 264
373 469
19 365
253 322
291 416
81 293
85 109
60 97
463 497
388 473
260 275
141 479
187 222
213 280
272 450
460 485
474 500
143 249
42 76
400 420
193 440
282 449
309 381
36 406
120 438
69 134
112 157
135 247
184 257
382 488
54 339
33 452
74 452
154 481
22 79
138 420
52 468
328 416
108 246
159 170
226 264
233 432
289 426
469 480
66 210
257 449
232 233
84 492
110 392
148 178
286 343
49 296
115 377
25 178
19 78
171 493
74 126
417 475
49 386
235 285
63 415
44 195
17 425
242 294
272 401
132 200
104 228
269 293
104 238
159 239
119 235
245 292
264 376
386 480
89 396
231 237
198 491
42 168
141 243
421 443
261 346
403 494
99 422
111 206
207 213
327 370
318 401
15 73
111 225
71 243
171 452
85 497
144 482
164 498
205 495
23 207
15 216
101 154
356 370
280 488
152 201
16 86
431 479
292 474
179 275
58 308
349 463
66 364
298 452
53 146
181 206
195 305
117 180
102 406
116 437
137 432
85 354
351 475
203 452
126 412
86 123
378 448
67 486
155 453
93 420
202 264
166 469
103 342
374 380
180 323
109 410
21 231
161 243
80 423
226 295
30 221
56 463
77 86
252 337
166 403
420 485
72 291
156 184
185 277
132 352
308 351
96 434
196 386
71 376
100 110
317 337
410 420
326 387
100 116
49 148
112 323
43 378
62 95
297 447
193 378
93 414
107 184
45 60
283 328
215 233
25 90
383 468
76 177
66 373
322 482
197 236
113 154
128 496
208 404
147 333
170 444
53 309
202 253
117 126
262 389
264 397
168 343
261 360
151 401
318 451
8 492
177 405
180 452
234 311
154 262
120 305
59 162
55 154
212 262
25 470
56 454
44 146
453 490
308 488
93 199
107 397
131 266
168 185
346 354
154 346
63 179
127 158
193 310
202 242
200 291
10 380
114 142
246 400
249 372
33 261
72 386
150 155
109 217
191 321
91 325
189 251
163 229
179 274
252 262
2 106
26 374
308 404
166 206
163 361
241 365
195 432
37 299
317 436
320 426
59 182
23 461
293 467
202 415
201 234
77 302
44 116
8 224
476 499
24 204
167 320
26 422
82 390
342 496
180 365
32 33
86 332
164 175
200 302
13 39
23 165
345 377
166 467
304 410
306 364
129 425
155 187
166 310
160 241
25 366
107 239
58 429
268 470
438 439
214 349
93 301
37 303
272 348
153 232
12 458
336 337
139 303
268 460
336 486
69 422
133 240
86 312
200 309
67 343
109 384
14 228
12 327
69 310
133 141
358 446
361 379
64 430
241 498
361 419
101 239
220 280
118 178
52 87
84 97
295 422
143 477
263 470
19 73
6 260
128 492
129 300
305 356
118 219
30 420
86 372
212 431
18 412
80 375
50 60
143 307
270 484
168 427
239 282
383 482
45 441
152 324
270 455
114 355
288 293
84 350
352 473
275 339
217 306
225 329
95 487
195 255
95 451
75 204
132 476
370 381
113 291
38 257
21 149
310 333
139 156
452 472
164 443
144 424
217 463
313 411
197 419
186 408
201 242
96 255
180 412
72 115
352 487
23 348
2 6
130 299
387 423
261 356
389 417
124 346
235 478
115 406
31 226
93 178
222 353
17 482
18 475
40 55
353 489
7 399
6 320
39 150
178 312
230 456
12 174
87 285
10 114
25 419
223 328
371 395
255 499
25 266
239 260
26 386
341 342
425 455
163 476
216 316
84 322
158 458
163 230
7 384
50 290
227 442
288 480
236 249
2 323
143 274
365 408
4 257
312 480
23 388
155 477
179 251
68 415
75 118
185 400
232 265
118 301
307 463
296 460
155 442
249 346
215 314
193 293
387 420
169 392
283 411
158 233
28 363
26 499
226 472
452 500
293 347
188 357
225 378
172 243
313 453
58 185
59 177
154 210
159 335
27 362
9 114
237 416
3 271
182 286
3 106
159 173
172 284
34 445
140 215
180 438
127 257
189 445
2 480
38 254
301 366
71 163
342 395
10 398
229 300
43 359
18 215
332 397
192 200
304 488
70 176
188 346
54 371
289 340
101 434
24 343
232 345
53 73
63 255
17 494
63 243
350 352
10 324
153 344
209 303
291 382
111 386
83 479
335 410
270 396
206 288
140 267
209 282
12 356
32 59
5 479
19 157
236 472
382 408
4 141
238 387
22 481
18 50
77 208
287 345
287 308
120 160
117 495
160 406
33 236
291 452
140 431
158 453
66 110
12 494
358 360
373 483
82 237
89 459
47 204
120 480
21 292
20 307
40 477
209 373
11 450
315 345
396 485
236 338
279 284
24 213
363 397
25 197
199 404
244 333
159 242
176 477
213 384
60 90
98 315
28 390
83 308
123 394
167 435
188 320
26 269
491 494
185 320
198 238
79 248
258 268
342 401
51 108
437 450
221 430
12 290
3 164
246 408
239 328
122 316
148 327
114 275
69 203
181 214
83 118
329 500
28 295
300 455
468 490
176 486
185 409
196 311
369 491
306 376
79 176
226 457
35 350
167 279
67 265
444 489
103 340
177 217
268 464
38 312
135 307
80 277
183 380
19 364
55 65
108 447
341 396
33 82
267 360
56 396
75 476
146 157
126 483
302 307
89 410
305 494
99 370
4 430
120 301
115 230
168 359
246 425
193 261
72 135
44 175
185 402
174 195
154 158
144 500
311 337
342 372
384 461
232 430
199 472
107 307
167 210
17 96
91 221
440 477
122 168
362 422
132 380
297 363
376 398
97 176
213 270
15 88
10 466
186 409
14 131
43 189
154 296
30 160
414 484
169 258
84 152
182 306
24 363
21 316
263 462
141 237
33 468
75 313
19 321
110 499
133 266
26 146
255 353
113 348
306 360
60 291
232 466
72 448
52 394
1 365
106 352
201 219
146 396
73 414
290 420
115 141
137 322
123 392
144 335
235 418
47 425
300 333
88 403
179 257
196 375
243 484
135 485
36 353
287 289
298 359
34 162
20 30
124 297
120 400
81 173
298 361
25 42
42 86
282 476
42 150
16 45
48 374
182 493
347 358
335 409
429 481
318 404
182 228
192 323
85 370
313 498
54 112
344 453
209 378
118 483
161 386
29 50
217 336
321 364
321 498
284 299
120 462
150 466
298 308
405 472
120 379
405 428
185 227
88 375
340 485
264 445
53 401
188 425
143 497
153 404
118 220
334 357
331 433
185 318
335 452
109 342
84 408
219 475
202 456
189 376
81 302
117 462
14 213
77 108
46 180
72 431
67 109
78 340
238 295
252 420
92 362
84 371
157 257
452 482
322 343
471 481
175 225
136 212
220 333
21 313
120 156
66 425
5 181
69 140
381 458
90 456
270 321
61 176
97 457
387 436
134 321
173 231
14 315
4 21
397 470
240 271
161 323
215 469
77 195
52 280
128 418
178 381
51 175
12 203
16 326
106 270
54 213
7 107
55 114
83 256
192 284
6 370
100 124
120 457
60 165
194 406
310 406
53 79
219 243
162 342
356 383
32 492
43 336
343 488
390 407
265 414
305 470
157 181
231 241
168 323
183 220
171 413
262 276
150 421
291 408
330 426
77 209
326 329
119 122
56 466
23 104
473 482
41 148
94 279
160 177
333 495
74 377
41 110
29 289
184 250
150 170
259 277
10 272
173 187
294 368
54 232
241 350
103 331
12 324
120 450
188 454
123 192
268 335
436 457
72 481
226 269
307 431
3 44
185 374
376 383
144 462
181 338
113 249
128 455
295 343
41 335
249 275
365 370
21 360
35 375
3 472
4 215
189 220
99 333
98 481
372 484
36 333
258 302
70 442
172 375
154 461
107 424
84 207
28 229
37 456
29 200
143 225
167 253
245 392
23 339
12 468
75 444
97 302
372 390
22 156
217 371
21 276
128 351
132 233
142 353
358 492
317 466
126 415
10 391
110 492
413 431
329 490
12 165
57 274
287 484
262 463
29 263
85 424
263 418
188 201
120 132
99 190
123 336
315 386
170 188
81 307
185 354
155 430
171 449
311 396
320 336
16 172
69 336
28 48
66 135
200 388
20 101
204 351
222 250
176 468
36 61
249 466
49 229
10 373
66 305
394 450
86 206
250 270
101 269
460 476
124 385
282 318
246 258
180 390
140 308
84 243
66 86
345 500
324 378
123 477
88 94
324 418
383 423
51 158
129 166
14 73
14 175
4 124
373 378
339 469
201 392
364 441
260 298
2 41
191 450
126 427
136 285
89 206
225 428
243 460
335 385
206 415
19 366
51 53
133 262
164 203
137 415
62 478
7 67
128 249
132 451
291 352
256 398
283 470
16 152
98 304
83 147
47 191
5 458
11 149
45 283
237 493
95 265
231 443
288 308
98 499
56 298
135 173
52 228
128 374
83 379
124 302
72 353
382 434
30 80
169 344
321 378
8 84
78 151
190 398
136 356
206 226
2 364
226 337
30 284
181 321
227 440
206 321
164 235
166 245
298 460
168 487
271 399
137 273
110 232
172 319
343 365
333 459
117 200
120 317
234 439
193 381
48 228
19 34
33 79
87 268
276 419
302 418
34 149
98 309
334 393
414 453
152 171
68 270
190 440
200 210
250 305
89 426
109 279
36 123
132 224
89 423
330 340
436 454
175 307
135 375
180 199
334 461
177 259
13 442
213 473
322 459
142 481
164 363
292 331
214 231
138 315
63 367
1 199
29 97
277 283
69 111
215 438
319 463
339 437
18 382
200 451
267 449
329 499
178 271
170 351
106 364
251 292
124 356
69 445
252 493
65 282
420 461
259 448
9 32
268 296
71 381
9 354
91 288
41 114
22 131
7 235
40 359
192 398
261 267
61 264
249 480
270 303
348 488
314 446
39 67
89 443
5 436
204 244
398 407
55 149
206 260
222 308
230 462
34 161
276 493
169 397
81 207
416 490
233 291
173 322
10 36
165 241
235 373
11 240
69 123
92 428
74 434
189 383
126 353
208 287
38 382
140 332
307 484
55 290
131 156
106 410
42 263
321 398
25 486
17 344
169 468
200 220
231 267
460 482
59 159
84 262
190 362
426 435
62 152
43 373
145 492
13 221
229 250
160 490
139 380
34 124
281 370
368 498
28 153
328 459
330 381
448 493
64 308
98 413
30 318
91 492
265 312
216 270
257 484
60 363
291 485
74 204
47 383
145 339
432 437
42 173
447 493
165 351
80 161
94 281
379 474
55 316
39 371
94 415
3 72
116 249
416 480
358 382
154 416
362 491
47 168
122 231
354 418
80 205
277 459
20 408
121 440
41 297
200 404
263 399
3 325
24 49
4 186
115 153
66 243
405 492
206 266
315 422
295 352
171 407
292 337
234 430
114 328
27 436
53 253
190 326
235 283
74 494
40 173
33 139
211 443
338 373
212 352
21 329
34 278
146 442
100 405
111 187
315 491
20 304
216 358
278 409
41 119
335 358
76 152
251 437
438 451
276 414
244 371
204 472
93 392
180 247
70 212
225 304
250 288
314 482
193 296
291 316
244 442
305 320
289 349
90 455
56 158
184 324
19 276
403 415
270 500
295 353
113 445
224 320
25 67
40 495
216 247
244 305
150 209
107 412
259 381
89 329
286 462
4 56
58 420
138 376
100 183
341 406
271 498
13 172
99 111
70 440
335 420
1 227
166 293
54 134
274 308
339 451
260 363
10 12
197 386
104 134
48 245
6 319
130 373
180 426
190 475
193 313
290 394
144 167
7 108
184 365
90 134
128 169
57 295
105 353
200 413
294 389
21 282
107 229
83 204
130 145
95 115
319 342
72 341
212 315
84 368
275 430
296 334
295 301
73 131
247 382
276 320
89 290
236 289
303 456
7 310
54 379
264 307
333 368
123 261
23 224
160 182
27 192
108 211
424 473
56 475
93 341
37 346
9 311
215 235
93 264
74 492
74 172
242 264
23 364
83 412
130 448
82 193
47 122
395 446
75 111
45 192
29 308
392 402
279 358
157 235
6 262
204 452
22 68
196 383
88 131
1 57
182 290
57 231
246 262
33 466
332 489
282 334
165 244
3 366
332 455
185 199
74 311
72 369
295 459
319 492
19 436
71 88
27 379
47 87
187 462
42 71
131 378
352 489
136 293
146 180
57 175
260 422
447 468
322 484
9 461
59 126
31 211
137 359
150 182
127 156
34 135
445 467
353 459
287 363
260 346
324 368
4 9
333 389
52 250
1 69
78 115
99 494
108 244
80 211
103 181
125 496
1 495
320 465
147 231
162 274
77 492
124 483
309 351
188 374
42 424
11 169
202 250
235 306
234 325
326 465
139 419
47 214
138 317
108 392
159 435
1 381
362 467
282 358
82 206
66 360
124 409
97 320
195 239
125 230
129 337
290 467
260 426
70 492
158 373
87 298
135 403
193 202
251 494
409 451
150 395
251 298
101 131
257 489
9 309
288 361
71 226
203 499
54 483
83 192
115 188
305 397
265 373
43 434
270 395
101 429
10 187
11 399
279 374
3 196
60 248
205 307
56 103
196 404
166 443
376 471
116 331
76 317
194 338
115 462
37 470
472 489
176 493
228 251
47 473
60 208
1 361
42 220
183 282
153 352
163 411
23 326
3 166
149 267
87 293
127 220
1 208
146 203
398 415
223 274
73 328
286 499
152 281
20 380
289 435
204 241
166 284
436 443
186 352
341 457
9 11
74 198
367 379
347 410
98 343
37 234
256 285
79 122
193 498
405 426
138 195
156 482
3 151
63 180
7 171
133 331
88 169
119 196
291 490
286 487
117 217
230 287
25 287
67 419
103 130
153 244
87 120
55 312
111 182
186 449
241 435
38 218
104 296
329 380
102 292
29 224
122 432
25 60
325 381
50 393
155 194
239 246
275 448
160 478
155 476
64 478
1 278
76 352
132 369
276 449
194 370
82 280
107 374
9 350
150 341
102 318
40 199
54 218
100 135
34 379
205 483
279 348
8 210
312 313
360 449
157 402
393 487
386 473
18 264
215 232
146 374
260 396
405 470
199 201
133 248
191 400
132 279
364 495
222 276
331 427
376 396
261 378
254 449
4 372
220 487
250 268
201 232
159 188
172 270
21 442
10 303
73 76
152 167
112 466
215 325
195 468
213 394
125 445
95 129
293 478
280 344
13 15
119 353
33 491
190 231
62 298
105 173
114 294
108 257
180 462
19 464
207 482
303 381
57 252
386 457
105 307
41 291
362 367
34 451
141 472
285 368
246 375
277 435
328 401
17 133
126 340
245 266
151 155
42 252
54 289
131 269
69 393
57 73
56 305
426 500
42 425
13 339
178 457
109 151
235 419
262 399
145 279
278 434
211 223
172 282
78 432
85 234
331 374
207 322
12 259
138 385
92 491
87 402
439 444
151 180
242 304
348 443
234 464
87 367
372 485
54 248
33 495
146 236
267 456
357 391
100 233
84 220
111 177
15 76
293 363
2 330
30 223
204 268
27 250
95 393
349 436
72 463
79 306
131 142
318 422
61 380
276 310
290 360
34 101
242 476
199 497
199 273
14 181
56 324
194 256
339 478
289 342
84 167
289 414
431 439
132 389
106 215
333 492
87 462
96 421
384 388
263 373
59 445
359 418
344 350
250 452
225 344
71 93
230 388
146 434
35 46
289 355
213 239
43 67
153 417
426 493
169 271
324 354
60 192
253 378
126 138
59 127
242 279
58 112
80 104
244 439
80 388
255 281
1 422
82 336
473 500
52 469
208 277
63 117
329 400
131 349
205 312
104 230
27 154
18 314
201 278
19 500
82 413
246 325
196 420
79 246
155 457
72 178
25 301
133 393
430 463
196 277
254 426
179 250
41 158
162 207
63 69
69 329
414 465
28 327
366 412
160 456
247 487
310 446
43 328
62 190
1 454
444 471
120 294
78 368
381 483
43 240
196 275
71 75
88 247
219 246
461 467
49 126
120 484
234 396
225 433
116 317
176 382
312 417
113 397
64 97
19 300
149 371
195 420
19 35
46 413
112 210
110 143
251 476
23 391
59 346
2 43
312 372
58 125
89 342
283 358
334 424
200 496
428 495
52 166
58 276
280 297
381 404
412 454
14 491
50 342
10 347
119 345
5 248
41 80
313 386
240 337
137 355
130 359
174 187
327 484
154 183
12 202
241 334
194 232
207 351
112 354
139 414
448 458
36 419
391 477
137 174
277 299
237 448
235 416
333 427
131 486
330 364
12 162
294 306
4 142
292 431
288 489
165 173
333 431
74 356
46 456
47 145
220 275
59 115
115 262
190 426
198 221
320 382
115 128
139 335
81 128
137 295
232 329
236 256
81 415
298 484
217 288
237 318
243 250
289 478
313 428
123 218
427 443
53 193
45 410
277 344
269 320
32 298
179 451
157 491
120 227
216 410
166 226
10 109
44 93
5 498
363 465
141 446
23 212
108 170
86 163
49 469
24 226
102 344
134 247
266 311
294 369
174 278
208 481
334 384
25 43
3 224
104 479
230 389
244 432
338 413
8 30
153 386
2 424
158 358
152 190
149 332
220 378
131 310
161 320
49 408
77 451
297 422
436 451
280 431
56 365
223 354
161 437
112 409
238 428
171 259
75 201
123 401
226 441
22 63
447 498
95 475
85 164
259 352
120 333
16 349
187 439
122 280
177 495
118 323
166 196
25 203
129 378
72 145
33 356
120 348
91 234
317 492
64 467
39 117
213 287
215 329
348 422
250 284
118 363
85 327
323 417
268 497
290 398
159 234
205 413
21 163
157 489
210 221
10 67
266 369
398 405
68 197
177 230
32 383
76 413
274 489
75 341
134 308
5 424
111 304
52 80
15 477
13 354
95 460
358 458
123 127
36 414
94 224
36 300
248 253
241 319
38 190
250 388
122 393
298 378
18 86
171 463
284 472
42 454
8 121
272 357
278 381
32 245
248 283
81 404
42 356
124 309
55 465
107 113
126 332
1 54
35 94
193 439
118 462
357 367
28 435
325 496
76 310
47 431
113 466
13 408
58 231
311 498
200 409
117 423
98 368
145 360
460 477
173 228
148 380
285 407
21 213
226 239
129 223
144 297
63 449
87 392
94 376
141 232
76 482
326 420
317 456
423 427
40 168
120 344
306 401
79 180
18 286
14 293
200 418
96 452
43 158
266 363
403 466
21 434
159 418
254 373
42 96
75 480
191 288
66 199
194 390
451 479
27 422
139 468
355 433
68 220
194 410
203 420
42 120
219 316
308 332
23 387
257 479
154 174
166 487
490 495
125 489
99 428
56 455
12 495
367 403
293 408
350 493
160 175
50 293
179 397
147 325
58 303
69 122
18 123
256 369
89 169
35 68
77 317
96 305
301 334
71 490
171 222
119 265
263 291
380 430
62 445
16 195
63 105
68 410
25 425
35 107
446 486
107 201
9 110
40 490
164 445
28 51
446 492
113 313
150 423
90 333
74 200
20 145
103 485
435 464
16 293
44 173
290 471
192 402
179 282
89 487
206 428
115 308
12 113
280 487
149 361
314 403
83 132
178 210
107 421
141 445
100 111
7 253
228 482
200 485
73 295
341 453
301 395
20 457
90 477
33 222
95 215
307 448
201 499
74 142
133 495
247 459
183 355
8 478
255 355
113 450
158 281
200 350
182 254
305 381
274 389
82 138
23 121
17 463
277 316
320 405
8 107
67 129
248 325
13 29
78 262
130 344
108 342
45 191
117 138
265 424
185 203
107 415
31 352
230 261
59 311
127 164
29 405
162 299
319 356
107 242
82 452
225 489
121 250
227 239
128 166
81 403
135 363
158 348
19 171
436 450
56 156
271 439
219 403
190 311
209 248
395 481
190 447
17 327
100 344
123 491
25 199
108 193
111 345
120 345
236 377
67 428
166 356
328 447
162 454
173 496
181 326
111 306
287 296
100 237
175 221
118 356
104 300
60 256
1 94
167 396
149 463
136 291
176 417
64 407
144 329
40 414
229 425
380 456
155 468
431 465
212 269
13 151
186 339
2 426
104 187
131 427
142 396
136 432
409 458
230 317
73 331
19 153
59 267
475 481
72 247
103 370
149 430
402 444
139 481
172 373
238 263
61 403
53 455
434 466
269 274
151 181
228 315
11 329
125 136
102 255
269 443
228 381
266 497
92 373
58 381
24 181
60 127
266 422
182 239
82 446
4 202
275 426
405 436
4 451
193 396
114 379
216 346
77 283
491 499
222 359
5 444
191 240
22 65
169 395
148 492
93 477
111 463
276 334
279 421
351 494
273 322
165 309
26 35
273 307
228 376
56 418
123 445
216 425
59 481
2 471
448 499
190 246
8 500
176 407
214 294
269 485
92 265
325 433
240 263
167 247
340 491
196 400
272 435
221 238
201 353
88 197
184 316
141 248
119 371
287 490
233 237
140 408
283 396
240 301
302 356
60 329
67 464
150 192
107 180
175 404
15 114
11 234
121 381
410 483
137 220
1 24
159 205
74 251
51 95
99 186
7 194
318 406
137 141
291 309
22 395
64 277
2 413
38 484
125 208
189 498
202 358
76 351
328 346
241 471
132 150
82 195
164 398
260 272
18 28
321 371
116 496
47 131
67 288
260 485
3 144
360 383
12 425
42 290
69 352
311 463
285 458
341 397
18 443
159 351
72 151
69 85
10 194
287 392
379 422
127 263
34 408
163 468
419 487
16 82
162 237
68 498
286 350
429 450
287 408
31 296
233 383
114 398
114 484
71 259
151 257
391 440
288 384
241 475
215 478
401 439
124 255
22 218
420 468
157 272
125 468
460 481
18 114
225 471
137 370
418 469
48 131
143 205
126 250
52 74
8 343
179 380
50 361
20 308
248 493
405 481
247 473
305 421
86 358
3 170
297 484
144 426
41 435
86 281
7 470
388 439
104 269
166 452
10 13
216 480
390 441
82 247
81 489
363 421
316 373
146 188
415 416
276 347
233 377
34 444
300 489
318 379
134 422
293 319
125 452
112 311
197 456
142 412
218 400
371 376
21 131
121 385
176 338
222 349
155 247
16 360
384 499
106 234
383 416
40 374
418 429
321 379
281 296
135 362
184 306
377 397
112 315
40 399
80 189
9 389
54 470
29 336
101 330
470 475
283 369
126 130
190 442
13 416
144 425
149 414
140 203
62 465
284 496
408 447
96 269
66 205
44 371
268 435
77 226
10 390
128 316
265 296
312 333
210 450
74 402
318 418
28 263
358 484
297 352
201 290
187 465
83 365
247 251
106 157
117 425
412 432
50 353
154 477
98 215
59 416
44 56
160 315
51 249
243 454
242 465
223 414
120 331
87 313
116 478
244 411
250 383
103 121
368 371
331 448
100 174
274 482
59 312
49 164
93 113
289 468
162 178
261 265
299 496
155 357
384 478
7 12
309 480
71 215
51 462
86 128
372 457
281 302
39 321
55 402
35 476
54 317
90 163
43 395
59 429
158 177
83 216
180 302
271 398
30 438
134 357
248 378
48 169
24 385
20 241
19 353
349 395
312 411
166 325
188 402
40 468
5 39
330 416
19 264
19 282
304 470
19 145
317 384
8 434
291 441
149 476
4 123
383 495
219 445
155 177
198 439
132 381
168 235
369 405
70 386
249 403
354 466
147 292
141 451
44 276
33 249
439 491
129 160
35 67
304 417
286 357
215 414
325 453
268 411
100 376
63 91
270 480
6 362
10 408
173 273
266 448
175 275
111 303
112 376
258 267
17 444
12 207
196 365
239 317
95 195
152 207
70 203
212 422
226 319
134 428
133 398
20 113
174 490
495 499
46 106
92 239
41 275
87 92
340 380
142 187
315 357
62 195
288 329
251 317
71 427
333 423
50 264
21 181
203 206
33 435
253 315
212 471
204 361
35 121
7 157
47 436
340 383
25 345
55 479
97 330
24 132
285 334
186 298
40 296
371 488
96 223
400 478
38 112
145 170
233 297
256 448
37 79
225 430
266 379
317 445
29 221
187 371
268 491
152 220
94 314
445 459
98 386
76 161
167 444
318 359
386 458
161 446
146 147
64 380
350 438
10 81
119 399
190 193
275 373
94 426
29 435
24 307
210 353
365 446
22 81
15 159
136 457
28 279
49 65
29 480
334 437
110 462
348 403
144 194
34 283
60 347
147 493
1 210
144 467
44 477
333 396
8 353
211 478
73 332
19 361
220 347
382 486
134 370
210 259
242 442
283 414
217 423
65 437
114 489
68 105
164 255
5 72
201 348
259 384
141 389
50 422
94 480
368 390
349 430
44 66
225 313
31 462
223 375
55 491
270 283
4 36
60 408
69 285
233 381
182 459
386 413
20 80
82 119
238 409
200 345
352 408
154 276
282 412
51 176
91 292
3 386
249 326
104 429
1 154
324 332
37 445
371 403
202 405
117 413
188 417
350 367
313 374
172 174
256 454
371 416
23 312
122 340
88 356
89 351
436 490
96 489
250 290
46 119
271 370
162 265
351 471
229 314
48 143
106 233
120 488
159 414
366 403
20 256
103 285
220 303
123 450
218 262
65 131
193 389
180 257
110 264
385 399
123 452
392 432
241 500
196 220
52 180
58 100
88 281
35 387
220 222
236 327
154 280
140 371
242 433
377 388
183 294
133 351
35 156
174 428
213 245
198 426
87 433
20 57
130 444
266 481
314 402
217 464
244 296
78 197
163 370
208 328
54 191
179 324
140 236
385 492
17 348
129 213
60 200
165 427
406 490
276 314
354 495
489 490
69 252
115 151
451 489
332 495
26 126
10 129
179 353
238 345
89 192
372 472
263 331
232 335
40 105
104 409
39 173
419 488
217 379
30 461
146 482
180 218
9 408
193 353
200 423
437 454
177 326
41 383
120 427
217 449
95 223
168 248
47 146
126 447
9 498
174 434
66 256
138 468
199 395
88 260
196 288
27 382
87 311
97 453
262 353
145 449
276 429
224 376
337 380
78 312
223 327
19 56
189 194
251 381
18 496
366 421
48 203
187 350
230 346
188 260
179 198
387 497
249 385
158 171
127 267
37 229
25 370
109 412
341 500
36 279
32 304
23 415
137 187
267 399
26 79
71 496
276 311
199 356
404 470
382 422
113 324
18 359
120 423
165 455
14 275
145 498
341 435
14 184
446 467
182 461
81 261
197 354
85 199
66 197
89 254
362 454
111 237
159 454
46 235
303 314
299 363
289 453
92 185
99 131
284 467
71 113
23 214
165 275
176 367
341 442
126 481
222 301
190 396
16 415
174 441
215 381
7 33
40 488
358 455
4 410
280 452
159 345
92 243
125 144
164 284
431 452
214 418
83 305
304 418
222 463
171 491
278 328
19 297
95 189
48 286
23 481
427 431
1 487
175 293
59 280
42 495
263 302
64 368
130 471
255 280
380 438
32 278
59 71
239 471
309 339
145 346
63 357
53 478
90 160
161 327
283 467
12 143
56 111
19 440
57 63
43 133
177 276
432 433
78 256
330 461
242 469
221 366
131 492
18 272
11 270
246 495
40 278
274 423
291 422
105 170
398 471
144 476
32 398
129 220
223 469
58 140
91 323
228 461
81 218
263 388
215 349
422 483
58 102
43 327
45 390
112 196
90 374
226 382
53 293
121 451
378 401
306 476
394 398
276 289
117 345
25 404
237 307
175 191
127 361
95 354
76 340
119 410
61 317
68 120
285 409
74 185
86 106
143 326
180 222
74 81
342 352
343 403
60 283
276 338
327 465
51 164
6 170
29 376
206 332
178 263
35 127
151 493
67 351
93 180
179 335
364 373
361 394
9 259
37 255
104 460
265 443
401 436
37 279
157 167
239 253
141 291
104 431
235 282
59 198
384 453
102 486
272 346
46 430
132 161
74 270
69 361
246 329
131 137
223 453
298 464
210 474
49 188
142 286
218 407
462 486
297 402
327 433
9 340
35 405
226 285
71 265
409 433
292 375
141 284
261 441
52 183
132 184
234 335
175 484
99 366
100 437
1 311
227 336
291 353
54 141
160 279
77 444
49 280
200 316
26 184
131 345
62 390
18 76
140 168
52 216
110 353
105 358
62 262
94 319
195 224
24 112
473 487
35 389
172 250
218 393
275 485
92 358
86 465
445 469
57 229
75 84
19 423
344 412
135 319
98 428
94 242
198 348
95 269
74 328
153 383
318 468
84 361
43 64
325 364
99 330
367 479
152 305
116 196
214 217
63 211
63 429
74 161
104 482
53 83
106 293
150 195
259 325
438 474
335 364
298 468
21 59
42 164
26 476
26 186
203 267
384 441
236 466
145 227
36 147
383 393
459 493
31 126
18 189
116 176
49 242
18 489
311 331
47 239
40 111
19 265
381 464
21 128
102 469
40 428
20 37
283 461
121 395
77 405
109 494
170 207
161 240
145 461
154 369
71 379
74 412
320 363
24 468
288 448
111 392
51 363
306 409
324 397
83 88
54 359
265 488
38 375
37 324
307 321
59 452
44 206
52 445
100 167
257 460
4 366
109 131
165 264
3 245
308 412
325 488
27 101
90 376
270 473
250 346
326 408
209 369
495 498
335 433
12 142
74 132
263 323
186 402
126 399
18 379
277 487
223 224
136 138
67 296
376 468
307 429
61 385
141 430
208 288
280 448
190 212
106 434
264 453
139 408
42 93
164 197
430 498
21 171
81 433
392 470
28 262
204 271
26 343
21 143
249 375
7 42
133 425
98 274
69 374
209 370
316 458
53 452
277 417
76 173
98 185
16 213
126 384
226 419
72 263
138 291
206 414
70 434
267 350
375 466
36 151
211 458
238 324
353 442
82 277
18 407
337 399
135 144
293 352
166 290
463 477
156 368
159 190
272 447
78 374
146 238
96 366
245 267
188 286
189 446
449 489
38 425
201 291
354 384
73 434
91 213
285 319
288 302
33 64
42 64
109 475
120 360
207 461
37 41
43 263
180 305
152 209
157 380
285 298
192 218
85 373
184 483
226 385
75 157
47 262
148 423
246 467
170 260
66 267
23 238
162 301
209 326
184 370
24 138
249 404
114 263
188 384
187 453
206 383
142 354
94 221
60 398
150 459
106 249
94 311
331 356
304 339
75 346
220 237
221 309
327 419
159 228
35 168
194 497
138 339
224 241
19 435
364 426
385 491
112 255
24 199
156 307
441 464
324 402
40 306
48 408
186 491
128 157
110 309
31 143
267 418
229 347
20 242
141 467
166 476
72 272
26 167
48 283
53 465
39 312
7 395
55 102
279 450
266 395
334 414
424 493
219 312
108 148
190 315
96 152
202 295
180 279
73 309
211 409
130 443
11 395
248 403
286 376
107 388
80 131
252 276
62 242
87 348
18 77
127 368
8 215
262 280
50 184
415 483
26 90
60 87
97 444
409 455
350 394
33 159
38 299
303 461
215 382
437 481
296 321
448 496
45 422
169 355
95 222
337 423
40 86
300 382
172 237
42 127
160 432
271 456
275 394
10 163
43 332
146 331
194 432
19 456
138 156
15 301
171 365
351 461
317 329
71 420
71 263
1 483
88 358
301 485
216 427
4 72
338 367
58 99
328 499
82 192
178 315
173 398
14 292
50 431
118 460
283 465
407 452
1 290
317 364
118 300
4 294
129 312
65 148
99 171
232 235
226 301
110 368
17 309
19 262
295 411
209 221
32 57
121 416
118 328
112 495
148 175
83 422
325 362
69 284
92 471
249 259
79 403
241 381
254 255
109 176
356 444
119 425
192 479
230 244
40 229
276 287
77 125
145 149
98 336
212 416
78 485
51 253
319 472
204 269
80 421
136 166
307 317
94 393
206 231
299 479
42 372
216 457
22 456
30 362
67 422
310 372
443 464
124 200
162 394
115 174
173 481
83 269
255 284
198 267
65 152
117 312
293 448
52 432
139 332
167 400
392 407
5 374
332 395
90 353
46 136
220 494
65 77
41 133
31 378
218 489
139 362
47 485
310 332
240 291
150 202
175 461
100 494
5 193
157 492
20 398
27 472
204 423
263 424
14 117
109 452
114 322
422 473
296 383
164 169
5 315
22 165
351 352
13 20
64 102
332 394
83 144
386 493
4 311
379 395
167 274
252 303
106 427
122 271
214 393
239 430
181 281
398 497
132 454
238 260
159 290
327 438
208 493
186 363
7 301
254 470
42 60
161 282
58 334
292 367
225 362
129 403
474 480
240 353
44 447
28 242
264 495
154 462
279 459
312 397
172 359
52 121
15 204
139 158
54 204
110 111
172 473
283 345
123 372
308 430
136 474
57 365
251 462
14 55
342 361
362 484
129 367
234 399
234 305
1 2
135 261
270 338
239 350
133 207
11 405
120 332
279 331
74 187
161 266
372 441
137 302
402 435
8 178
131 488
143 476
245 437
413 449
238 493
154 391
26 47
114 139
36 254
6 236
150 402
322 374
161 308
169 414
358 381
107 320
254 318
167 432
18 331
59 232
160 269
1 279
146 403
183 497
246 332
305 476
121 243
28 92
181 465
145 389
463 478
55 186
28 45
294 480
154 164
128 441
40 448
86 195
4 98
174 497
125 346
77 370
340 357
4 468
288 397
180 234
287 339
51 343
337 448
155 184
180 421
123 331
279 320
256 375
44 133
343 449
381 400
113 174
127 265
52 418
350 474
196 455
16 319
108 319
300 422
305 309
11 401
199 410
69 492
123 152
44 335
150 292
296 322
270 297
211 266
214 272
301 335
51 399
147 337
476 497
146 284
282 427
73 395
17 265
404 437
139 182
89 346
384 412
40 59
343 410
89 366
136 452
89 179
274 425
217 373
257 459
153 167
130 204
40 398
51 235
112 139
197 426
212 358
161 352
119 304
159 177
192 371
96 274
306 317
60 352
57 409
93 345
317 372
38 68
247 412
224 407
62 219
54 128
81 190
316 408
85 153
17 192
9 72
162 175
326 415
14 235
168 327
279 325
241 398
113 259
97 490
158 232
362 413
267 339
195 500
229 311
161 380
106 130
276 299
205 401
401 487
99 279
276 387
187 433
171 241
260 335
5 333
16 299
160 346
394 439
4 91
52 137
475 480
242 429
181 265
156 246
134 150
437 444
155 269
205 324
87 325
5 330
38 53
190 258
181 320
116 158
119 437
259 485
110 340
145 329
170 258
257 268
77 78
160 161
303 356
196 450
210 459
120 242
262 435
57 424
34 100
439 486
66 265
300 471
107 127
35 133
44 203
102 389
257 282
132 346
52 78
369 485
104 158
117 175
98 147
146 200
218 384
58 73
180 431
378 420
84 432
67 490
313 472
72 93
76 148
82 175
175 416
137 406
256 402
37 382
188 494
57 155
270 497
46 216
262 263
2 234
235 475
11 155
288 294
44 191
51 479
342 414
97 112
328 386
181 256
241 487
266 356
236 477
10 345
24 56
348 412
165 478
6 386
221 372
170 414
295 341
231 465
77 449
198 441
36 128
219 258
63 157
240 477
106 358
164 382
38 42
7 476
427 449
106 499
55 274
77 363
98 424
269 349
15 329
221 440
184 209
163 313
54 337
108 479
22 162
30 390
157 183
6 144
364 472
289 410
403 439
137 171
302 435
93 386
240 399
272 310
386 400
225 241
295 338
389 487
311 460
59 213
85 299
258 388
214 413
21 95
92 251
118 492
182 278
197 427
293 343
195 371
201 225
114 360
124 281
247 278
55 399
198 323
4 162
276 433
35 81
184 386
60 470
52 476
193 248
449 468
236 313
209 363
141 350
270 287
170 483
166 243
170 417
265 290
218 478
78 285
61 471
30 86
178 183
104 216
83 182
309 371
64 383
358 428
266 319
377 439
189 225
19 252
447 456
64 360
236 416
318 439
213 496
203 273
100 235
265 363
126 368
13 433
146 302
387 437
375 495
55 360
336 365
172 455
113 185
151 333
19 240
178 215
255 308
403 413
234 347
5 362
63 473
3 261
156 463
27 211
285 356
154 195
321 357
86 159
67 275
221 388
244 484
226 338
413 499
382 415
23 175
61 178
429 448
279 372
155 465
24 218
398 458
52 382
163 417
125 213
218 332
17 497
91 318
395 482
3 14
24 334
260 497
132 316
189 488
74 135
211 410
88 203
253 490
40 420
68 257
180 356
91 320
354 369
33 158
163 241
73 294
109 431
461 469
89 166
140 271
464 498
34 206
67 261
405 437
121 412
159 481
196 327
261 365
69 274
187 491
106 368
123 379
170 392
131 471
41 44
185 189
142 376
30 50
153 433
321 484
96 359
382 449
67 475
11 374
325 460
288 455
200 289
280 409
171 193
9 81
208 321
163 376
25 320
411 420
5 460
356 368
350 411
261 298
109 302
116 349
197 321
76 278
9 386
416 495
92 308
58 273
158 498
16 114
166 256
149 162
173 408
144 226
39 99
225 228
492 494
134 338
448 489
122 460
31 291
200 202
139 451
55 63
97 123
35 336
105 199
237 467
142 485
57 446
112 208
474 490
150 441
320 367
27 235
313 371
161 292
121 216
4 111
293 296
91 126
380 422
159 329
109 220
202 219
431 492
52 437
295 308
252 268
287 374
116 238
94 109
163 326
84 405
352 447
96 155
172 229
44 152
36 310
343 478
75 463
53 122
196 301
226 435
85 417
81 310
24 80
54 237
155 460
488 495
111 243
408 438
39 111
265 444
250 302
355 488
39 457
93 109
20 195
451 472
91 341
240 273
354 475
337 458
54 225
226 347
312 362
106 213
22 286
174 273
108 286
203 481
39 487
163 174
272 411
229 231
408 427
36 44
231 346
320 349
109 420
265 473
306 421
10 400
210 336
75 203
271 389
204 460
99 391
102 167
53 313
169 207
100 453
36 388
158 407
181 215
182 242
57 200
111 279
21 173
105 191
160 446
87 294
154 249
403 485
36 355
47 107
55 242
329 370
112 450
234 452
157 472
35 303
53 249
74 331
31 231
355 394
387 479
261 279
306 464
12 185
244 250
27 288
245 411
110 211
179 486
205 331
130 326
127 357
160 417
185 270
145 327
227 260
314 481
69 207
84 383
253 332
74 294
144 203
249 370
118 311
139 320
239 261
208 319
187 188
201 305
101 141
22 270
62 280
356 494
44 170
361 430
94 438
253 492
95 235
218 230
203 296
34 219
185 257
152 406
77 419
432 480
63 78
154 410
277 288
36 112
50 186
107 287
139 456
113 447
166 176
48 397
312 443
199 347
232 497
373 486
6 228
318 395
265 457
25 87
296 450
298 408
123 279
23 236
75 225
121 351
56 434
26 266
219 444
227 441
7 489
191 398
287 379
56 259
136 233
154 334
282 361
330 428
54 132
30 411
144 375
81 321
198 278
51 136
43 342
403 500
135 136
89 279
304 345
72 132
137 184
30 365
85 214
262 301
29 181
135 444
239 498
164 190
208 272
208 373
54 346
121 182
37 348
89 378
268 485
8 179
226 443
418 485
197 397
206 459
131 353
110 361
112 489
272 421
161 490
57 428
369 412
43 99
155 404
123 136
132 176
50 212
192 472
389 439
12 380
78 146
226 420
113 122
64 464
237 284
185 283
337 358
41 401
176 482
339 493
52 110
56 330
355 479
272 389
101 400
417 436
158 294
114 314
223 304
126 164
151 314
419 490
84 107
80 473
334 354
136 334
308 373
202 352
441 490
321 404
93 96
134 289
237 452
244 433
172 477
286 387
372 470
240 341
158 173
27 274
249 447
300 426
340 454
178 413
8 357
69 248
106 185
206 304
143 401
321 325
227 361
64 242
13 187
20 446
215 445
429 469
4 219
108 131
330 399
213 221
107 122
188 231
236 424
119 404
187 292
259 447
65 366
150 452
139 259
228 446
82 125
13 439
77 463
261 349
213 346
49 457
92 118
38 319
23 318
236 414
261 303
137 169
69 107
60 194
89 151
68 327
313 419
212 435
86 326
80 478
212 368
14 207
412 452
218 374
423 482
253 383
144 451
414 459
106 469
273 422
19 484
74 351
65 311
319 362
322 431
375 490
66 274
170 456
101 243
254 397
146 294
22 236
130 210
223 439
238 473
311 497
377 386
323 341
218 354
92 161
20 55
77 137
266 409
2 191
432 439
268 492
17 86
252 427
135 228
141 290
288 468
432 472
195 482
117 168
316 379
288 379
179 222
183 334
172 364
232 410
233 338
312 392
266 324
254 425
136 255
53 105
29 125
185 376
169 456
319 346
45 198
260 301
255 348
225 354
50 88
151 208
178 408
268 400
1 222
26 437
262 487
168 272
123 374
288 349
26 98
94 124
88 319
324 493
152 404
114 409
300 423
162 476
204 491
306 393
133 282
2 463
98 108
205 458
276 401
16 203
377 491
221 341
347 499
168 438
68 163
171 249
257 337
35 48
335 393
203 289
252 267
1 85
306 484
200 230
196 330
256 362
299 328
70 388
202 274
87 447
27 393
18 46
188 472
36 322
48 84
42 314
164 260
182 466
309 497
142 443
127 307
257 456
449 497
278 283
81 155
203 314
316 370
418 488
136 460
34 51
251 288
162 292
219 471
278 312
66 409
2 3
302 450
192 459
463 471
276 356
143 354
113 243
20 396
51 357
114 444
42 181
246 300
60 281
371 467
270 402
35 453
213 457
251 257
139 437
355 436
160 272
3 260
40 287
115 219
33 423
318 349
201 409
117 302
308 410
413 438
86 225
76 342
131 394
11 68
127 221
26 363
420 430
137 223
360 435
69 402
48 444
83 448
100 221
284 325
131 188
342 349
7 32
13 473
149 159
65 79
112 133
37 467
16 47
234 346
55 90
84 499
100 411
55 256
122 171
65 230
144 169
108 438
168 446
94 97
86 208
38 244
216 325
179 412
107 344
141 404
92 316
29 96
40 178
110 396
278 323
388 407
4 53
88 381
273 391
212 403
130 360
204 430
276 357
407 491
201 243
90 496
168 425
201 238
145 232
34 152
177 379
318 457
204 330
182 497
246 489
6 179
30 131
274 335
7 339
74 254
227 421
127 409
258 369
285 305
120 494
45 424
83 438
17 429
111 219
23 48
218 480
131 260
129 303
7 187
341 480
99 213
380 475
25 264
306 318
136 319
90 494
310 424
110 394
412 479
1 376
253 447
235 477
65 387
306 363
25 45
129 291
233 401
389 471
272 375
64 82
32 109
151 438
152 487
88 125
136 341
15 123
378 480
178 257
9 206
189 428
197 415
43 459
122 440
113 124
221 252
137 410
72 138
247 376
24 321
342 376
196 397
165 393
29 115
162 428
50 302
171 191
247 303
74 382
20 75
302 309
25 498
12 352
213 257
300 313
111 377
83 342
84 316
345 494
244 369
147 433
191 296
178 311
34 262
374 491
207 336
200 341
151 209
33 469
195 324
194 325
202 282
72 465
188 316
153 189
278 374
259 439
162 420
340 429
160 264
92 321
25 447
199 391
315 320
237 439
337 478
159 224
104 399
226 440
214 459
32 111
257 403
280 353
171 195
102 313
2 266
218 266
299 465
22 321
44 330
422 485
157 375
26 236
63 489
308 416
206 293
352 495
103 310
367 466
160 206
20 177
158 422
231 249
80 432
326 358
291 329
72 354
336 433
314 426
322 368
153 297
41 91
248 435
106 208
190 403
198 369
306 373
40 247
196 230
222 227
159 500
188 257
43 106
214 428
406 432
288 301
54 452
419 474
289 425
224 462
161 350
70 309
311 365
234 287
164 254
74 177
160 205
40 484
249 490
295 414
84 419
67 332
121 439
60 358
179 368
344 430
70 380
131 259
109 236
45 454
187 236
113 410
332 444
175 444
82 318
171 457
268 473
30 111
88 214
61 439
42 280
114 266
31 434
265 413
99 458
15 242
223 265
311 359
37 463
273 311
416 491
152 410
51 341
93 288
113 409
135 250
206 323
130 335
99 429
231 349
281 369
93 410
458 459
60 273
119 426
6 437
4 192
231 260
34 472
244 259
223 479
402 420
169 210
232 281
14 205
255 303
60 361
279 417
8 236
275 311
104 270
48 294
136 380
34 373
371 411
351 354
137 238
72 73
11 136
249 293
47 423
364 489
97 273
253 427
188 224
75 247
23 487
205 460
43 192
145 257
329 468
72 373
165 357
294 381
327 414
26 56
322 341
398 424
269 396
150 428
388 405
308 472
287 366
302 303
292 299
93 206
416 493
72 381
185 457
121 429
182 488
27 117
157 195
78 163
353 447
254 454
197 292
222 259
144 433
65 240
452 468
109 140
343 422
148 392
79 112
300 311
4 271
287 327
30 183
263 308
97 240
122 497
171 467
325 475
292 357
102 424
54 196
83 268
30 237
196 205
20 247
196 352
18 55
277 431
405 476
87 489
55 117
18 239
208 247
239 432
304 492
237 257
71 164
173 252
203 212
472 482
224 492
443 497
107 162
162 405
313 335
312 370
308 482
141 245
106 339
27 268
142 154
44 169
1 493
76 380
97 212
133 473
20 448
466 487
417 462
233 339
18 103
190 220
136 466
255 392
297 366
86 266
187 239
21 369
115 336
60 484
111 414
163 341
231 488
50 336
11 436
262 345
175 441
197 289
119 466
73 386
59 318
108 187
243 324
49 235
321 471
90 305
210 215
92 387
206 473
127 376
28 413
2 231
149 229
311 491
302 420
146 216
168 476
101 291
272 377
160 299
35 410
203 340
304 321
459 477
112 401
405 413
289 396
160 252
149 289
36 166
43 89
66 285
445 496
239 356
61 414
11 243
150 394
120 481
41 245
50 410
17 159
27 46
64 347
352 377
23 206
101 273
142 324
98 376
24 485
63 93
41 230
408 440
40 60
122 383
64 473
260 340
15 451
9 261
46 63
62 173
161 185
31 56
35 308
55 282
12 321
339 408
44 110
29 213
108 362
219 329
57 64
241 415
126 456
51 372
118 270
395 454
326 396
368 462
216 429
13 401
17 33
57 86
168 435
18 224
225 341
118 172
89 220
99 128
153 215
114 150
177 482
117 418
129 227
158 168
284 329
116 457
107 270
237 261
168 423
35 204
317 497
194 238
386 424
38 164
154 490
206 372
18 326
277 309
217 329
395 433
192 332
159 199
27 98
243 355
112 152
279 397
271 338
197 438
309 321
376 397
67 320
34 308
97 366
166 234
55 362
29 358
251 252
285 471
47 354
215 397
104 107
314 417
60 344
24 202
369 469
127 264
178 357
181 494
42 339
26 190
281 461
109 168
120 186
289 367
73 340
61 250
363 365
100 487
164 478
181 478
202 320
55 486
84 98
380 400
95 177
52 279
164 311
271 347
157 449
245 333
18 455
124 288
154 182
86 497
8 448
48 476
7 467
133 196
118 365
291 323
58 489
169 361
110 182
60 462
64 465
289 356
109 421
367 428
276 434
394 402
167 209
266 456
121 475
158 473
196 475
386 412
70 237
78 294
371 389
222 490
142 352
257 410
185 387
104 434
208 449
191 417
165 219
77 115
191 333
63 172
302 314
24 453
150 498
139 499
17 422
288 306
95 299
307 459
51 350
230 310
187 361
159 313
355 397
184 303
116 330
67 390
378 422
281 480
315 453
283 299
62 287
287 316
450 462
35 500
119 479
13 276
82 419
53 476
25 317
151 416
380 440
64 340
58 136
88 434
274 392
194 416
195 314
46 344
425 483
90 169
85 176
53 306
94 148
111 160
315 451
46 58
59 317
248 317
286 460
57 146
392 414
189 367
322 355
258 362
63 107
216 401
276 406
108 122
351 451
9 177
122 360
155 271
136 487
300 432
227 377
160 219
198 252
212 462
101 358
115 300
33 274
33 492
83 276
100 161
283 443
119 422
11 379
415 454
225 473
77 460
199 289
255 267
117 443
338 345
388 442
123 172
54 297
390 490
416 460
40 56
40 341
355 437
42 157
156 294
452 463
121 488
300 314
95 337
35 275
72 466
274 331
321 405
79 187
141 265
35 185
170 172
74 478
302 479
134 356
32 170
39 53
2 440
261 268
437 496
64 192
230 326
61 98
103 345
113 253
109 435
311 318
19 219
171 323
25 53
380 423
294 435
138 263
367 386
141 499
160 317
4 136
41 189
153 349
138 326
189 466
66 71
149 205
13 84
371 445
48 302
101 384
164 456
337 430
42 316
46 250
84 157
210 219
416 428
105 262
21 110
264 326
97 392
34 402
117 337
216 245
201 350
194 305
34 484
214 495
46 297
342 373
87 90
375 476
60 456
477 484
98 210
33 428
172 378
235 487
47 83
5 183
219 286
388 464
161 418
147 409
76 373
350 383
65 434
83 468
334 449
421 463
391 400
71 404
49 426
169 430
336 455
165 187
18 226
48 74
29 211
324 376
255 285
233 393
275 429
24 487
146 423
43 222
94 351
146 229
11 494
154 480
347 406
15 260
165 260
50 408
93 256
111 217
56 173
33 220
77 270
129 370
389 456
164 272
59 483
116 450
169 264
148 162
53 123
179 301
93 242
266 415
325 351
335 458
41 50
371 421
24 322
48 275
293 425
87 101
433 466
243 492
426 474
234 484
23 188
90 309
94 251
384 415
82 102
188 262
67 498
43 386
132 218
118 285
454 483
81 111
222 345
214 391
80 105
240 500
109 253
213 235
258 333
2 346
221 397
85 118
340 393
78 128
35 469
92 222
80 351
137 433
307 472
27 281
66 95
85 441
275 387
232 338
85 306
1 27
140 445
74 191
324 407
239 285
71 447
11 57
236 362
5 95
177 376
187 202
200 204
428 489
315 472
126 242
126 327
93 117
6 428
208 330
335 484
21 175
18 308
32 120
25 235
33 288
241 369
11 432
313 394
172 384
199 427
40 345
176 286
82 308
26 487
31 72
38 273
36 364
136 244
73 139
22 361
131 443
23 140
98 196
127 414
210 380
220 466
23 254
128 360
211 497
163 372
90 164
34 332
41 128
24 476
223 311
190 222
125 200
424 460
235 468
4 58
105 336
136 338
325 482
193 231
85 433
111 131
13 223
216 263
276 389
26 417
410 487
74 273
238 417
118 341
117 335
326 407
485 498
454 498
163 232
68 249
299 346
235 247
204 238
113 376
37 134
121 280
124 313
336 418
122 448
129 233
188 328
67 68
89 446
63 96
176 294
213 374
298 383
18 442
246 401
173 339
307 373
347 459
186 201
233 382
160 372
18 244
212 495
87 254
151 231
33 264
174 437
206 268
198 474
156 485
278 408
357 472
15 360
72 460
40 121
104 301
256 274
32 85
323 498
304 445
250 257
90 460
244 462
30 325
86 474
180 214
341 355
173 281
386 455
183 247
86 99
51 94
202 218
249 350
138 328
245 380
71 325
450 454
32 487
211 358
143 374
28 377
34 169
43 167
189 479
264 487
355 466
51 457
335 445
211 403
145 379
139 478
21 193
77 247
58 296
211 490
25 306
168 192
65 238
167 325
78 356
98 115
330 417
179 472
3 320
47 67
176 393
118 177
247 304
248 398
174 431
30 321
103 257
86 268
124 441
89 241
41 413
115 329
206 209
21 483
399 429
435 495
351 436
61 479
155 243
110 405
266 296
68 417
82 415
447 476
214 234
13 253
8 422
167 315
169 402
262 476
171 210
16 145
23 493
6 115
48 185
398 456
188 469
25 316
291 348
371 437
76 255
137 329
69 497
35 427
40 407
31 38
321 461
256 380
292 454
62 296
144 438
55 176
150 282
144 257
99 363
7 44
145 378
232 238
270 354
15 220
349 406
193 239
161 419
375 454
19 462
216 361
164 485
207 342
58 80
50 115
289 326
122 139
198 301
235 398
261 287
321 394
115 268
401 434
23 453
14 334
318 410
13 338
126 205
360 395
353 392
251 414
168 240
8 320
406 491
106 271
55 210
127 228
57 254
338 378
217 271
14 396
182 402
143 445
401 408
149 349
181 290
131 194
84 445
349 375
215 220
176 409
113 351
133 369
91 478
56 424
130 315
349 428
167 481
121 267
151 455
277 398
236 279
198 318
132 221
52 93
58 88
331 362
215 430
174 392
185 198
48 105
123 308
53 145
239 455
13 35
174 239
238 282
414 455
324 386
132 430
93 195
131 494
39 274
49 248
253 300
206 395
280 393
117 201
297 312
333 460
9 245
203 288
23 397
89 141
292 436
277 353
23 154
13 269
34 217
230 464
12 385
363 459
168 494
389 444
176 432
201 255
272 343
118 481
211 488
249 414
254 405
55 364
31 392
243 303
406 480
44 337
196 282
148 368
196 431
41 343
181 325
153 261
101 217
219 432
242 454
80 87
11 360
137 242
137 487
370 422
127 374
91 232
237 428
240 345
91 271
270 341
29 276
26 83
3 162
12 481
44 132
2 387
150 376
157 281
232 326
209 245
279 318
74 226
232 353
339 359
87 218
238 319
287 368
144 191
26 497
218 237
217 249
408 428
164 318
283 452
16 270
230 399
144 162
58 206
212 490
225 416
47 208
394 498
232 357
376 384
123 416
464 487
70 327
148 259
340 370
194 391
192 297
227 402
101 411
179 200
104 128
342 454
85 287
61 498
387 416
295 466
39 500
91 252
172 249
178 327
25 57
151 367
285 445
42 225
100 412
437 493
6 215
195 459
239 259
232 237
306 424
11 296
41 226
182 253
131 280
148 200
17 321
364 422
100 212
181 346
420 500
23 143
161 497
19 213
28 103
195 296
116 335
173 304
149 372
90 317
240 428
274 388
179 453
155 478
276 423
128 334
26 481
185 442
235 315
329 399
106 396
263 396
165 460
102 122
69 199
202 497
265 386
109 430
371 417
205 303
200 449
208 261
187 232
187 259
31 450
57 464
172 254
417 449
142 167
318 355
443 463
40 367
360 370
10 381
51 149
1 112
49 412
362 427
53 58
162 203
124 337
30 431
40 336
125 359
58 469
39 146
35 340
119 323
199 474
3 125
82 322
198 327
12 126
3 282
11 370
137 392
151 465
6 29
137 342
78 205
93 438
108 484
186 219
255 415
59 474
89 405
137 258
288 471
208 265
70 79
4 8
115 419
120 363
94 255
222 500
236 491
12 360
186 388
312 323
70 146
78 161
196 323
36 299
211 436
231 329
5 122
111 272
360 466
85 495
117 333
119 281
50 255
126 307
128 177
11 120
209 313
112 164
74 418
10 150
267 420
31 233
284 385
101 318
40 404
450 474
392 469
73 494
60 494
324 463
114 389
114 417
130 459
150 272
110 249
151 452
161 447
401 462
144 208
406 472
162 430
96 300
60 269
281 348
116 245
175 241
278 428
83 203
31 152
393 437
204 259
92 490
63 142
132 446
170 232
121 160
323 403
6 48
137 457
118 355
1 340
27 142
359 430
146 398
147 243
74 239
267 315
125 221
300 398
106 267
31 316
68 235
46 151
114 220
98 251
18 353
413 430
96 145
142 294
173 290
3 13
45 403
111 129
250 342
251 465
256 436
162 197
292 471
456 480
214 286
261 452
84 244
4 94
33 240
124 294
155 421
205 245
458 492
262 409
141 363
335 372
104 289
257 281
3 283
216 382
35 54
39 263
188 445
203 458
306 329
146 262
78 127
52 452
26 459
95 344
118 274
264 272
89 474
277 402
254 347
262 310
267 376
126 243
349 480
68 356
173 470
393 466
121 260
361 429
217 248
188 199
19 336
462 478
385 457
95 291
67 376
206 357
212 405
226 298
175 393
139 339
224 477
447 450
247 410
174 349
334 369
152 332
158 316
176 251
406 431
113 164
302 355
167 361
286 351
194 288
151 271
85 499
180 424
123 489
386 401
5 218
375 388
73 95
86 339
298 455
111 477
262 319
226 498
3 369
72 269
204 384
199 218
196 233
409 416
15 45
261 269
146 213
77 167
149 418
232 273
224 330
71 345
62 174
275 335
447 451
116 292
75 234
147 191
11 301
15 397
363 448
128 184
23 288
379 490
380 446
356 437
168 315
134 310
186 394
259 355
239 500
328 352
21 485
95 361
130 163
104 105
47 160
129 390
438 456
221 377
386 494
396 421
33 472
125 358
223 446
224 489
288 370
117 379
371 466
416 455
152 186
11 115
261 438
184 332
29 285
480 485
334 493
365 458
128 301
113 234
63 464
23 243
184 312
9 459
135 330
418 451
109 489
86 318
257 297
19 220
18 248
356 428
229 479
218 450
249 446
162 293
105 231
21 291
280 483
132 414
60 469
190 216
370 412
79 85
125 407
151 444
6 124
169 265
253 436
256 472
141 210
113 480
167 453
57 174
194 493
125 242
80 324
180 442
212 411
182 295
14 325
21 432
250 276
106 359
50 403
205 490
9 371
284 355
415 422
345 467
59 304
346 429
192 417
237 499
45 381
314 333
78 316
17 31
212 287
32 148
172 428
17 492
265 490
58 419
170 378
383 450
205 291
86 126
66 443
168 260
131 273
346 433
134 344
133 421
93 432
4 67
188 398
370 396
239 450
339 467
44 112
110 130
245 284
417 453
302 457
16 177
236 366
138 499
360 377
30 366
13 27
186 240
204 487
412 426
315 395
140 376
431 433
130 375
140 160
287 303
224 277
76 121
298 343
19 61
142 477
47 169
139 359
118 423
220 474
403 404
265 472
189 490
59 130
30 109
242 367
67 270
148 446
139 181
104 255
215 370
30 408
172 327
6 240
339 476
138 258
12 394
4 105
24 309
102 218
84 280
414 468
66 136
414 425
320 421
8 437
129 434
16 354
183 339
279 418
344 481
151 445
72 292
270 348
49 84
41 319
49 385
101 364
112 268
193 485
49 95
4 251
43 398
250 482
213 472
391 392
79 382
258 384
237 283
54 300
126 319
215 369
307 455
90 231
485 493
177 196
260 461
275 279
3 64
77 406
313 470
264 426
5 129
93 300
323 328
225 356
211 305
187 210
329 343
45 47
363 407
5 431
311 404
28 446
11 469
40 352
40 455
142 241
62 297
186 405
2 317
68 406
214 456
171 201
77 230
88 188
343 492
276 479
235 253
37 225
93 388
25 82
101 489
410 477
61 122
180 409
231 269
60 158
224 386
93 309
133 236
79 144
358 440
164 316
118 389
139 275
77 153
30 200
148 425
253 494
402 403
88 292
355 448
228 234
4 62
280 295
119 447
113 224
235 408
355 372
385 487
47 213
148 351
226 499
135 474
353 394
15 424
47 197
140 238
128 461
284 338
14 363
65 301
185 316
231 347
60 378
351 416
175 413
356 382
28 434
10 393
120 485
260 304
10 498
355 474
156 206
343 467
321 361
383 469
5 382
259 407
28 473
423 426
7 104
270 491
13 74
210 386
168 409
101 200
242 407
341 474
209 474
312 314
207 247
89 365
319 445
156 257
117 434
71 178
206 457
71 275
52 358
424 481
100 175
116 460
342 385
489 494
188 233
171 216
353 455
96 312
76 289
134 480
330 424
30 252
341 391
70 116
183 308
306 418
339 457
95 402
291 318
201 455
455 492
165 191
35 138
14 176
235 333
302 415
67 198
11 201
4 221
83 406
69 193
425 474
97 445
370 454
17 313
118 262
431 432
129 294
79 80
121 215
189 192
303 324
246 469
345 427
63 371
93 158
455 464
25 34
39 447
181 252
69 380
223 434
51 406
253 329
203 356
52 336
361 372
243 294
52 349
83 458
337 397
28 189
76 304
28 185
85 215
5 108
79 271
41 150
230 343
14 154
251 396
283 486
212 452
21 335
22 287
271 362
28 497
117 415
116 192
276 408
426 445
326 390
43 50
90 381
166 332
338 423
421 495
211 339
42 309
116 386
6 374
21 169
34 61
5 340
101 460
331 443
268 283
301 430
341 492
180 463
383 434
276 388
67 492
144 174
88 133
191 268
124 324
314 469
40 82
174 281
148 489
183 188
271 451
113 191
62 75
200 254
12 434
42 226
312 368
176 319
77 214
12 298
64 334
4 210
275 402
131 491
291 442
154 376
278 367
352 498
60 159
399 498
220 271
227 497
80 418
31 290
247 484
363 405
260 399
77 243
5 263
214 255
138 292
30 424
84 181
53 295
263 439
12 34
144 252
83 415
223 287
331 377
236 326
21 340
95 494
429 443
11 245
39 238
419 444
89 164
174 462
117 478
99 178
4 84
150 252
2 483
119 164
367 371
48 490
240 351
205 357
321 414
272 386
478 486
15 272
421 475
104 453
77 98
56 449
132 479
235 288
9 294
374 460
407 471
23 129
317 406
249 487
117 492
190 341
204 307
200 231
329 405
451 468
91 481
82 306
190 265
111 156
272 483
66 213
163 322
88 147
333 361
65 173
446 473
101 264
113 393
213 265
166 311
92 410
40 114
400 450
214 268
223 444
38 348
132 360
20 431
214 381
13 130
217 244
262 483
215 344
54 156
159 270
203 478
270 340
231 333
442 494
163 308
50 424
193 301
8 160
70 351
146 480
218 331
176 291
104 279
17 146
300 346
192 253
63 450
79 322
129 224
51 487
122 313
191 358
105 253
245 471
212 293
288 343
176 311
257 468
194 500
29 121
45 435
349 369
392 439
10 410
293 336
159 187
86 173
110 197
227 372
59 191
146 412
37 161
198 342
50 143
232 422
73 227
214 367
155 276
151 417
83 133
367 458
195 379
32 228
27 176
332 337
60 310
80 232
96 415
42 408
25 75
19 311
107 366
15 307
420 443
319 441
83 476
336 384
169 273
33 371
96 347
63 419
183 325
27 171
23 170
200 234
280 378
428 443
155 353
378 407
218 454
211 238
370 465
210 358
128 456
258 289
277 293
329 354
367 393
281 345
33 415
46 158
289 444
2 328
71 312
237 362
264 318
77 423
280 332
40 46
34 268
57 279
242 392
37 484
224 275
170 358
128 227
122 286
461 481
101 498
107 112
153 273
209 296
65 462
40 313
98 348
15 219
241 348
169 405
66 296
469 495
55 394
123 485
4 335
100 205
63 195
281 404
102 212
52 345
105 376
170 229
95 492
39 171
457 488
181 427
249 422
140 252
293 488
231 285
207 263
50 456
242 475
252 374
203 333
162 341
36 286
281 460
281 409
126 379
191 390
165 386
286 301
289 386
281 332
245 389
157 351
38 113
139 331
393 454
35 84
34 168
86 151
120 241
5 164
3 178
109 439
151 230
120 178
50 491
130 447
382 481
364 401
39 298
247 454
231 415
249 440
379 396
141 298
90 463
160 287
298 353
28 61
134 418
462 485
289 433
177 447
148 222
225 246
263 315
175 296
119 380
123 278
119 285
291 317
39 127
1 363
377 471
44 218
351 440
75 160
10 239
124 486
234 412
235 456
299 472
249 313
281 465
117 476
184 230
296 468
181 480
211 237
108 135
130 409
273 336
316 400
132 413
161 351
160 341
395 488
65 484
225 311
390 426
283 362
308 493
311 456
68 265
76 339
266 473
189 439
348 388
198 420
322 382
314 342
51 272
12 451
133 418
233 449
11 54
19 289
6 442
95 274
107 273
12 83
122 266
78 311
232 310
224 431
34 465
405 432
128 404
117 452
104 351
268 443
39 331
55 124
103 228
338 469
234 435
91 366
166 444
58 130
166 237
137 497
54 92
408 484
111 115
37 125
151 498
302 421
19 387
76 419
281 445
100 491
95 480
74 199
95 281
59 336
86 90
299 456
80 378
271 334
134 398
33 325
346 424
37 117
10 167
386 388
121 354
174 190
99 124
214 470
83 425
413 454
65 352
225 441
9 499
247 440
126 409
45 131
301 418
153 154
47 111
17 64
87 465
106 340
83 197
210 247
249 285
261 327
160 181
190 271
430 443
168 285
234 255
195 438
307 481
114 185
162 321
337 404
167 289
437 442
320 322
4 280
232 445
5 132
100 493
277 329
53 64
99 114
4 55
78 182
13 31
86 495
50 110
201 271
8 265
104 200
50 248
358 453
12 386
91 459
119 216
19 288
154 389
40 180
249 330
41 190
226 489
175 227
408 466
2 173
386 463
213 316
84 119
41 345
195 478
204 497
144 276
167 331
119 430
159 289
213 493
25 358
35 79
125 291
349 455
184 251
305 454
363 492
273 383
138 342
193 437
214 264
398 426
1 249
43 120
200 283
360 495
65 209
172 330
54 83
27 442
308 414
44 171
54 341
325 422
212 444
22 498
77 129
10 263
333 387
258 499
430 431
25 207
165 232
145 323
80 222
449 465
229 336
185 436
169 403
226 254
316 346
86 95
313 388
55 128
256 498
136 424
56 251
129 461
262 410
165 273
347 381
214 421
36 129
74 245
41 375
126 460
222 288
23 366
38 367
24 450
203 208
397 480
133 274
186 245
407 439
110 467
161 349
454 492
461 471
76 319
55 180
23 28
219 371
94 155
210 381
240 315
220 250
166 192
84 128
143 263
295 354
207 315
111 430
2 103
323 379
417 465
263 353
181 446
84 90
18 166
360 365
80 321
119 308
65 218
27 172
15 375
10 63
187 476
236 485
251 489
151 215
38 188
38 422
29 281
290 493
32 498
443 491
458 462
47 255
194 483
67 283
230 413
71 356
352 359
69 320
31 271
67 209
340 400
300 480
303 388
285 286
278 482
175 457
62 468
253 390
24 379
48 117
108 408
12 303
25 92
42 351
288 354
24 26
110 131
7 28
214 250
45 473
296 365
196 369
390 422
294 497
260 383
79 188
394 429
341 469
81 94
146 410
333 441
21 58
132 223
103 159
117 284
203 228
381 409
20 193
130 388
224 310
137 396
193 429
324 475
187 460
135 380
108 414
203 451
15 419
392 406
128 323
106 284
121 264
24 77
128 172
119 302
111 263
397 465
25 454
238 404
168 380
25 142
163 450
362 426
346 454
226 470
187 466
91 240
77 292
287 318
73 266
15 158
193 217
348 428
131 476
44 200
42 467
336 361
384 500
156 458
20 74
218 319
236 417
67 140
95 196
311 432
141 174
245 344
184 449
84 496
354 439
196 360
187 485
22 34
41 130
101 196
121 239
81 371
179 241
160 416
157 238
357 487
289 336
317 443
299 339
334 484
204 264
97 334
40 466
76 469
345 364
410 422
173 351
9 388
148 176
51 358
249 279
287 356
38 342
211 215
243 464
370 457
176 457
232 328
53 430
144 222
104 330
183 205
126 192
217 383
57 414
205 482
217 494
28 344
62 399
120 403
287 369
26 200
24 338
190 224
418 489
34 290
429 466
208 468
24 389
20 264
72 212
79 284
48 353
141 164
136 178
96 166
60 337
235 327
378 390
25 472
308 422
155 308
219 374
24 81
44 262
265 484
146 278
73 358
217 377
129 154
345 431
290 433
74 222
351 396
306 486
76 367
278 445
161 189
278 329
97 299
22 41
66 356
198 466
462 481
96 472
139 433
159 189
55 78
384 473
26 321
420 445
149 224
143 244
239 470
94 436
52 210
170 220
325 486
43 351
256 499
39 403
452 492
357 401
413 436
274 284
285 433
210 262
174 177
426 433
235 429
358 467
83 230
3 453
251 448
228 308
72 152
73 179
88 313
188 484
169 415
386 440
72 241
160 352
113 136
35 471
207 494
7 368
211 427
122 427
257 408
356 461
42 326
2 402
412 485
26 380
153 356
25 494
227 265
303 459
99 302
9 444
16 147
92 455
168 455
114 191
55 232
10 29
324 391
164 304
16 339
4 480
235 249
147 241
26 39
46 208
175 488
54 421
240 292
309 450
355 443
185 440
61 281
353 412
25 56
224 253
223 495
81 251
145 283
61 315
465 497
85 456
189 443
6 37
399 417
69 130
70 230
410 462
6 165
94 448
2 490
115 146
313 347
236 492
122 363
113 359
79 345
311 395
77 367
293 462
168 419
281 483
37 245
338 365
59 61
48 446
265 345
202 289
62 205
385 438
16 216
361 457
375 386
305 422
39 314
286 446
335 447
52 107
44 359
78 438
457 477
49 424
85 414
81 238
62 493
397 455
33 71
21 39
367 418
26 338
199 374
57 287
52 57
98 382
398 447
40 316
89 227
67 412
218 340
411 472
229 458
47 391
158 397
260 273
293 313
57 315
179 261
19 402
238 264
86 473
382 424
36 356
246 285
83 280
116 281
170 439
173 443
30 368
173 487
494 496
126 494
391 411
195 302
31 228
97 344
301 314
101 415
277 441
236 387
202 348
119 294
27 318
201 376
71 128
22 297
2 79
472 480
80 312
127 364
12 411
92 382
159 252
149 209
193 224
177 182
96 125
254 481
76 89
95 311
475 489
400 428
73 92
329 371
91 417
185 223
55 289
1 108
81 263
187 231
91 346
134 416
44 398
276 418
160 335
18 354
129 231
276 463
29 72
25 378
133 483
171 229
368 395
243 440
139 418
95 172
169 483
53 499
21 30
212 418
59 368
273 303
273 478
243 470
226 348
71 330
135 283
274 330
166 400
160 397
75 303
54 464
291 298
302 477
78 279
7 248
30 205
138 415
320 456
7 56
23 66
283 287
173 367
192 482
117 214
123 293
141 233
429 444
48 450
74 394
403 496
200 320
295 347
172 313
367 471
129 297
286 466
46 232
151 307
19 223
11 241
47 363
82 199
260 445
205 275
176 265
386 387
119 278
104 422
120 349
366 469
215 456
27 296
76 396
78 325
87 309
67 183
59 338
342 380
34 393
310 487
198 488
35 289
292 294
447 475
242 486
19 376
252 394
98 128
9 89
406 460
59 436
68 76
222 405
95 219
280 286
260 334
32 68
41 75
58 241
151 250
206 313
64 499
24 42
72 457
110 270
399 483
159 405
245 272
239 404
298 333
49 221
8 196
22 78
327 422
108 441
56 287
355 483
221 318
240 380
85 209
399 418
355 491
89 463
153 348
183 332
119 197
71 237
19 165
270 279
285 297
56 81
271 365
26 369
41 310
89 261
55 157
30 45
198 325
24 277
107 178
126 249
361 484
154 315
237 495
76 142
338 440
101 338
68 328
334 344
172 175
16 31
110 487
83 419
364 425
127 323
87 217
125 158
101 281
34 87
102 314
413 489
19 193
434 440
199 243
39 281
124 232
193 210
83 392
39 270
294 486
277 458
12 338
119 264
116 217
355 415
35 328
200 207
370 376
309 405
161 409
211 249
145 318
98 299
313 458
133 403
212 300
285 295
54 188
93 487
154 221
6 345
173 379
376 377
20 259
133 354
226 286
252 480
324 486
37 82
296 314
198 214
14 109
130 339
421 466
196 319
128 202
242 346
132 307
285 309
336 359
309 440
77 261
301 436
105 472
244 375
77 116
309 447
318 493
61 446
159 471
45 154
137 482
101 322
66 148
8 495
126 141
43 103
54 99
301 475
259 267
75 125
185 499
233 271
21 312
158 262
113 404
71 498
174 204
104 314
393 470
50 482
155 423
86 101
225 452
86 381
49 79
37 392
291 363
198 394
364 385
243 429
193 339
37 232
180 291
194 395
298 331
168 468
385 460
178 230
8 194
231 476
62 330
67 443
110 255
73 406
323 400
328 454
364 470
426 446
189 205
183 426
231 335
442 477
90 130
215 331
312 344
162 309
18 350
83 395
243 385
196 343
161 492
230 473
8 445
43 138
150 325
95 209
159 469
435 476
72 262
116 441
63 124
206 448
312 346
34 404
279 294
365 489
7 456
338 346
301 354
51 243
255 407
57 375
15 89
64 449
4 381
51 498
356 454
78 244
351 449
206 240
77 481
144 307
47 411
247 270
292 473
158 336
110 398
297 450
208 253
208 312
130 296
229 245
419 458
240 388
418 460
262 433
57 163
101 279
140 400
296 490
284 465
185 229
18 262
78 241
341 411
304 340
270 291
153 408
48 469
146 341
294 316
116 297
373 468
98 383
392 463
315 329
261 381
98 112
229 252
52 434
189 496
269 429
116 124
412 470
33 284
8 212
248 485
47 49
71 190
42 385
91 310
230 474
145 356
236 431
384 422
235 313
172 204
11 456
335 347
131 439
140 155
157 397
66 212
119 298
176 289
109 280
86 335
194 228
10 100
67 136
150 214
97 248
26 465
313 332
39 145
182 457
112 470
148 277
219 452
195 205
187 337
289 472
168 188
218 485
213 386
241 280
236 239
196 419
167 342
244 346
63 324
182 373
8 488
20 287
351 474
214 281
287 478
116 251
48 208
333 367
211 474
21 431
221 379
327 366
131 484
12 82
73 278
457 462
387 431
9 278
293 445
213 476
55 285
35 314
55 322
63 346
270 332
207 281
180 392
96 121
175 247
163 492
189 289
269 428
55 430
192 484
361 366
102 338
76 192
21 230
169 291
142 394
172 208
36 50
145 422
129 450
369 409
295 450
65 261
265 407
274 310
181 255
75 202
408 483
372 418
75 421
48 379
251 337
284 441
106 226
133 406
266 349
284 346
185 242
112 288
184 433
398 411
108 316
5 363
283 457
105 330
99 419
27 256
109 134
312 469
178 372
266 365
216 327
125 442
128 444
220 356
39 374
367 421
363 461
293 310
43 330
346 421
53 241
80 416
274 282
344 373
104 383
261 272
332 402
86 419
226 388
134 376
415 446
159 443
317 491
194 304
102 394
166 410
39 407
38 472
186 390
265 340
88 115
340 419
99 202
218 473
13 176
337 494
179 266
54 461
119 284
356 390
139 413
187 301
45 499
132 377
412 453
133 435
75 280
122 471
175 469
170 408
77 422
416 479
63 493
102 477
155 395
51 497
34 214
56 67
318 462
117 336
211 276
176 255
194 345
42 427
192 226
127 134
89 228
181 339
109 462
96 458
122 422
196 409
211 489
9 235
46 465
35 37
285 426
380 401
106 355
241 378
165 262
222 433
221 488
188 295
210 294
370 414
135 274
97 417
68 201
21 129
47 88
39 136
119 179
373 400
345 425
22 476
455 478
274 320
56 435
39 227
320 345
298 342
230 304
117 165
143 335
43 408
249 319
129 186
151 221
114 241
187 406
35 479
282 497
113 238
229 283
23 241
1 418
69 496
10 338
62 202
11 147
124 461
241 249
160 415
78 288
61 135
187 190
212 258
35 287
2 116
142 185
199 202
177 483
264 306
270 459
192 376
165 279
294 445
202 269
46 278
253 276
210 366
32 342
30 76
35 421
352 410
274 376
75 85
170 460
27 471
389 462
325 406
456 466
136 422
343 429
380 472
212 305
224 484
72 305
166 218
184 380
27 490
109 436
326 452
363 438
258 457
317 428
140 500
8 163
252 435
131 461
144 338
393 497
233 408
335 487
303 387
67 103
246 304
39 191
83 122
63 447
157 274
165 394
97 261
68 397
64 124
304 456
262 321
29 126
13 341
113 464
136 169
382 493
279 423
113 225
95 226
176 354
188 344
112 369
50 250
151 233
219 488
266 440
148 305
112 149
71 232
243 275
150 310
181 293
4 485
98 335
196 366
436 478
355 454
50 454
120 468
123 154
211 326
330 341
226 276
64 138
10 94
198 255
141 220
344 378
278 319
367 413
167 492
122 412
129 167
6 25
325 451
337 418
322 452
41 286
36 165
58 260
56 162
330 448
128 147
265 323
32 171
237 389
192 461
239 426
349 487
233 410
427 500
336 485
377 487
1 453
89 124
350 408
362 487
69 273
130 463
41 351
168 354
76 394
47 179
257 420
187 416
306 493
335 395
210 391
280 281
422 492
217 484
73 160
95 170
137 328
167 200
252 311
36 264
19 271
176 483
144 452
43 229
6 305
205 430
30 367
14 260
271 394
432 466
49 436
267 445
36 311
52 331
463 495
22 64
130 370
246 289
296 433
331 398
214 336
438 479
246 454
267 496
206 420
3 232
7 87
442 463
163 383
344 385
4 351
14 211
88 477
189 269
205 220
356 468
51 66
208 383
226 459
195 464
351 446
320 479
325 370
327 500
82 379
80 152
373 466
210 220
82 115
136 476
163 316
197 262
136 491
146 281
217 429
207 470
26 376
198 434
259 353
14 428
406 410
111 424
207 292
364 496
22 293
76 406
3 368
212 216
277 292
118 205
275 278
139 248
146 276
95 211
227 482
156 427
219 365
189 348
54 93
210 439
182 483
327 388
370 437
158 450
103 484
24 261
208 246
183 407
306 411
12 168
394 492
232 271
269 277
217 473
35 90
156 304
67 334
124 214
253 405
101 397
372 428
45 319
87 166
99 204
208 466
46 170
71 329
325 423
11 371
105 216
196 241
188 433
42 404
56 439
78 322
160 201
304 313
15 94
49 103
271 288
105 416
131 361
288 385
412 472
79 160
272 392
378 451
217 418
255 256
375 437
188 339
141 382
58 177
105 150
204 242
239 401
183 253
189 457
176 411
191 306
206 262
118 445
25 474
90 104
216 217
23 59
20 190
45 72
254 443
117 178
382 394
307 451
145 237
161 480
116 446
300 375
263 386
148 177
354 400
171 274
143 228
271 463
106 391
60 301
65 482
221 247
396 487
167 486
293 396
49 127
161 218
310 403
24 384
12 49
3 311
213 392
264 451
276 281
142 256
318 377
123 215
261 380
234 364
125 439
55 209
90 350
70 226
282 369
264 440
233 346
331 380
21 27
73 217
424 487
188 219
55 297
213 348
13 245
192 495
176 272
314 317
80 121
3 201
188 212
53 302
75 107
217 487
11 44
316 476
78 237
278 282
214 404
366 370
111 403
306 333
96 177
326 440
247 324
320 400
18 188
31 348
376 453
219 226
322 358
274 346
23 242
92 283
231 319
19 138
36 208
152 159
26 118
77 82
167 243
188 205
281 318
99 182
255 496
216 261
220 411
418 486
325 480
204 332
170 487
51 339
2 415
213 313
86 183
269 454
13 60
44 288
256 351
11 403
287 359
33 231
96 493
155 277
251 377
244 500
4 305
83 483
206 254
43 56
161 217
143 308
122 302
170 199
154 371
153 280
313 437
120 230
135 369
129 409
100 467
178 212
73 334
190 414
301 427
290 438
446 466
17 242
133 390
197 385
42 320
349 351
101 203
249 368
22 99
304 405
132 246
467 493
104 365
352 366
95 114
111 485
434 497
4 204
240 322
259 464
190 368
112 290
378 497
289 486
174 457
228 318
430 496
52 182
278 304
130 233
154 308
135 293
121 181
171 348
330 473
365 491
234 348
101 107
115 394
169 469
7 210
69 379
309 334
164 348
222 388
417 470
441 477
67 203
281 454
7 29
83 234
383 433
23 126
204 441
224 457
208 279
62 365
157 180
21 49
224 242
19 455
1 494
252 383
13 292
169 391
215 351
242 482
162 283
17 140
392 479
267 374
258 450
178 217
47 390
183 451
261 341
168 450
63 337
241 328
116 339
348 393
46 105
121 167
253 308
77 296
441 450
114 248
63 286
131 175
48 158
143 294
288 325
238 396
97 290
311 490
2 291
345 486
45 226
108 267
180 490
110 412
271 315
324 326
45 414
61 395
26 43
246 466
103 352
30 246
193 356
331 396
215 366
143 333
39 59
8 345
16 153
86 169
383 411
44 161
86 445
119 129
114 458
92 108
102 207
448 494
242 474
121 266
31 430
373 451
256 303
88 218
142 448
39 240
301 370
249 391
260 419
370 486
76 374
62 325
102 269
11 276
191 453
102 215
361 387
184 330
149 300
220 376
63 295
65 105
143 464
193 459
444 486
363 389
107 233
118 380
125 141
201 373
267 285
205 376
19 420
68 125
158 342
295 440
82 438
264 340
109 332
126 255
174 274
53 238
331 444
308 499
176 418
118 314
187 205
388 491
146 154
20 121
387 472
20 500
120 210
213 445
73 242
92 461
284 351
89 449
184 431
78 404
104 131
200 427
12 121
152 372
47 367
427 478
134 266
298 324
28 304
53 206
66 455
312 444
58 339
373 489
206 379
99 384
216 220
61 296
80 468
44 78
107 145
372 450
310 312
89 334
22 60
235 374
5 476
34 114
170 273
311 422
34 125
72 407
384 459
194 341
104 188
158 189
300 497
83 131
339 391
324 434
322 437
178 207
64 463
229 463
92 499
179 344
5 211
255 304
170 256
116 429
143 290
13 271
424 440
20 276
155 264
122 208
109 132
122 348
71 304
56 420
211 284
70 134
63 130
155 256
137 208
160 300
37 427
194 267
317 495
109 310
326 335
7 437
324 446
64 183
80 81
169 266
188 310
318 459
27 477
101 472
158 227
211 322
141 441
2 167
133 289
103 322
101 119
216 465
163 346
15 40
30 210
220 403
202 382
44 423
365 481
284 396
174 215
112 361
93 170
392 405
69 487
445 466
149 228
125 388
192 301
265 285
351 406
4 144
231 455
206 264
150 201
411 445
128 419
274 302
31 255
171 388
320 387
370 380
143 350
167 495
296 349
129 479
167 401
436 440
450 476
348 371
99 334
107 272
70 187
149 334
121 403
273 440
58 369
98 329
218 481
6 420
108 228
101 145
311 352
214 387
380 495
74 137
250 309
223 250
349 385
7 473
278 441
409 428
194 411
177 188
64 156
45 157
173 499
271 321
128 431
94 378
181 253
258 403
241 351
248 363
293 333
422 430
147 399
103 248
204 310
88 438
85 193
88 98
51 151
20 181
34 441
364 380
464 479
95 273
16 115
118 161
38 284
471 495
54 499
129 448
166 479
100 277
287 481
257 301
467 481
94 373
94 295
162 403
28 196
91 235
127 236
234 365
293 499
249 456
102 500
336 372
171 487
267 336
278 313
168 220
318 321
269 398
48 459
38 294
105 446
432 477
395 397
30 106
25 272
189 300
88 153
79 383
177 476
451 460
259 260
52 449
20 169
63 394
347 407
106 257
417 490
62 236
64 452
30 251
403 405
77 397
27 376
53 472
226 486
160 360
231 238
190 219
385 451
360 420
14 399
84 447
187 343
142 255
155 158
122 454
43 443
151 457
199 432
107 247
16 457
42 141
243 425
421 468
7 363
4 178
213 282
81 104
126 258
274 456
224 261
229 337
229 315
133 139
17 241
248 295
299 435
253 401
2 25
328 417
5 324
278 310
114 486
117 287
251 449
304 442
255 316
156 431
245 262
144 372
128 400
374 496
52 329
165 413
101 189
137 469
25 481
88 277
16 280
380 382
137 460
335 374
37 407
263 286
41 271
304 356
96 436
327 387
487 494
402 421
177 274
37 379
48 156
133 499
263 314
203 258
40 119
197 307
29 305
210 276
189 197
358 362
34 333
30 409
279 452
56 203
116 215
261 499
21 221
34 344
103 237
47 497
53 119
250 265
166 219
111 170
13 78
71 219
366 453
32 362
18 132
95 353
183 219
118 360
61 274
24 30
358 373
137 480
354 467
8 189
194 299
446 490
94 121
37 98
71 339
19 368
87 366
100 300
111 308
102 166
171 314
15 245
161 335
92 218
70 298
259 413
14 101
50 309
380 419
62 164
16 34
47 470
222 365
284 323
32 421
58 265
362 384
