500 10000
151 281
333 29
156 396
159 142
500 206
21 437
439 196
169 335
174 450
315 160
488 317
451 435
231 166
363 322
41 271
294 222
335 223
201 31
495 212
206 338
338 494
412 443
200 35
255 496
236 217
227 397
359 324
59 32
157 338
446 212
19 404
275 330
63 447
300 94
238 448
164 233
272 32
2 171
370 338
260 466
222 174
337 161
254 392
221 215
245 343
152 115
224 220
83 281
157 230
251 94
418 271
8 107
407 341
462 48
407 112
489 151
384 394
406 116
356 295
304 105
139 297
199 348
235 5
460 389
422 97
413 48
96 341
261 408
388 220
448 5
305 222
425 287
411 352
175 112
54 51
78 179
331 359
386 295
110 360
143 308
344 298
490 352
261 300
401 280
38 228
217 459
258 231
120 297
390 121
312 467
193 250
353 239
64 136
55 316
237 64
438 54
176 54
322 108
341 121
43 427
337 416
464 457
299 124
323 252
161 190
343 167
202 191
106 254
78 421
339 196
182 478
297 465
108 300
75 123
327 78
79 13
258 244
115 424
385 19
423 311
188 414
155 8
251 470
350 183
126 438
341 134
220 73
239 86
106 496
412 14
68 204
329 245
133 370
320 196
447 237
383 481
314 381
451 127
313 422
98 497
15 499
51 156
68 96
274 430
477 35
45 378
81 35
301 75
89 384
223 384
61 322
479 81
451 19
368 479
107 209
487 430
327 212
275 22
79 376
368 250
436 384
315 323
296 81
218 390
410 331
451 369
248 40
266 323
426 312
238 261
486 97
255 430
122 49
31 456
56 220
285 457
301 438
263 146
411 44
254 326
144 454
345 215
498 457
211 400
304 39
309 154
160 290
13 277
30 180
351 272
208 452
103 170
263 159
356 350
87 162
106 175
413 103
143 242
420 227
310 355
423 3
328 409
276 219
309 167
166 347
9 400
353 173
66 116
140 65
71 460
379 347
103 412
423 353
230 224
304 173
87 175
381 127
114 12
284 460
193 76
344 474
418 460
402 186
118 427
300 175
57 417
286 11
203 242
120 473
142 232
207 361
367 350
45 299
279 237
353 186
306 74
108 355
3 73
77 22
121 294
341 297
322 55
468 109
368 171
79 68
10 197
271 238
255 1
31 256
177 310
311 310
347 4
204 184
295 302
176 122
162 187
368 63
183 246
109 68
255 122
353 428
347 125
218 203
416 484
383 307
154 484
492 479
450 482
271 251
422 420
296 15
375 79
213 17
149 490
345 136
204 197
264 211
181 442
470 316
63 423
478 436
486 260
343 477
216 436
378 434
350 372
42 256
102 41
74 208
104 87
491 496
202 393
444 155
208 144
461 324
400 85
245 211
9 200
336 329
303 152
196 26
41 152
32 332
495 93
351 85
359 205
229 324
382 337
247 378
252 227
439 319
164 114
35 229
310 168
222 55
153 221
231 289
96 101
294 345
261 168
32 345
118 119
30 235
30 6
57 109
76 122
62 224
411 341
428 281
180 216
474 397
469 53
367 42
270 109
108 47
321 340
90 407
420 53
328 464
161 58
276 45
133 225
331 469
3 115
182 117
99 348
407 464
112 287
222 418
15 125
474 410
4 461
86 5
289 364
13 466
374 408
186 357
186 128
492 400
263 348
483 351
183 59
381 74
119 303
408 177
380 344
143 431
3 128
292 2
94 246
457 69
281 72
360 365
387 10
1 432
106 485
152 372
427 311
64 259
301 172
380 236
287 8
366 72
149 303
438 177
424 13
369 77
52 141
57 485
277 488
170 362
469 429
45 367
293 203
320 306
380 357
320 77
447 118
452 196
493 234
42 69
167 478
253 252
19 85
184 418
299 368
280 126
235 383
482 489
205 477
380 478
397 418
42 190
331 27
231 89
396 422
267 308
98 499
459 478
211 376
271 427
393 124
104 21
417 481
100 316
227 91
447 131
479 312
165 381
146 139
299 381
266 204
40 386
100 437
375 376
394 389
194 35
139 99
438 432
121 496
446 27
336 155
33 383
456 449
14 104
179 437
44 212
491 443
169 392
164 48
444 102
180 258
125 322
359 260
218 284
9 147
418 315
377 48
220 330
160 50
252 282
145 156
403 451
477 400
296 325
411 46
134 34
488 266
218 405
212 331
498 459
231 344
322 499
270 43
316 159
206 287
27 56
145 48
492 92
392 154
442 500
268 347
56 464
474 223
422 33
367 97
465 403
231 236
224 48
289 177
242 331
163 38
151 472
305 387
384 451
392 275
342 454
185 470
133 51
279 105
358 169
96 169
52 62
76 419
404 221
134 397
323 296
381 237
293 124
399 291
3 62
471 167
416 231
490 180
355 221
319 298
478 291
423 126
290 240
142 113
496 345
432 360
443 455
429 291
429 62
43 255
332 129
497 462
49 6
147 83
353 188
394 189
124 365
22 317
278 14
135 194
295 183
107 132
52 196
341 70
468 111
456 20
253 186
43 376
115 481
244 366
464 406
244 137
68 140
241 68
141 130
232 248
485 465
438 124
383 188
88 240
396 127
181 202
468 232
115 373
109 299
450 363
95 135
7 22
480 471
67 73
447 65
311 433
259 14
424 310
190 143
391 133
465 82
448 438
49 140
288 422
197 38
100 371
494 490
191 489
213 248
53 30
292 312
149 492
283 492
231 36
415 382
456 383
360 446
215 28
368 307
51 105
453 85
35 97
153 89
53 151
428 28
292 433
144 269
89 333
326 17
345 30
336 439
284 20
468 366
253 441
449 87
327 390
354 493
159 25
278 390
74 331
308 269
5 460
305 200
136 162
34 151
171 385
367 31
212 157
372 146
129 388
432 160
270 98
146 328
490 101
233 216
11 103
352 167
35 460
7 398
497 262
263 95
442 326
342 388
83 393
243 345
229 447
143 178
196 41
449 221
8 219
349 283
113 272
2 404
217 100
356 407
134 331
323 1
290 53
326 272
111 347
106 3
147 4
275 455
310 412
29 399
411 235
194 237
92 455
288 101
279 281
64 127
485 386
344 181
330 283
438 45
99 350
236 355
103 469
332 63
423 410
282 471
189 14
271 53
395 348
400 463
128 4
4 234
482 7
22 251
108 291
3 9
98 246
351 463
332 184
184 286
299 7
423 302
323 364
6 428
152 482
436 12
174 241
18 253
210 423
306 131
163 348
36 307
25 414
140 364
281 74
401 176
368 228
43 431
459 346
63 117
304 243
395 361
274 300
477 134
86 20
91 364
378 128
245 13
295 130
107 308
322 233
327 82
63 238
486 75
257 252
436 483
269 77
86 370
77 321
22 385
144 82
108 425
209 477
443 415
248 139
396 74
239 90
478 372
500 131
445 195
357 311
123 144
155 362
329 249
477 147
301 416
499 431
158 138
488 13
116 370
176 421
405 15
451 360
275 134
132 85
82 493
376 482
467 75
54 431
431 152
488 134
405 365
185 96
364 327
369 442
317 252
484 429
190 440
253 496
19 329
437 88
316 27
421 80
287 265
20 150
111 268
56 103
162 270
280 491
95 445
35 165
384 319
81 281
208 322
122 53
282 42
461 273
268 107
309 145
400 263
350 442
372 201
243 50
234 496
74 278
60 343
435 220
30 171
57 45
103 161
442 381
464 140
359 383
18 53
9 270
317 386
312 42
27 287
335 403
393 381
233 163
310 346
332 105
356 233
213 450
106 287
111 402
6 120
4 276
92 160
23 289
482 49
416 220
145 400
272 212
269 466
406 175
7 466
249 228
37 345
18 66
372 335
256 123
228 290
462 228
85 241
286 2
236 410
310 359
291 346
328 413
143 367
251 166
283 118
462 349
401 339
43 365
409 459
450 231
469 244
207 473
54 2
163 403
177 72
77 134
278 124
369 242
135 75
107 242
52 306
401 231
258 411
225 234
464 287
101 198
367 354
408 355
119 481
466 296
237 473
237 244
452 132
228 424
28 70
489 465
262 8
167 414
281 21
126 147
487 126
79 72
184 354
323 432
49 129
417 296
417 67
279 362
301 121
457 368
479 127
135 88
429 306
396 358
281 142
148 27
51 94
216 427
73 378
202 263
255 355
353 432
315 140
447 296
58 255
130 360
264 323
209 424
42 247
317 186
264 94
88 134
74 199
198 494
19 263
234 188
486 143
68 155
174 322
497 9
433 253
9 191
391 256
80 394
322 422
418 130
19 384
215 30
294 323
198 386
421 135
183 492
114 392
403 266
134 78
306 333
199 207
259 258
479 261
391 377
157 210
465 326
124 33
377 213
468 368
127 38
27 100
421 27
385 333
486 156
329 438
318 20
136 43
213 492
444 159
315 274
268 162
172 225
483 87
139 48
204 443
326 140
36 41
456 398
55 54
435 46
421 148
385 454
426 492
178 390
16 328
439 431
474 388
455 146
92 94
386 275
427 47
377 226
110 111
247 382
99 218
305 323
254 277
340 280
428 164
221 100
207 165
363 449
437 398
36 54
62 457
217 102
464 208
273 411
73 57
119 173
243 239
91 111
416 396
32 470
374 170
420 286
186 119
351 452
236 465
112 170
217 223
29 172
15 237
323 353
376 216
422 103
91 232
344 412
485 159
177 6
397 46
209 224
484 163
85 188
360 127
332 294
373 66
304 232
221 463
106 247
128 6
312 352
348 9
86 9
91 124
94 129
126 310
52 132
291 414
387 122
103 363
404 291
225 60
244 73
276 291
155 1
224 360
12 181
499 299
17 296
311 477
58 68
438 289
11 481
401 407
74 12
473 246
404 412
35 20
18 376
174 135
399 482
144 192
218 141
445 76
250 66
255 181
155 243
329 130
45 371
427 436
475 184
494 426
442 7
403 79
306 146
130 415
259 71
75 250
457 315
262 305
396 305
248 141
382 141
68 210
453 21
100 428
315 316
95 84
236 23
12 315
39 152
383 487
457 436
9 17
341 490
179 428
495 139
266 316
82 495
187 23
426 305
49 318
104 25
197 216
305 15
477 499
494 439
86 385
139 211
89 390
419 265
190 213
74 267
96 26
476 18
170 500
132 208
467 198
379 85
301 431
180 141
254 90
419 386
111 41
157 386
179 441
349 327
46 326
173 101
104 267
11 39
90 103
310 106
208 324
326 87
245 391
441 37
391 445
185 111
157 278
229 383
446 152
146 385
182 42
297 29
335 284
302 107
407 160
85 109
197 350
145 160
434 34
76 289
392 37
226 499
496 94
226 270
317 388
432 338
377 402
251 34
36 109
270 47
41 224
94 50
300 155
112 104
236 399
310 348
497 211
464 34
414 442
422 37
224 281
224 52
432 230
251 155
316 284
402 58
71 224
200 109
291 456
76 302
103 405
1 128
485 443
91 58
292 48
154 343
489 104
131 359
483 289
395 176
92 404
152 418
59 227
312 407
298 472
353 179
124 356
402 300
319 302
184 343
239 13
1 370
106 423
450 233
274 236
339 365
355 346
200 472
98 424
10 311
392 413
216 187
109 61
307 305
408 357
31 370
347 118
493 172
278 18
443 351
121 300
465 73
184 356
43 380
183 131
343 120
169 196
496 362
155 298
40 82
260 85
342 124
254 11
237 367
259 126
345 129
364 142
176 357
121 421
61 141
372 3
396 360
294 83
10 324
426 239
101 442
114 381
348 319
81 204
7 26
260 206
339 499
158 424
91 434
306 322
166 19
185 32
331 86
190 147
465 86
52 442
170 434
247 129
156 499
82 321
128 437
398 32
255 249
117 19
81 325
433 255
149 496
405 422
479 371
400 78
56 39
382 438
382 209
65 273
21 432
458 433
403 268
12 383
356 156
446 315
372 137
377 215
148 392
280 319
388 81
481 43
453 210
150 209
370 441
351 199
153 443
442 317
268 164
273 279
474 269
78 40
229 438
124 156
243 107
485 135
41 387
468 491
215 45
165 453
159 379
63 442
407 215
145 215
486 279
95 394
208 271
442 209
400 441
433 389
6 56
133 97
207 46
325 38
127 282
476 207
113 155
388 94
333 158
136 287
444 403
268 177
39 354
395 218
226 446
133 218
45 105
485 148
215 287
407 457
462 164
319 344
71 279
145 228
117 395
277 347
103 231
404 159
15 118
483 223
400 454
4 454
166 287
18 123
496 162
174 111
133 110
210 293
413 164
499 167
22 13
495 462
11 349
319 465
319 236
272 390
404 280
87 344
87 115
128 116
6 419
441 347
45 118
292 224
374 293
38 344
52 13
258 347
117 408
161 185
422 455
73 301
59 403
55 432
366 65
182 244
402 476
492 406
387 124
101 255
235 484
147 371
12 183
394 248
375 6
11 483
262 65
341 358
181 140
280 119
478 363
156 312
293 317
199 130
130 296
223 258
405 6
350 70
360 492
382 251
290 433
486 79
362 309
282 20
461 251
91 489
394 261
433 189
144 86
47 382
410 205
88 191
341 371
5 156
10 500
335 31
417 366
40 379
458 138
155 366
260 382
72 331
232 320
163 486
77 446
493 361
226 17
391 313
248 35
239 444
165 266
113 76
65 328
500 485
51 393
49 320
54 435
150 372
241 261
315 210
292 492
125 86
460 76
47 395
162 382
500 377
285 452
481 98
393 251
57 36
463 495
236 38
318 77
488 259
455 82
400 146
278 449
23 159
391 326
243 162
363 493
294 393
412 385
319 157
398 450
34 439
122 57
72 465
70 392
465 396
157 280
14 231
344 106
289 170
416 211
46 449
206 401
393 493
44 339
219 340
411 281
194 283
326 439
395 44
37 336
60 468
476 383
416 103
302 230
448 284
43 6
478 163
282 288
230 98
290 112
328 404
106 291
469 343
73 114
367 103
298 232
349 463
283 109
66 111
145 404
43 356
263 396
115 232
340 350
59 337
207 235
427 238
358 404
320 112
158 50
55 366
41 468
182 407
149 230
168 243
402 181
481 474
374 348
448 297
429 55
84 286
455 458
293 130
480 222
91 181
311 413
452 123
498 10
107 125
184 345
473 182
373 244
170 181
161 361
147 197
241 61
174 71
480 343
427 251
26 136
77 138
438 117
314 310
415 362
107 246
156 138
362 472
343 230
18 433
188 356
389 346
334 410
119 485
494 133
168 377
364 23
262 12
162 74
308 128
65 370
271 475
385 82
159 5
101 323
472 236
123 82
188 477
362 364
40 313
461 77
438 359
245 193
457 372
479 131
336 82
79 426
473 316
299 429
156 380
417 421
257 203
128 318
403 257
174 434
81 206
389 359
394 437
158 426
177 439
39 209
42 251
47 329
415 496
363 306
239 270
495 196
338 249
472 249
12 493
260 329
72 278
89 447
350 488
331 209
162 437
69 209
284 134
308 491
32 327
118 101
379 142
134 311
282 209
172 337
199 440
455 137
37 149
331 330
157 214
303 268
418 255
5 345
32 448
393 427
11 96
30 109
71 147
365 99
117 34
263 88
53 278
139 281
221 91
212 271
28 450
413 32
17 32
197 407
164 230
112 40
425 271
134 324
392 94
428 276
83 278
191 40
129 394
36 166
110 115
201 499
397 145
471 94
476 209
333 389
62 340
444 405
115 166
244 51
175 217
268 179
221 333
276 40
4 106
465 464
480 35
27 467
214 64
415 54
38 104
20 464
362 164
23 469
45 228
293 64
279 166
237 169
242 284
286 290
332 177
459 218
277 241
24 61
230 166
1 77
166 410
312 464
86 121
339 72
22 365
256 303
214 306
374 295
57 359
84 233
106 480
235 365
73 303
207 303
119 419
45 241
389 51
334 115
383 465
22 257
8 359
75 120
176 172
489 403
401 290
198 419
98 252
249 421
376 462
216 244
49 67
422 349
408 414
339 314
177 252
204 355
438 293
336 16
451 3
360 373
93 258
19 80
60 81
84 475
160 19
225 185
307 483
255 293
296 65
375 129
223 489
111 19
278 196
295 365
372 60
74 137
371 360
274 427
269 83
439 6
444 84
347 417
3 378
259 304
295 486
23 27
231 205
449 135
294 32
285 441
63 365
99 22
434 12
238 137
362 432
398 89
324 140
128 494
12 319
213 309
72 333
204 489
278 438
460 186
405 250
157 148
391 86
303 202
449 256
266 320
132 91
417 489
109 373
305 19
114 451
86 389
208 86
309 138
400 256
56 217
485 71
297 20
385 392
247 199
178 328
238 379
150 495
200 87
444 218
356 334
227 220
359 376
185 452
37 325
259 438
133 33
363 495
248 279
41 215
490 41
335 167
25 207
16 387
346 33
117 210
29 97
48 110
189 49
120 215
194 164
442 266
490 162
421 328
316 46
104 392
392 270
134 271
194 285
4 390
441 162
251 267
173 347
489 324
85 234
2 465
263 277
423 229
395 167
45 283
334 157
293 119
353 170
339 235
143 360
14 475
110 412
196 223
380 273
430 390
27 414
168 124
295 165
401 332
38 280
52 178
362 111
265 178
196 344
58 114
471 283
481 476
369 6
448 299
492 342
84 288
98 186
478 407
225 227
290 356
431 66
210 363
311 186
149 353
154 468
149 124
484 343
66 355
489 458
234 168
487 119
179 3
10 194
271 235
202 364
417 289
255 227
114 251
141 125
347 230
283 474
262 122
85 489
214 374
470 71
126 261
244 482
459 178
271 356
285 25
235 433
147 320
18 435
394 197
259 9
190 138
303 15
487 361
437 15
373 488
225 361
10 436
290 490
491 480
153 192
213 243
232 256
130 474
204 423
176 361
135 323
372 7
19 377
225 482
165 202
385 434
404 484
445 485
247 12
285 267
486 28
7 259
497 123
350 369
262 485
372 128
97 152
28 89
308 372
113 133
192 197
109 428
219 34
26 393
222 39
337 26
263 77
447 423
488 195
460 362
226 195
317 313
322 428
432 34
456 391
421 370
454 318
335 101
32 329
233 319
486 499
99 90
219 155
453 93
439 195
40 449
291 31
351 82
122 222
488 316
125 264
259 493
111 329
378 444
37 151
110 104
160 221
261 273
16 442
71 149
324 329
29 152
103 101
304 91
39 345
254 270
331 453
358 98
163 88
182 101
490 217
127 165
476 319
360 107
112 42
351 324
117 157
199 455
326 496
455 381
381 166
312 332
367 39
205 206
243 461
17 155
91 104
36 168
160 463
55 181
402 225
314 112
217 445
131 176
478 220
120 283
6 410
455 273
106 119
362 45
224 340
210 176
344 176
435 294
154 281
484 156
314 4
305 450
401 158
365 464
392 338
332 58
323 238
235 354
106 240
367 281
408 282
251 335
256 413
311 120
149 58
135 123
264 8
38 456
24 292
327 64
258 230
318 281
323 359
128 120
367 402
100 287
427 187
77 303
22 367
366 177
218 13
457 295
295 233
462 410
80 79
181 131
464 456
417 115
188 292
403 180
110 372
359 110
424 239
355 405
112 418
401 292
286 305
382 13
308 64
65 77
101 488
216 246
49 69
109 120
463 352
86 365
246 354
427 429
91 480
287 126
22 380
245 129
368 465
473 252
280 123
266 188
426 177
109 241
453 14
95 306
329 244
334 359
320 424
92 8
259 185
460 175
498 201
336 139
308 306
220 193
146 15
13 129
478 488
385 260
233 132
174 491
81 34
405 131
446 132
262 311
281 324
473 494
385 381
151 214
472 306
95 319
255 308
169 268
351 16
356 94
175 19
125 427
70 491
264 276
102 214
146 257
316 143
417 491
425 86
199 497
273 446
433 435
345 322
116 499
231 449
83 322
446 145
485 73
421 317
113 201
319 40
2 333
478 33
120 325
361 451
185 454
4 150
331 279
64 164
344 218
289 282
430 258
476 374
471 30
476 145
233 387
352 338
398 454
90 338
272 86
409 320
227 343
249 102
18 169
367 323
207 105
129 451
124 107
127 341
132 456
209 151
242 99
127 112
44 343
352 459
30 179
337 336
411 285
15 285
459 33
268 465
106 403
152 290
18 61
353 280
157 405
251 40
215 346
121 159
295 46
355 97
230 331
409 333
166 346
367 336
119 234
494 111
45 56
344 352
256 468
22 301
457 229
121 280
195 229
186 180
406 183
63 46
82 59
18 303
496 342
100 113
325 231
493 44
19 124
10 304
381 476
255 108
463 57
191 352
31 134
433 114
278 11
126 371
327 132
104 60
472 227
343 113
427 484
279 357
246 409
301 116
466 412
419 71
56 19
195 363
244 484
65 253
155 412
475 353
293 376
370 71
34 122
493 407
245 76
195 484
135 204
83 14
322 296
308 361
437 246
327 374
234 183
170 427
44 22
467 125
305 63
288 419
463 420
461 310
461 81
111 197
345 135
212 20
465 200
14 264
113 14
137 371
352 30
403 490
458 197
309 74
347 366
364 498
465 321
124 28
415 500
46 374
473 441
127 33
13 197
137 492
421 22
159 251
233 200
412 202
453 203
95 495
213 487
282 92
180 81
446 200
146 433
215 38
294 331
426 487
49 500
467 259
62 439
477 452
236 97
492 23
442 431
199 444
166 267
460 256
157 447
83 498
465 334
160 452
349 388
60 285
421 493
407 100
90 393
169 457
425 383
365 103
7 395
420 39
356 283
362 34
133 211
422 85
460 377
83 390
124 391
284 380
480 26
248 457
380 88
471 206
22 114
277 340
296 390
404 152
210 57
443 265
168 60
489 381
145 342
90 406
2 293
392 448
425 396
406 117
15 232
92 452
340 288
399 343
344 407
196 280
270 229
457 284
383 106
457 55
25 398
176 42
214 297
489 273
184 162
459 101
395 345
54 52
436 117
4 460
274 55
45 232
380 222
311 351
278 174
135 125
429 343
314 127
107 63
267 52
423 299
376 453
87 350
128 122
133 466
367 404
191 178
493 220
256 307
364 69
190 182
314 248
437 59
420 415
473 241
280 112
338 53
109 230
412 2
221 471
109 1
463 233
311 364
479 177
167 356
220 182
115 425
137 184
269 74
334 469
482 367
494 421
320 305
480 294
451 236
341 364
418 59
336 20
220 74
238 357
398 80
351 5
380 477
139 85
259 416
70 251
56 316
190 316
97 88
171 74
135 380
446 13
396 421
391 77
377 142
14 90
198 436
294 144
280 246
225 310
354 195
211 375
500 249
459 477
426 300
338 187
357 200
141 316
442 244
180 15
89 385
350 426
212 196
28 375
148 440
160 265
275 252
456 327
333 193
178 90
222 96
180 136
433 316
446 255
303 206
377 155
456 448
430 18
294 386
60 219
500 491
486 327
305 252
35 391
145 263
117 201
351 139
249 91
166 322
185 335
243 276
124 96
363 378
349 443
416 204
5 404
481 104
85 104
200 91
30 168
310 451
76 55
26 463
277 45
37 329
229 499
270 42
182 158
471 32
261 451
13 386
407 276
300 150
11 47
236 394
332 102
309 384
59 209
212 451
205 263
152 171
78 222
284 327
215 456
397 204
173 230
106 176
276 99
152 292
110 295
311 285
61 110
429 277
2 469
365 292
230 333
82 169
268 359
106 297
147 298
463 46
8 405
135 180
209 166
374 462
140 295
484 105
489 449
98 298
170 174
285 124
1 136
417 51
329 167
59 343
399 411
380 169
77 360
311 298
25 466
382 178
57 418
420 470
239 129
473 67
21 172
147 311
394 188
447 51
359 167
58 239
416 472
378 180
70 64
415 476
126 373
431 191
191 475
466 185
465 189
74 75
368 293
275 65
220 129
165 193
225 473
51 320
385 196
32 78
192 67
486 248
310 22
81 199
58 252
493 409
125 13
176 473
264 320
157 194
410 374
83 16
372 119
190 142
74 196
368 414
146 301
113 124
280 301
46 134
354 250
285 379
178 253
481 25
352 140
351 181
328 197
56 263
226 186
102 379
248 204
148 266
354 371
500 425
440 145
319 84
219 146
398 148
217 73
310 35
301 481
26 276
361 495
218 446
493 422
476 189
440 266
173 151
357 497
310 156
425 143
122 105
447 427
111 441
226 199
312 202
391 495
212 264
243 102
146 435
349 269
247 487
421 374
402 95
30 223
164 223
62 441
332 36
342 495
356 164
309 318
395 92
111 333
4 207
418 261
233 215
30 344
24 41
203 43
356 285
276 262
235 224
166 390
161 46
92 212
367 151
380 90
110 229
325 154
96 331
297 321
121 95
80 57
71 274
38 97
392 100
304 216
1 178
290 52
491 42
362 157
23 462
339 173
168 291
85 293
406 348
65 55
277 234
48 411
404 46
235 237
128 111
288 100
331 470
119 291
86 114
210 409
380 103
366 168
3 116
237 54
369 173
176 44
415 289
219 414
24 175
142 396
469 296
152 360
110 363
237 175
490 355
89 11
190 63
484 281
369 65
11 357
319 473
33 116
148 66
258 234
65 68
249 414
156 186
390 353
390 124
73 417
491 176
278 297
149 183
341 353
65 189
440 66
426 168
500 117
51 25
82 129
109 232
183 181
307 476
155 348
114 81
141 184
339 428
191 301
31 312
278 418
336 130
14 79
167 358
294 133
82 479
321 7
82 250
40 253
155 240
26 318
12 420
72 205
493 235
240 18
111 133
162 364
465 136
129 187
454 243
335 26
385 372
463 477
370 249
86 490
260 377
53 313
264 496
181 498
377 144
415 436
93 385
156 441
321 20
104 251
164 265
16 138
305 12
213 423
409 69
488 362
199 259
144 323
138 249
391 429
451 480
465 149
182 26
233 257
352 208
300 18
407 144
57 31
351 20
125 431
221 139
259 431
185 216
133 26
465 499
124 206
36 93
495 378
209 21
197 455
346 26
134 143
428 324
20 270
273 450
410 455
358 265
50 149
105 85
344 101
275 267
352 450
25 92
286 96
16 272
186 158
208 442
122 402
226 496
221 152
152 281
441 155
334 29
193 53
124 219
71 329
420 217
2 229
425 332
258 155
134 385
208 334
48 345
147 58
50 391
64 60
214 233
374 222
420 338
217 275
184 327
161 114
133 281
367 219
174 53
182 402
278 110
311 58
402 176
140 176
126 12
156 120
142 222
1 246
163 281
471 397
108 345
70 53
223 66
135 182
470 172
322 45
272 453
487 341
253 174
98 300
103 415
478 292
156 241
290 241
128 179
158 287
237 351
297 402
168 480
405 164
140 418
484 228
47 190
487 233
98 421
266 5
82 184
376 402
394 419
301 228
414 105
273 129
218 193
256 485
397 461
350 349
171 118
322 287
47 82
327 365
10 429
238 64
21 295
169 193
293 488
403 131
342 121
210 490
466 416
347 465
3 426
452 252
195 367
303 129
148 255
435 19
280 182
113 5
500 185
68 491
142 477
71 8
439 175
356 140
34 126
461 193
58 483
77 496
116 424
419 196
350 362
42 246
308 365
156 496
357 486
252 204
329 424
389 475
62 80
208 134
53 260
414 239
116 316
190 265
23 88
372 13
248 206
160 322
234 308
93 332
407 199
486 492
104 198
398 379
403 494
260 445
53 381
166 258
199 206
391 376
102 273
451 427
129 376
220 265
421 255
440 268
448 92
310 158
153 440
175 199
328 441
199 327
273 276
400 317
88 496
215 271
108 145
462 148
374 35
453 328
365 215
217 88
425 266
131 48
411 102
376 81
92 322
73 43
325 264
485 253
17 148
449 330
471 89
113 381
209 89
247 381
388 91
219 282
250 386
277 223
288 89
18 228
202 49
205 320
138 330
320 41
251 207
58 41
423 398
142 156
290 54
362 159
59 158
482 224
3 226
168 293
267 43
450 393
106 354
288 102
279 282
325 398
251 220
289 475
297 336
204 108
350 162
424 111
479 47
415 62
258 344
156 296
390 234
197 68
427 301
265 468
320 175
424 232
369 296
121 460
66 295
489 398
47 16
470 119
74 119
198 414
341 234
79 234
360 476
181 245
445 291
101 481
334 460
7 65
172 132
58 296
177 247
405 111
121 352
424 124
415 304
360 368
421 55
445 412
426 170
431 248
40 134
480 406
213 291
158 355
287 240
433 294
22 494
75 357
479 181
372 55
28 245
336 132
220 186
454 124
426 291
500 240
178 189
357 420
52 494
167 481
148 202
234 242
387 484
151 207
440 81
467 184
90 197
343 414
288 478
35 32
155 363
122 149
497 63
20 138
328 25
474 79
135 384
28 258
446 17
421 189
388 12
467 305
145 25
425 308
365 28
236 143
53 436
461 261
194 146
361 323
152 149
479 315
446 138
14 444
129 431
127 92
113 194
443 69
25 81
500 374
200 82
291 200
488 485
359 371
460 423
138 143
262 438
215 97
297 136
500 495
21 497
323 273
376 136
455 200
288 23
138 493
97 226
205 25
413 203
289 167
159 323
300 33
203 329
62 390
84 149
392 265
101 52
268 229
23 398
152 283
353 273
205 146
108 213
383 152
209 265
228 278
173 342
374 332
346 270
198 106
24 219
318 208
483 275
331 406
413 216
110 178
402 286
300 275
57 288
203 342
436 284
441 399
207 232
205 388
375 45
394 58
182 404
154 342
11 293
420 461
290 351
357 112
472 99
288 278
87 288
108 347
443 337
176 222
28 58
410 123
341 289
346 404
179 227
146 50
406 418
459 281
95 4
174 297
325 466
91 299
77 364
466 176
182 417
493 279
176 114
85 484
181 192
294 69
454 58
46 4
238 174
384 228
40 189
293 369
347 346
185 18
264 82
322 289
47 84
93 429
247 115
156 485
244 369
159 2
238 295
384 120
114 259
301 351
191 479
287 187
177 315
259 354
359 292
42 356
498 370
176 356
14 257
468 464
19 372
418 118
308 246
46 246
113 7
178 136
403 483
250 12
356 142
58 485
177 436
111 82
195 490
9 71
160 203
449 77
280 305
118 206
472 475
104 79
282 314
342 365
364 383
382 437
165 439
239 388
393 303
197 391
104 200
319 88
425 255
62 203
141 496
103 204
483 196
139 157
254 144
273 386
116 439
124 263
124 34
201 483
416 142
440 499
27 101
351 198
103 96
254 494
279 29
5 463
416 34
407 443
178 391
71 265
90 278
401 140
395 325
312 327
69 340
105 34
127 281
443 258
35 463
203 276
184 34
249 392
445 38
20 340
31 169
229 450
429 215
140 112
346 446
415 51
179 40
84 446
318 384
106 464
1 182
207 287
334 328
334 99
475 38
339 177
325 279
344 292
108 281
130 40
300 451
429 107
38 222
376 446
49 51
496 282
158 223
77 298
75 225
135 239
355 279
322 102
253 2
294 3
426 159
82 120
221 464
436 352
128 236
21 110
482 468
114 72
22 483
359 105
493 105
264 245
350 285
190 67
209 346
317 108
479 170
132 62
324 3
274 411
403 296
193 486
12 182
342 57
287 121
447 110
488 111
433 175
223 365
350 406
295 470
437 65
74 13
247 170
371 465
21 123
463 468
45 480
447 231
306 255
419 132
336 134
410 83
229 8
93 376
321 240
192 126
407 14
333 65
141 309
86 373
475 185
199 250
295 483
138 11
322 357
248 142
160 258
247 183
486 428
202 440
241 368
277 25
287 484
134 13
34 75
153 255
144 435
395 17
37 309
56 322
138 132
212 81
363 479
275 137
263 248
442 250
221 22
451 484
384 430
81 392
370 266
342 433
20 153
240 385
479 438
193 44
353 33
499 87
91 33
435 331
233 382
374 92
164 282
420 208
277 159
108 323
30 403
71 212
217 266
203 331
459 28
161 105
436 44
78 336
432 339
344 226
421 446
214 116
415 106
272 323
84 272
128 49
307 280
188 100
413 447
485 323
242 336
209 388
283 337
424 47
468 90
98 291
271 219
82 54
109 157
207 463
477 58
100 108
375 47
158 49
163 164
25 459
24 234
1 479
450 342
276 455
431 63
188 342
78 470
444 2
86 294
389 103
12 116
237 463
3 296
256 476
327 127
51 192
109 170
293 479
45 414
193 312
315 9
31 479
347 227
433 1
378 65
75 293
66 473
107 474
88 232
231 15
129 4
19 132
404 468
192 60
137 124
161 481
439 166
255 345
475 348
296 117
134 55
447 286
70 299
452 364
378 415
237 476
144 248
102 22
327 369
354 472
354 243
137 474
321 66
25 4
472 235
398 20
40 312
263 61
58 366
405 410
171 243
37 14
49 253
291 15
26 498
301 474
70 312
493 415
245 313
479 251
231 149
162 315
377 203
143 36
349 370
490 80
476 182
335 206
412 426
104 310
200 18
150 426
68 387
442 305
208 138
120 254
106 90
340 28
226 192
317 310
206 442
13 313
173 36
252 329
324 434
38 77
291 257
425 257
249 31
414 364
488 313
4 200
386 265
331 329
124 265
358 203
270 90
209 80
151 398
300 198
233 208
453 211
425 378
62 326
277 214
134 431
117 262
106 332
212 270
50 208
270 211
449 442
16 331
112 39
272 28
198 42
404 147
268 286
376 85
18 340
251 319
251 90
228 335
131 402
277 456
225 37
423 281
409 383
18 232
45 106
413 273
316 340
107 166
186 230
93 2
313 42
63 96
445 161
59 391
205 445
100 163
31 292
443 273
190 56
214 184
396 161
107 58
327 61
354 164
230 394
68 66
193 475
31 413
301 45
31 184
158 225
287 110
278 290
94 469
223 125
295 230
437 54
346 461
426 161
385 123
161 415
384 164
35 10
59 404
458 113
188 289
475 53
86 241
328 3
273 67
111 5
331 8
281 187
112 415
165 241
473 128
266 64
156 192
235 485
412 118
128 359
155 462
394 478
111 126
185 75
345 64
295 472
336 244
211 478
206 134
211 249
412 239
324 126
439 113
329 241
403 190
370 242
380 472
326 172
383 477
264 260
229 239
363 239
308 303
275 126
280 241
132 77
338 411
238 473
407 16
178 193
398 196
310 83
103 19
292 480
254 188
125 303
419 255
326 64
124 78
41 80
127 83
239 324
27 145
333 188
51 273
159 72
300 11
434 11
26 445
260 383
287 486
356 91
361 435
175 16
199 373
70 488
18 32
116 375
102 440
465 263
349 317
113 77
495 142
228 27
104 486
462 194
412 373
305 247
351 363
365 32
370 376
208 314
411 148
53 440
230 73
120 201
326 306
45 27
74 499
467 430
11 150
434 253
219 328
434 24
222 333
496 84
446 492
298 328
41 443
146 496
421 435
44 448
209 27
305 260
117 209
332 97
120 443
413 436
325 323
344 336
36 220
8 387
256 223
121 35
131 228
217 268
337 333
478 43
408 213
174 46
237 331
471 269
108 217
302 231
355 323
448 285
355 94
272 325
217 389
186 285
346 274
492 328
423 457
235 177
6 354
450 102
274 105
389 92
441 282
26 3
279 220
380 272
325 336
209 390
204 46
448 406
346 395
79 51
473 170
249 462
156 234
1 360
403 111
348 175
408 226
399 406
163 395
127 472
278 116
364 119
116 54
179 339
415 121
198 352
244 468
473 62
1 481
150 52
279 462
482 296
191 349
80 481
410 127
107 126
19 242
148 127
10 422
137 234
271 234
357 237
288 403
40 301
7 124
320 355
58 355
254 1
218 78
438 347
364 132
80 373
437 122
368 288
294 73
202 484
269 245
35 78
315 361
475 350
301 463
342 235
292 414
204 301
111 73
369 368
148 369
74 191
330 117
238 299
458 302
155 301
356 25
366 484
240 79
278 371
51 328
118 89
233 76
398 372
324 194
53 374
172 325
414 353
309 71
359 417
6 33
152 87
449 310
242 17
252 439
66 20
16 199
164 97
351 189
263 76
172 446
461 320
433 487
254 256
37 487
317 312
330 251
99 318
434 308
258 82
20 439
309 313
290 34
340 380
259 492
240 213
59 138
110 103
11 326
484 21
219 275
379 264
277 216
244 39
106 334
45 95
320 34
399 327
418 377
358 326
325 149
397 254
471 203
187 444
476 318
383 90
154 267
173 280
337 388
373 45
156 47
188 265
422 203
339 168
333 390
473 104
244 281
491 158
348 109
17 275
347 150
140 345
195 52
360 348
112 283
115 288
395 342
174 114
22 474
397 388
295 340
368 101
271 397
266 53
255 160
100 286
210 417
490 471
295 461
190 179
46 171
170 466
285 187
338 50
422 458
255 52
174 356
466 464
451 341
354 179
134 112
306 367
20 10
488 115
259 292
452 421
317 4
181 372
96 5
79 361
165 364
160 20
385 138
238 354
109 469
379 64
324 128
444 193
301 410
86 485
320 423
213 297
153 17
58 423
89 490
226 236
479 187
432 75
32 370
65 318
500 475
44 195
500 246
20 252
254 190
130 420
474 193
460 295
391 424
74 259
201 300
421 303
25 74
467 190
431 496
16 254
164 152
62 141
411 29
53 321
376 8
6 209
111 262
441 137
298 88
418 419
413 75
275 370
165 498
333 311
481 209
252 386
117 198
208 316
171 434
207 91
245 383
312 373
224 260
168 99
209 137
467 432
341 27
131 217
122 397
497 311
15 271
442 375
309 489
323 158
83 442
105 201
196 319
397 80
66 209
103 276
356 456
122 289
309 381
483 268
139 458
235 166
474 448
128 40
265 45
127 340
27 402
435 456
300 268
186 395
291 448
376 263
106 402
128 161
436 48
31 228
196 332
108 219
457 107
25 450
135 56
176 94
374 338
484 210
420 454
277 405
222 469
128 53
207 346
205 273
466 277
306 59
70 48
438 215
369 344
228 405
468 94
19 2
165 56
404 338
137 223
216 287
238 46
408 457
287 167
311 295
402 413
61 349
223 182
336 59
313 341
404 459
394 414
499 467
237 467
397 456
88 344
308 347
294 183
406 424
225 349
352 124
285 134
417 290
169 188
12 470
53 242
172 193
144 360
259 347
438 349
322 403
47 198
426 231
197 371
417 411
86 311
347 352
428 11
259 468
130 354
474 127
226 62
312 65
19 486
25 8
68 378
95 252
241 306
222 27
227 142
347 473
309 181
199 309
400 299
130 475
386 135
331 199
47 440
206 433
476 65
495 78
104 422
104 193
15 84
134 72
138 191
377 436
456 500
330 361
476 186
467 366
384 368
81 330
411 205
318 14
175 194
97 274
50 199
210 151
499 25
407 207
90 500
374 30
313 20
222 390
134 314
428 495
194 328
409 253
39 454
106 215
14 397
201 489
270 94
333 379
154 148
401 25
296 497
24 38
406 103
203 269
249 385
455 261
133 210
446 441
50 212
265 100
366 152
8 444
333 500
489 259
387 211
184 148
455 382
293 283
344 285
209 326
353 455
141 47
251 444
127 408
149 167
223 116
209 218
82 113
109 216
202 178
147 242
193 358
320 399
447 211
182 465
3 234
75 339
56 60
121 226
195 175
165 232
280 219
392 460
101 476
290 412
183 57
54 172
174 237
447 103
433 168
56 181
295 463
74 6
10 479
459 342
192 227
51 251
390 471
285 189
118 12
445 407
155 345
274 296
236 4
463 232
342 171
22 489
498 189
28 240
14 76
148 76
5 256
141 302
405 348
47 374
14 197
363 122
148 197
46 415
201 60
242 61
146 124
109 471
150 243
86 487
411 18
342 184
72 323
483 123
125 186
452 315
479 418
231 87
243 141
382 485
14 89
476 120
335 144
99 133
118 146
324 251
40 492
29 74
218 498
428 79
493 474
336 490
331 146
363 364
335 265
132 202
261 87
333 192
388 128
379 308
277 31
48 208
153 490
120 313
441 139
205 128
418 421
143 216
55 332
270 257
289 270
413 77
311 29
435 95
338 428
200 198
324 493
57 149
288 18
4 259
138 259
110 160
471 139
163 23
38 257
112 206
84 144
337 324
244 96
227 452
282 388
222 337
268 224
188 201
221 149
436 37
23 393
358 383
471 260
297 373
237 93
388 491
135 45
159 439
200 440
33 34
272 316
98 163
194 396
1 230
92 385
499 214
22 289
113 444
383 39
369 104
33 155
310 463
277 286
156 225
445 99
279 332
301 91
480 322
394 282
91 281
397 324
77 117
121 160
360 405
258 394
496 451
59 450
128 55
298 466
339 467
91 402
172 61
306 61
471 394
149 343
429 397
11 409
52 181
456 5
459 276
192 161
371 163
142 340
271 225
40 292
169 177
442 43
17 345
121 402
181 187
146 166
93 74
271 346
290 359
90 5
381 477
202 246
95 120
158 405
72 365
292 405
72 136
37 115
176 459
69 67
470 182
387 413
332 477
440 239
252 188
109 405
164 75
324 64
274 472
169 190
40 305
67 408
246 410
442 56
461 69
70 413
364 365
424 416
446 175
350 238
432 11
437 355
60 139
187 180
266 244
68 488
49 246
197 373
486 247
16 69
2 134
241 416
141 478
475 354
213 354
347 354
125 241
42 472
245 306
185 26
102 257
129 360
294 198
242 8
65 375
385 316
431 432
238 303
217 180
161 19
312 188
229 419
243 88
358 75
435 258
495 309
453 312
183 488
384 478
236 314
62 198
337 137
411 86
323 202
461 432
48 34
143 271
377 209
418 247
289 96
316 199
118 443
407 317
393 419
118 214
66 24
51 453
151 391
321 314
57 204
291 142
400 314
147 97
381 35
312 201
105 137
237 27
256 40
421 373
383 81
228 207
374 32
319 96
365 212
332 35
408 30
480 135
17 145
366 33
471 86
337 271
175 209
376 199
92 440
340 276
45 328
389 138
301 25
143 405
325 153
182 333
217 327
326 499
389 30
298 400
22 465
457 393
223 226
369 280
80 177
396 154
52 115
179 156
258 449
271 159
472 149
133 454
155 213
348 113
108 397
383 336
61 285
295 223
429 452
487 393
43 416
299 342
239 62
390 460
156 293
271 280
422 449
147 244
315 57
397 392
135 355
195 406
47 242
382 232
225 285
371 339
151 70
494 409
7 62
204 347
130 169
218 16
171 170
28 121
368 226
225 406
63 344
500 116
271 293
329 463
398 68
169 245
329 234
370 235
494 301
442 111
306 479
380 465
394 363
347 288
180 111
383 470
102 191
396 409
14 78
179 411
156 427
48 76
268 79
106 17
171 183
498 312
83 70
146 355
473 484
261 76
407 130
68 435
35 258
444 426
475 301
37 304
83 420
424 484
9 242
212 76
270 17
500 479
16 137
398 202
57 138
337 192
53 433
409 68
268 92
92 361
139 207
171 425
152 146
231 439
74 492
294 495
151 446
159 307
43 95
337 313
318 71
340 318
414 304
326 420
207 203
413 308
298 92
96 372
449 261
416 313
407 264
305 482
346 254
184 192
282 498
48 331
337 205
411 154
423 208
152 159
317 492
210 100
283 90
233 498
300 259
381 332
73 216
279 321
311 273
383 149
402 162
300 380
214 111
112 329
411 396
478 157
82 157
120 449
101 170
1 232
340 452
188 324
54 95
205 264
311 394
476 498
209 383
443 321
126 348
327 109
170 391
304 391
193 294
12 219
3 399
378 47
94 288
198 345
487 219
318 447
115 347
192 42
450 337
271 106
343 211
133 401
463 276
174 173
91 404
383 283
374 463
322 273
167 399
332 466
404 342
321 48
68 356
431 179
362 345
100 345
45 409
7 117
31 474
466 402
218 71
484 456
262 114
74 292
401 458
418 102
60 128
473 297
266 233
412 287
202 477
362 466
236 61
241 176
86 302
172 305
158 407
375 176
72 138
39 190
438 461
149 358
372 107
201 225
363 58
5 313
165 302
321 61
271 469
384 117
389 461
356 18
328 185
204 415
190 480
9 176
308 472
338 351
123 197
269 251
475 356
125 472
268 26
414 117
185 257
419 195
102 259
358 185
325 8
449 74
206 316
178 483
25 12
338 243
200 13
384 359
12 487
222 31
469 137
106 85
6 147
102 380
88 482
298 26
358 77
196 244
432 26
55 39
5 447
127 144
46 485
290 27
414 359
37 372
138 424
97 386
391 375
358 198
435 381
476 190
321 316
374 142
145 319
126 40
401 16
227 388
328 440
309 198
6 160
465 445
55 281
397 247
242 373
261 386
383 83
481 389
429 199
118 337
140 96
291 494
286 150
217 316
428 499
326 488
288 196
18 335
367 260
100 145
293 45
191 263
96 440
430 316
163 201
399 212
22 225
168 279
283 37
369 40
314 104
333 383
492 376
48 399
87 327
343 24
386 394
174 215
298 281
265 104
36 281
311 220
204 94
121 325
195 274
498 46
300 327
429 212
346 443
404 384
478 333
271 269
156 53
221 448
119 400
389 32
213 35
278 164
295 333
195 395
190 51
47 2
52 117
98 462
308 43
492 389
235 467
12 166
3 346
28 110
267 392
198 292
406 470
473 231
304 459
271 282
357 285
35 5
205 453
144 177
378 115
135 357
116 115
314 359
88 282
465 3
396 398
363 221
308 285
248 5
148 67
478 467
82 467
238 226
486 62
150 113
348 357
67 344
260 244
375 231
91 472
28 123
243 11
451 226
33 467
102 72
44 67
357 298
305 108
384 172
497 49
306 481
111 242
278 419
37 64
500 239
412 355
305 229
71 62
90 75
365 14
444 307
241 244
6 81
56 198
4 8
344 76
132 422
113 180
421 67
178 309
109 475
329 478
48 199
208 188
356 315
218 381
474 307
133 14
47 499
298 81
413 68
215 312
430 8
165 491
280 478
13 363
421 188
407 253
71 304
21 483
7 319
263 245
48 91
213 424
395 135
254 196
345 314
207 84
441 22
105 73
224 24
160 268
421 309
388 132
2 325
370 492
153 494
15 264
427 208
36 323
363 489
270 261
110 43
145 495
439 484
76 395
392 372
497 425
404 197
115 94
152 390
133 148
64 277
430 371
325 89
55 228
3 38
256 218
110 164
173 449
140 272
107 95
360 275
332 213
304 380
249 444
101 280
120 330
142 89
496 321
307 156
463 144
284 438
121 151
195 100
43 460
258 385
318 436
202 224
155 149
193 175
67 36
380 267
110 406
447 28
416 449
214 234
429 159
38 274
313 213
404 331
304 393
63 38
288 385
100 334
205 387
149 226
402 406
121 393
66 457
369 229
214 355
126 242
79 396
318 449
15 411
417 391
114 124
320 458
339 471
91 406
259 219
135 412
424 286
374 465
470 173
19 237
308 111
165 291
280 278
459 280
40 296
169 181
447 391
53 6
303 117
234 283
308 232
156 363
233 58
81 189
356 128
292 409
254 117
433 119
377 187
148 364
198 481
330 112
440 243
285 369
453 182
351 171
296 235
425 120
31 489
282 71
213 466
130 468
166 125
410 485
107 484
382 423
220 361
146 183
454 299
285 490
104 415
277 77
361 485
249 15
345 477
133 69
61 489
391 364
298 136
19 492
289 316
96 187
416 128
60 264
490 77
247 356
187 76
338 474
159 243
497 238
172 441
464 61
240 87
148 498
242 133
352 264
85 149
324 431
112 23
2 151
81 444
370 318
208 256
309 308
249 28
235 93
469 31
119 147
317 428
157 439
17 136
129 377
27 329
173 383
355 131
200 257
305 310
497 480
222 275
309 429
254 493
142 23
18 216
496 26
100 26
482 91
303 385
129 498
108 375
397 20
388 429
374 265
346 432
38 87
425 496
179 26
98 101
464 424
115 41
395 324
87 208
161 157
362 147
31 47
499 152
182 445
311 101
27 342
99 447
443 257
159 498
429 322
489 373
415 158
107 42
167 93
496 268
329 91
193 230
100 39
191 157
480 31
163 324
58 42
490 453
94 453
462 391
489 494
374 278
184 383
84 445
65 166
10 230
385 107
156 284
293 289
298 404
182 458
311 343
115 404
373 174
175 455
82 227
54 394
491 395
417 217
307 345
403 53
26 66
12 168
218 236
77 297
94 466
75 224
457 289
405 99
176 276
424 112
126 418
303 51
19 292
487 397
46 166
354 282
151 182
225 168
86 467
67 225
315 61
172 241
158 343
361 177
22 482
415 413
308 287
151 303
151 74
271 405
417 459
68 305
491 408
114 421
296 169
463 346
444 67
461 236
172 133
125 287
240 8
33 469
74 241
437 64
349 180
201 53
118 18
219 70
21 351
411 11
204 472
212 67
14 311
19 426
187 10
407 242
137 418
104 241
324 244
136 193
26 321
497 172
103 16
208 69
287 362
20 247
180 236
218 491
116 480
240 21
231 430
4 10
105 62
248 370
399 14
211 488
159 298
481 312
49 426
43 86
411 253
442 357
318 62
364 437
264 499
224 134
399 135
289 263
110 32
435 317
242 188
440 432
154 75
252 381
71 77
277 145
461 491
185 327
353 140
432 433
377 497
427 89
210 91
108 80
16 491
18 271
23 386
174 30
224 147
251 250
416 317
242 201
154 88
429 256
118 394
76 397
450 315
54 86
73 99
152 392
441 266
207 99
279 204
256 220
416 209
168 336
355 199
38 263
304 153
221 384
307 387
133 500
386 451
293 223
399 390
387 272
277 400
280 146
192 33
304 274
417 151
155 151
463 267
149 336
75 158
314 403
107 339
167 390
468 89
98 290
354 216
285 116
390 169
290 231
257 54
269 108
329 159
436 285
12 223
246 161
347 213
158 48
163 392
75 279
107 231
93 296
468 210
456 119
198 349
382 170
294 57
160 57
137 339
137 110
197 124
357 113
169 62
31 357
232 347
292 398
218 183
452 121
190 121
102 8
167 403
261 1
352 119
49 118
202 360
439 44
477 299
293 478
494 468
282 60
320 352
204 406
245 178
364 129
317 283
28 180
267 462
308 463
377 68
261 122
266 237
44 124
252 73
394 422
53 129
177 424
452 363
185 248
248 304
32 191
338 234
472 463
425 122
227 137
199 304
446 181
151 492
426 468
44 137
197 379
291 14
117 127
356 372
342 474
345 479
171 363
9 301
60 266
13 191
407 310
374 133
407 81
434 184
286 20
186 82
24 20
304 74
409 127
367 130
119 28
64 92
36 259
499 20
485 122
13 312
90 495
365 434
258 79
43 154
428 261
376 71
469 262
307 200
436 85
157 441
298 151
325 254
96 431
55 393
275 433
335 447
407 323
117 490
328 444
436 206
91 208
210 159
430 428
330 490
8 439
168 162
407 444
173 277
71 495
420 383
409 490
304 208
417 85
64 455
31 49
270 331
297 434
149 41
61 157
470 96
186 337
179 149
313 149
15 455
307 334
422 321
94 455
383 329
94 226
176 265
424 101
295 216
314 229
167 445
162 101
500 96
417 327
276 388
257 109
380 445
394 114
378 106
402 463
171 42
121 450
374 401
181 235
47 6
234 98
10 353
32 112
376 447
40 232
26 297
347 389
306 122
77 299
259 47
460 37
190 176
314 471
262 281
468 386
308 168
198 296
220 55
385 351
44 58
271 286
265 471
359 106
144 181
479 400
185 182
176 399
121 463
372 45
281 415
19 186
454 114
63 458
252 128
16 117
21 232
72 197
366 415
359 227
405 343
460 50
465 357
28 127
454 235
275 4
104 351
412 238
150 238
296 292
337 64
218 372
37 68
386 185
47 490
336 364
331 20
60 429
440 421
257 485
379 182
145 15
48 311
469 75
56 431
474 190
105 64
284 295
69 141
110 142
275 475
316 247
220 310
335 260
13 246
402 21
247 413
467 416
421 300
250 418
117 74
208 421
409 182
199 372
166 195
23 375
413 301
193 32
432 314
284 187
108 190
8 252
228 255
462 193
338 423
492 72
406 32
337 198
170 21
395 139
246 16
229 372
325 80
237 196
485 69
149 83
16 493
464 360
309 486
362 83
307 147
212 324
353 263
105 198
270 494
399 379
196 316
485 190
344 443
22 163
402 384
314 271
38 373
420 438
142 201
161 214
106 278
133 152
105 319
380 258
256 451
397 198
355 201
214 225
126 341
186 392
253 153
43 343
304 384
423 335
323 397
15 281
142 93
147 400
450 209
54 209
141 97
191 214
383 384
42 91
350 207
424 156
195 104
341 387
74 43
464 494
15 402
304 276
445 215
183 215
128 279
86 282
494 107
204 45
283 338
195 454
396 215
126 354
487 333
327 115
239 231
10 408
165 53
206 54
257 56
207 464
246 392
339 354
292 279
493 269
61 346
382 172
368 274
459 392
244 467
178 113
123 177
417 395
324 167
472 102
269 2
315 118
86 295
218 185
75 402
369 354
377 178
456 242
449 54
148 126
294 180
495 170
247 105
305 46
484 462
231 245
19 362
79 413
201 110
266 468
500 406
481 127
458 409
361 247
240 186
138 175
317 406
47 316
129 355
74 419
234 408
173 132
233 183
35 427
425 124
370 188
213 470
287 419
185 371
446 183
243 83
14 260
55 32
294 314
435 24
206 201
32 314
302 138
49 483
269 486
21 421
403 486
81 435
409 237
39 438
42 480
97 379
64 202
303 484
377 433
435 145
462 248
233 425
388 70
145 312
272 124
291 137
84 73
134 419
227 381
309 420
87 78
6 153
367 132
100 17
124 374
485 124
182 315
297 302
127 379
256 35
154 24
164 446
489 14
374 27
398 384
442 427
235 326
450 22
474 379
69 330
159 489
11 325
448 97
24 264
365 328
236 443
337 495
225 25
464 307
362 259
279 261
353 210
325 377
36 274
163 86
242 379
27 454
66 382
30 459
489 256
184 374
1 401
290 275
390 213
78 392
482 216
480 372
243 459
251 320
366 270
182 449
108 271
316 449
438 146
8 333
61 159
228 336
140 452
57 454
468 25
51 114
371 92
235 460
390 105
431 106
142 269
68 54
301 262
191 390
320 275
325 390
190 165
267 156
373 286
239 57
371 213
128 455
362 393
477 114
334 331
279 395
408 280
394 345
31 293
72 294
259 157
223 234
135 350
195 401
360 468
313 393
151 65
257 232
147 360
185 63
83 52
47 129
468 388
456 297
65 412
225 401
379 50
296 52
411 2
213 283
180 106
433 286
42 401
56 70
446 225
121 465
9 224
113 52
81 248
141 299
158 468
89 368
479 294
424 358
372 168
231 192
88 409
129 410
308 412
118 251
407 125
412 240
439 114
26 433
208 181
194 17
70 476
166 184
240 133
185 197
345 186
363 469
129 302
354 420
118 372
151 320
269 312
318 174
342 302
39 493
474 421
245 369
367 66
116 484
212 421
312 130
124 79
36 195
316 249
127 84
335 262
151 441
407 138
30 151
324 369
272 179
29 192
277 28
222 92
459 5
254 310
328 259
78 313
331 493
413 74
113 307
272 300
217 364
313 72
103 262
170 23
249 87
166 318
37 433
23 498
474 434
207 319
334 131
279 195
413 195
14 449
110 386
55 221
349 439
127 326
233 493
360 268
112 203
272 192
310 447
208 436
230 195
376 249
381 327
59 313
207 440
243 393
36 329
388 488
176 80
121 144
140 157
217 377
392 378
43 224
464 483
340 447
147 281
499 211
399 273
91 157
383 265
154 442
405 24
286 332
368 142
5 53
450 440
123 45
106 401
293 456
494 217
191 216
3 394
75 270
168 232
116 42
484 209
281 109
437 97
98 402
253 47
473 279
473 50
362 448
394 400
86 284
218 174
149 340
391 102
206 56
500 45
458 48
301 330
361 115
347 217
378 284
493 271
273 2
460 94
80 361
234 276
308 225
487 456
275 48
280 392
299 405
10 302
82 407
338 104
95 346
58 464
204 289
479 228
171 112
47 305
275 169
261 5
32 182
233 172
445 351
472 454
49 351
269 354
128 415
236 177
447 397
306 421
39 306
70 410
452 475
424 413
363 174
449 177
275 61
266 241
233 64
21 410
310 247
62 182
475 351
442 403
493 405
331 306
317 408
427 14
243 193
229 295
331 77
325 3
160 424
330 118
495 185
338 467
462 8
11 72
472 467
150 416
90 136
217 177
453 188
7 367
43 24
315 483
227 370
323 78
254 244
264 437
441 70
499 11
261 368
443 116
352 257
360 81
164 206
272 234
305 182
184 121
20 427
254 365
408 14
418 473
96 422
335 438
8 80
393 416
236 432
406 89
43 37
53 496
488 424
331 440
64 325
496 19
229 429
349 494
256 266
311 202
41 378
200 371
85 155
318 363
450 24
400 432
188 24
408 256
251 309
399 207
430 311
77 156
168 274
209 312
209 83
126 48
346 317
38 201
318 484
65 38
249 384
285 41
483 322
92 437
152 451
353 441
119 274
124 389
17 263
438 256
498 41
429 207
79 94
406 223
285 162
362 153
100 382
59 381
339 169
251 322
457 390
484 264
489 379
308 38
500 208
216 449
235 462
73 400
491 159
355 500
264 116
262 43
126 411
74 221
421 36
477 116
119 408
447 210
378 110
383 454
391 49
341 457
336 113
10 357
156 411
257 234
343 274
193 478
364 296
226 103
56 180
181 360
93 476
19 298
5 363
454 226
187 111
444 181
222 68
306 476
70 465
70 236
278 414
171 288
176 403
410 304
41 178
449 3
266 296
393 337
486 299
169 363
236 124
208 62
120 178
447 344
309 114
405 347
9 118
446 119
129 412
308 414
8 122
294 250
206 366
25 62
420 66
117 65
282 132
361 425
328 248
106 135
97 86
50 240
418 407
377 369
60 433
335 143
233 361
489 58
186 20
315 430
170 12
166 307
441 246
367 68
243 261
229 363
358 248
289 377
407 369
481 318
85 318
305 358
277 259
203 81
227 438
106 377
111 492
59 302
18 35
312 253
331 495
279 76
143 444
41 433
297 359
110 38
36 89
25 425
300 364
121 133
140 146
355 71
374 84
448 33
272 73
277 380
258 138
198 87
277 151
411 380
115 89
371 15
216 141
340 436
109 15
491 80
78 436
177 149
130 74
228 380
300 256
33 141
126 103
368 131
392 488
304 146
161 326
106 390
463 139
265 154
399 383
314 275
295 33
319 390
286 442
253 36
101 396
1 458
82 154
301 198
339 453
380 262
452 101
135 165
140 280
396 206
38 498
253 157
170 388
123 47
161 339
183 98
260 52
177 283
457 337
498 338
484 440
176 95
360 404
382 163
46 214
431 55
343 208
26 235
375 160
488 37
149 342
61 458
355 447
465 53
179 450
179 221
60 4
431 176
329 394
150 163
86 407
282 53
180 42
130 450
364 122
190 235
262 340
47 415
470 289
303 112
227 238
213 340
328 61
56 127
364 243
393 163
44 9
183 353
324 292
315 472
356 244
86 420
153 181
53 243
139 246
400 58
317 289
107 479
485 102
344 126
127 128
454 294
242 115
435 15
297 51
65 482
178 359
300 56
374 5
68 487
458 413
309 290
433 356
23 192
157 421
298 131
14 372
96 182
354 477
266 364
388 61
25 9
434 177
379 241
43 26
240 311
413 239
298 23
380 62
210 139
124 136
432 252
383 67
233 308
407 195
219 373
131 260
272 7
263 416
203 136
139 380
125 482
161 139
460 472
45 193
298 373
212 370
243 437
22 209
397 123
443 239
295 75
228 85
140 201
30 329
365 319
198 142
84 77
428 375
276 247
6 386
78 491
333 488
140 322
214 42
29 491
198 34
318 365
337 378
216 88
128 204
463 194
124 499
408 29
237 376
22 222
300 432
66 265
396 140
167 317
186 330
175 437
417 199
207 389
293 392
293 163
205 316
119 276
100 34
17 265
320 37
223 104
498 43
126 400
82 330
244 163
390 217
106 458
18 345
12 271
475 32
452 48
424 215
140 456
121 214
162 215
401 497
129 38
74 102
267 268
132 43
65 53
230 386
183 45
447 91
378 220
248 110
456 288
5 123
385 344
271 279
412 218
183 395
169 231
136 54
347 274
218 352
199 110
144 174
414 35
359 99
364 177
415 408
299 462
357 403
338 161
352 59
180 218
259 282
345 285
56 182
23 5
410 185
74 236
487 405
151 190
393 218
431 244
343 397
141 411
342 172
229 231
382 473
110 14
416 57
5 257
421 172
187 5
252 363
319 124
35 365
323 14
410 427
224 8
294 481
187 355
164 371
164 142
370 476
136 309
76 29
222 312
125 416
23 368
303 422
110 27
397 57
187 247
481 199
214 84
71 301
319 137
469 81
73 81
138 247
432 428
284 301
55 441
108 304
8 366
490 369
434 245
167 130
250 424
365 374
24 81
189 148
478 22
175 250
216 22
469 202
106 150
496 305
18 37
334 14
418 422
36 320
110 269
256 94
25 427
118 389
295 22
420 431
57 379
360 151
253 25
106 500
142 194
235 156
6 333
224 492
36 441
499 202
96 492
36 212
209 369
167 143
24 323
423 328
230 199
109 138
381 331
207 444
463 141
64 395
408 205
480 310
246 143
124 446
466 146
278 95
195 97
451 23
66 212
286 215
198 331
198 102
406 280
263 497
280 141
294 39
483 500
491 324
147 285
188 323
403 211
475 87
287 36
72 111
228 395
369 334
264 52
448 398
162 41
234 146
93 170
170 390
473 162
459 264
128 164
40 280
334 269
320 334
433 211
292 272
223 401
336 278
468 205
225 218
495 42
63 385
431 286
177 406
311 406
460 206
364 232
171 103
493 154
181 296
456 235
206 60
472 445
348 409
67 167
461 286
356 4
213 221
37 224
345 111
88 226
285 474
63 398
305 160
431 299
90 235
269 237
90 6
458 173
296 340
347 342
199 178
455 104
6 12
116 409
245 294
97 130
14 361
165 301
426 342
412 407
486 356
467 114
68 368
43 15
103 66
134 170
323 69
347 463
23 302
138 289
185 135
212 9
399 64
36 12
41 356
316 66
266 474
385 425
25 119
467 464
426 463
412 299
139 140
188 2
367 4
465 310
201 466
96 184
316 187
126 26
150 420
2 256
351 410
7 371
497 235
180 299
395 187
381 23
69 431
298 25
91 190
349 485
397 233
182 79
173 259
319 313
379 364
360 85
48 493
20 431
455 359
37 371
224 426
408 18
427 31
374 141
272 359
2 498
57 434
230 133
175 197
445 21
376 187
221 313
152 442
312 431
174 201
293 152
77 268
42 18
85 388
429 198
365 442
258 316
469 270
436 93
334 82
210 275
339 160
457 381
57 447
19 155
115 388
189 337
170 95
161 275
18 455
496 265
380 319
466 322
182 334
286 391
322 85
346 442
437 35
387 214
49 155
431 220
384 145
348 222
205 439
380 440
53 45
22 466
56 50
364 166
372 27
192 96
431 341
491 163
141 50
172 117
158 219
378 222
75 450
56 171
460 32
429 453
162 338
327 405
487 394
373 292
445 397
44 53
500 104
338 42
250 158
246 453
172 238
466 456
479 395
171 50
262 397
421 161
32 120
118 123
412 341
500 225
21 456
269 292
155 456
62 228
136 177
114 418
141 292
172 359
282 2
452 413
240 5
9 338
129 174
206 357
233 231
159 53
305 107
403 413
141 413
263 110
172 480
488 228
92 228
284 169
377 360
449 236
165 477
173 72
374 62
379 177
48 306
199 475
273 424
166 298
298 188
325 62
113 408
490 129
319 247
272 172
346 121
236 249
351 236
411 250
240 368
413 296
251 234
91 16
96 360
275 362
242 414
173 314
448 253
62 483
2 203
84 13
115 80
20 257
235 145
400 478
469 83
207 83
157 491
293 86
432 430
31 86
413 188
476 473
204 14
223 27
462 309
121 16
126 94
360 32
29 427
244 86
194 494
463 130
413 309
466 135
383 137
402 150
355 75
38 368
43 446
137 81
491 84
496 199
147 45
408 86
3 266
402 500
382 33
189 392
299 35
175 494
409 432
271 202
1 341
170 150
238 25
343 78
403 92
477 41
408 207
168 454
162 151
79 382
354 92
156 107
235 400
334 379
31 341
488 28
70 40
234 148
299 277
459 266
266 100
436 282
488 149
56 226
283 454
451 267
33 279
206 170
280 156
500 388
417 390
362 454
95 339
458 162
315 342
370 49
287 280
447 269
461 167
92 41
433 105
171 105
102 234
437 224
179 454
19 236
266 342
132 113
500 280
104 51
213 223
466 403
369 470
69 178
418 103
60 129
299 411
434 47
202 478
67 290
461 409
278 473
138 170
413 109
229 288
247 342
118 191
486 358
7 360
2 16
34 463
208 350
222 19
337 6
249 122
356 248
153 414
161 9
106 73
331 420
284 345
5 435
127 132
305 404
346 176
76 315
7 481
103 189
194 307
180 409
409 232
144 486
455 348
326 234
78 132
157 425
50 299
377 428
105 6
96 415
303 250
60 492
220 481
275 417
41 250
187 304
233 420
420 246
103 310
29 132
268 377
423 22
87 73
37 481
185 379
59 11
97 266
339 28
289 436
27 436
223 82
476 299
173 261
66 135
267 125
341 74
420 367
365 431
85 148
112 22
420 138
103 431
310 495
459 66
373 26
59 361
147 208
362 133
496 133
274 20
138 425
4 196
3 200
416 369
438 128
476 420
149 25
126 270
286 259
186 321
38 194
487 20
473 85
194 441
101 213
128 87
381 267
463 77
339 270
306 93
366 144
149 146
162 85
382 88
106 449
207 272
86 211
42 141
116 90
121 205
341 208
456 158
492 377
156 162
486 37
202 278
59 495
174 445
174 216
348 103
480 259
172 106
287 93
295 442
116 211
33 213
286 393
470 214
65 165
51 230
40 108
67 211
394 340
232 278
204 216
157 104
181 461
167 334
74 106
146 211
431 343
114 407
241 219
213 157
424 340
262 278
470 456
336 227
181 353
93 469
220 281
261 53
211 232
178 55
49 170
117 45
213 278
328 228
364 410
226 217
331 233
264 243
303 171
418 158
146 453
187 225
440 405
393 330
467 279
269 294
384 281
260 474
81 243
411 118
342 284
309 107
432 177
74 469
229 114
129 176
382 356
41 292
215 179
253 471
294 243
113 168
192 461
437 292
104 348
99 4
123 361
238 348
34 289
356 74
139 305
259 407
367 169
400 117
60 426
206 251
500 469
159 405
90 305
324 243
365 244
356 424
29 66
497 171
37 415
6 82
59 174
69 367
251 115
399 13
430 117
182 15
297 2
209 118
333 413
233 475
118 259
233 246
448 134
71 184
115 190
411 252
153 482
106 370
4 130
45 131
432 311
377 375
490 252
168 201
443 177
374 306
379 421
374 77
30 267
392 360
323 260
271 70
235 147
419 493
427 317
482 24
224 254
380 242
91 139
22 268
448 376
429 134
489 185
90 439
24 85
134 482
208 431
175 483
87 370
216 255
142 77
87 141
128 142
427 438
224 375
301 70
193 42
325 198
127 442
228 494
261 442
429 255
415 91
19 91
304 489
459 134
491 86
496 201
224 496
119 214
196 434
121 260
308 86
406 392
46 86
43 340
385 40
426 78
202 333
68 104
334 489
274 209
375 261
347 199
88 204
162 153
470 269
401 435
346 499
234 29
203 450
280 145
170 273
211 274
82 160
202 454
403 215
155 150
320 217
171 94
214 464
121 273
437 213
368 379
5 61
32 164
54 448
324 43
439 30
477 285
255 209
384 94
141 336
375 274
213 212
58 338
359 266
39 59
232 225
317 269
253 284
261 108
459 389
343 443
238 161
250 215
12 343
356 116
347 333
433 107
138 159
437 226
275 164
46 341
421 218
187 51
123 295
467 105
398 234
222 8
53 236
254 226
328 175
20 59
317 282
391 231
261 121
335 70
159 339
7 241
475 346
409 221
175 54
139 360
34 115
134 53
469 6
345 465
460 452
391 352
432 124
127 13
25 231
164 309
71 118
2 247
62 298
392 173
203 8
226 406
185 368
474 242
69 422
229 411
383 60
154 8
219 366
360 76
263 180
478 68
395 299
469 248
205 175
64 199
102 491
303 481
430 293
256 140
32 432
25 244
352 373
355 119
57 196
273 494
288 65
205 296
480 6
366 133
490 199
223 84
121 73
332 256
282 435
472 7
106 209
18 325
270 317
452 28
443 474
302 269
176 130
300 196
267 19
318 479
313 135
464 304
323 328
156 151
235 215
221 317
54 140
188 369
362 27
224 322
399 323
366 146
267 140
79 89
103 446
354 28
436 326
257 95
315 36
480 140
163 433
52 336
468 251
253 97
142 266
68 51
259 262
295 444
363 90
186 457
198 282
239 54
244 398
63 323
189 462
101 349
202 401
362 390
357 46
26 175
320 393
452 283
56 54
47 234
33 336
275 98
354 391
82 457
109 331
486 52
238 216
274 398
269 54
260 234
134 95
158 452
460 36
181 355
41 52
165 347
349 168
354 283
5 129
335 4
219 58
169 466
351 214
81 353
134 216
405 450
424 463
243 122
451 337
14 70
308 288
113 278
11 1
384 283
155 460
122 246
208 57
428 289
34 170
309 109
428 60
20 235
452 417
268 71
199 466
446 343
331 127
451 458
129 407
74 471
14 191
129 178
60 307
495 235
393 453
252 477
164 364
34 291
337 63
474 297
4 119
47 489
91 7
36 71
146 468
187 240
434 346
338 409
458 474
57 130
282 477
48 310
478 123
103 17
120 415
483 238
323 20
235 136
205 1
413 179
303 307
196 181
270 130
3 15
30 377
38 9
365 138
392 241
244 77
147 144
408 185
407 485
209 12
429 244
33 15
420 424
62 487
103 488
84 246
442 479
142 187
128 23
380 15
22 270
297 246
209 362
94 146
300 480
66 313
195 198
374 429
214 211
333 428
57 264
198 203
236 495
225 77
68 93
422 362
362 82
4 374
224 377
353 262
210 213
130 190
80 332
429 257
80 103
145 498
107 206
336 29
392 375
189 275
211 34
496 432
274 90
246 257
251 372
383 491
434 493
184 318
454 142
348 389
334 491
100 324
12 211
287 150
366 443
199 37
22 404
259 88
28 155
468 198
156 340
445 214
431 50
351 27
26 230
237 450
488 32
204 273
264 58
129 99
313 445
156 461
151 117
197 233
90 107
329 389
461 50
428 102
111 166
223 407
364 117
157 53
281 348
267 450
308 451
248 171
55 5
217 40
120 107
488 274
433 338
226 45
83 225
212 110
281 469
55 126
437 228
449 282
146 281
220 230
127 2
192 397
159 220
393 158
21 286
194 177
361 354
268 126
39 303
129 462
243 69
485 97
476 48
233 290
379 344
90 241
141 472
20 182
268 18
235 70
224 177
465 303
289 306
154 118
192 410
159 462
66 5
11 69
145 298
291 352
236 416
356 481
48 136
342 354
423 13
221 64
441 296
171 472
362 3
100 3
482 68
143 373
432 247
344 363
363 413
242 352
127 136
457 11
291 244
263 182
34 359
442 413
309 298
4 416
18 85
138 416
251 293
377 432
242 244
107 19
43 263
230 355
244 24
152 435
212 486
224 311
427 145
55 273
237 250
349 491
149 137
140 317
176 11
200 368
355 13
286 142
179 16
203 373
392 309
249 489
404 134
87 427
20 437
120 375
469 263
348 202
31 37
58 140
397 360
369 261
258 201
464 306
445 27
390 91
376 193
307 322
94 214
299 323
65 156
170 209
178 33
307 443
114 277
100 379
255 24
114 48
64 456
45 443
320 153
94 335
80 400
47 223
38 440
387 328
459 204
32 100
211 102
235 459
49 40
114 398
114 169
394 223
306 339
361 46
135 228
33 446
33 217
368 207
321 95
439 87
348 457
458 100
444 165
67 215
12 279
361 167
144 398
223 462
364 172
231 57
88 274
160 113
159 154
357 398
431 347
30 3
7 285
260 465
375 452
497 149
6 60
37 164
9 331
345 51
295 459
135 470
432 168
330 157
113 159
51 476
421 46
62 113
497 41
180 105
359 336
245 463
212 286
231 299
262 403
437 404
239 419
476 103
407 232
123 473
104 231
357 411
71 54
453 119
186 4
492 47
442 455
81 247
153 352
409 49
139 188
133 114
419 242
336 473
143 307
93 486
294 476
35 481
346 114
425 178
268 194
39 371
226 463
143 428
25 409
154 65
233 358
214 79
254 417
395 127
469 76
64 256
14 435
129 422
251 119
215 425
55 207
490 135
302 313
118 492
200 302
126 87
487 66
189 143
249 194
386 428
138 363
196 304
316 369
302 205
295 17
121 130
448 259
409 304
207 318
471 364
295 138
107 87
327 90
98 267
473 144
478 259
115 207
12 200
494 203
347 190
223 154
80 105
262 82
186 272
79 146
65 211
170 264
15 390
271 316
450 318
188 318
4 497
293 334
141 206
298 449
339 450
389 79
466 262
350 316
424 265
154 441
451 139
47 49
267 318
126 342
234 141
74 152
198 218
392 498
165 41
445 324
500 31
150 147
183 95
329 149
213 203
347 203
89 396
223 396
327 224
13 34
285 227
142 444
357 103
301 437
31 347
177 401
345 214
61 455
83 214
162 278
14 114
313 447
449 42
275 155
60 1
13 155
187 42
354 219
407 45
357 224
49 108
389 442
477 289
375 278
199 52
245 397
446 158
231 4
363 389
63 393
352 230
431 294
379 104
141 461
26 245
451 394
143 241
470 407
270 53
308 345
113 106
13 168
440 235
137 463
373 474
393 389
357 466
431 415
131 123
29 112
222 12
48 125
175 166
323 64
125 345
345 348
364 361
418 338
256 10
261 125
356 362
414 340
488 289
6 249
381 126
279 115
427 13
50 63
490 69
476 171
379 467
219 249
150 415
464 282
230 115
304 64
268 370
194 192
18 195
381 18
367 120
105 120
17 7
401 118
346 182
76 321
365 195
98 80
337 362
450 10
441 190
191 244
353 77
377 434
3 193
344 257
168 260
495 426
200 249
404 244
142 244
307 82
279 249
31 147
130 126
127 380
25 369
85 383
300 308
98 322
406 438
65 145
10 209
323 440
156 34
362 368
403 140
246 193
12 26
210 270
72 40
325 257
493 70
168 273
350 21
80 160
200 491
448 327
374 378
319 442
401 252
98 214
277 445
225 255
225 26
216 206
18 450
40 209
155 196
292 201
70 88
168 394
61 268
80 281
281 271
415 271
52 219
272 488
79 322
327 158
271 263
496 381
367 496
12 268
31 281
237 386
452 274
431 336
417 438
191 391
72 174
361 48
452 166
429 448
234 209
41 43
220 45
187 97
403 395
169 228
398 51
384 153
81 115
72 295
199 107
56 287
116 338
405 212
229 215
181 467
308 279
275 102
65 292
500 449
252 118
150 107
241 454
208 277
356 175
232 405
218 470
259 279
312 105
9 333
229 336
437 285
160 236
211 467
285 416
388 100
85 62
324 344
7 408
81 357
497 43
53 295
125 400
218 362
78 59
465 468
336 354
220 408
421 398
490 3
421 169
388 221
104 462
407 234
412 349
2 185
203 175
318 162
180 457
20 239
106 242
133 116
224 234
212 180
83 295
358 234
482 4
377 247
275 465
160 249
187 352
13 465
321 352
252 481
71 406
169 483
184 54
222 309
115 183
277 16
442 349
323 132
441 124
69 481
413 291
64 137
407 476
233 360
379 414
52 19
186 248
217 352
98 135
428 306
106 255
138 473
212 422
413 183
108 72
283 302
11 368
38 242
131 204
478 248
240 376
496 302
59 301
105 417
205 126
301 63
358 368
251 242
344 433
75 245
402 374
75 16
168 207
228 487
93 33
24 199
423 433
376 358
293 94
11 381
319 497
281 205
126 102
420 320
487 310
93 154
15 500
137 197
6 451
417 22
270 497
108 435
8 497
278 92
443 425
94 271
162 146
74 33
112 325
244 444
10 277
354 87
304 495
390 498
496 436
255 81
334 374
378 151
245 36
162 38
327 334
239 221
46 92
285 337
109 148
12 215
227 103
141 100
273 219
471 500
400 31
168 462
364 108
267 441
396 326
65 455
5 175
101 408
178 103
431 283
338 92
477 170
498 458
198 462
330 93
104 275
338 213
238 275
90 111
141 342
134 154
39 65
364 350
424 401
69 173
229 162
303 111
410 237
242 101
247 216
104 167
16 283
219 117
90 232
357 347
324 170
40 411
425 222
411 58
359 393
488 278
42 457
427 2
231 127
298 117
148 358
196 106
96 168
316 171
495 173
99 173
252 415
11 60
346 50
34 458
254 461
358 289
69 186
399 61
242 114
200 117
324 412
81 425
411 300
304 174
87 176
340 356
293 15
231 369
358 410
325 233
129 358
8 68
495 415
467 353
30 315
2 482
117 240
370 420
9 414
69 428
284 353
311 190
402 308
333 474
126 144
2 374
332 249
271 10
307 192
133 305
114 26
312 307
17 359
143 498
191 246
91 79
55 385
209 300
335 439
176 123
429 303
38 418
52 87
258 421
420 254
327 26
84 305
221 310
367 364
403 21
105 364
91 429
292 190
297 305
149 141
350 131
489 475
11 436
382 83
323 442
417 77
480 133
485 477
195 149
33 87
487 257
82 208
21 198
491 147
153 88
347 368
488 78
107 386
162 93
468 365
341 324
487 378
167 437
220 34
421 24
274 499
95 268
274 270
447 198
139 45
433 263
218 109
157 99
391 37
410 50
239 397
280 435
63 437
51 117
169 338
475 152
394 456
287 330
149 396
248 338
454 443
41 45
220 276
371 445
44 50
384 155
86 461
254 274
158 337
455 35
479 392
331 228
102 405
243 115
418 153
308 281
215 53
440 400
261 169
25 158
211 348
439 212
296 392
241 456
227 292
175 102
340 169
273 179
419 462
171 397
132 405
352 408
462 51
426 394
44 63
250 397
453 231
398 295
461 351
414 276
455 277
474 290
386 177
262 407
27 244
71 287
324 467
310 303
48 303
29 61
263 228
409 53
414 397
400 233
331 362
377 478
485 277
196 174
168 75
263 349
103 131
101 21
87 123
276 59
413 293
55 319
209 5
286 188
38 123
203 419
62 480
423 193
400 475
436 132
441 476
188 67
59 411
119 196
36 427
347 60
13 480
173 432
80 204
434 473
107 78
267 67
103 373
115 427
404 301
221 365
59 303
224 370
22 384
94 260
38 365
415 86
401 188
43 443
184 190
137 78
271 307
51 38
381 438
100 196
287 22
110 389
88 78
52 384
313 425
299 261
357 202
290 212
100 317
158 29
218 43
498 326
443 427
61 96
160 38
354 89
137 320
285 218
417 374
114 336
246 263
278 444
433 89
488 25
460 192
438 433
479 205
190 102
195 446
281 449
28 40
341 500
52 397
314 397
327 336
5 56
321 33
63 263
192 148
417 495
412 151
128 392
417 266
463 382
100 330
81 51
447 374
223 400
308 215
5 177
51 293
352 221
68 462
81 172
375 390
227 226
342 213
72 352
134 35
347 328
455 90
331 54
69 54
495 162
156 467
35 177
361 347
347 449
452 465
14 239
289 178
220 344
462 106
324 172
95 349
217 46
268 240
139 355
328 291
309 49
400 396
59 103
224 170
298 119
418 450
50 54
50 283
377 183
270 57
471 47
27 299
192 403
407 291
197 481
16 406
425 345
318 219
309 399
240 299
422 47
460 339
105 111
471 168
163 52
154 232
233 296
415 7
360 71
24 122
43 135
263 404
497 342
134 290
125 470
37 357
83 473
334 55
344 248
325 6
99 417
481 482
462 240
314 76
448 76
57 420
186 305
57 191
296 473
318 232
411 423
323 310
389 112
243 317
466 66
187 422
99 309
314 197
71 476
355 6
24 135
225 125
208 481
249 482
404 356
274 17
293 30
494 20
72 31
149 251
438 125
214 380
322 179
267 243
308 15
258 423
291 371
15 436
395 428
109 71
183 20
269 23
202 33
155 187
403 23
191 369
339 267
110 444
91 202
190 144
355 477
42 17
214 272
401 364
272 479
98 326
115 266
49 141
431 206
469 498
408 488
45 436
260 95
383 431
479 139
300 433
404 490
155 200
100 264
499 498
359 195
273 155
306 103
311 447
264 106
424 95
314 452
102 44
382 327
327 391
363 85
201 23
385 332
151 165
285 394
426 141
197 281
54 498
491 499
202 396
329 208
466 442
39 109
383 444
479 152
93 345
456 168
368 321
426 262
491 391
453 99
255 380
315 394
139 168
70 334
474 158
326 31
253 455
201 265
354 278
481 53
338 270
461 340
20 109
218 353
166 163
340 50
181 471
74 345
160 119
132 286
16 340
219 174
453 112
439 214
310 292
315 407
222 179
378 463
4 222
14 415
206 356
32 469
333 168
66 53
164 359
291 171
57 4
117 55
43 69
282 351
263 109
442 340
455 279
185 418
240 125
460 394
212 292
50 230
229 232
201 399
335 362
94 7
118 364
448 239
296 407
203 179
497 397
117 176
478 118
194 359
276 169
37 412
23 248
432 416
330 405
366 62
311 126
228 357
209 115
435 192
448 131
305 348
300 4
164 372
38 4
76 259
332 185
483 354
376 228
1 85
185 431
279 66
305 469
492 295
277 370
406 255
120 423
276 182
417 121
4 477
436 134
100 185
320 188
399 252
182 483
99 485
424 16
267 69
420 311
277 262
225 72
299 21
244 85
82 252
293 206
499 311
256 324
94 262
456 89
258 370
109 18
408 314
494 317
153 24
110 391
366 317
198 440
308 83
239 212
459 252
266 86
87 380
436 497
49 88
422 370
86 384
251 488
306 387
83 86
465 151
286 445
281 101
327 446
288 491
158 381
77 456
405 258
245 40
468 314
382 274
330 84
63 494
495 151
151 112
352 102
169 395
95 217
144 338
433 212
358 38
418 89
96 38
294 282
321 156
49 451
49 222
202 464
296 328
260 405
461 395
175 38
72 354
259 446
414 91
176 448
270 46
123 292
136 231
67 397
282 285
48 118
273 465
391 457
205 38
410 470
9 163
449 398
5 421
127 118
49 464
236 290
180 395
27 301
13 403
197 483
379 231
310 360
84 54
411 183
483 288
304 57
39 311
240 301
231 481
69 419
499 3
96 293
289 193
145 414
164 427
254 357
400 411
4 411
196 352
485 226
96 414
416 355
242 468
300 409
118 432
140 191
379 473
492 350
258 183
271 122
68 22
147 86
133 188
89 81
195 19
291 481
43 379
24 137
170 191
371 181
1 382
307 196
207 258
441 425
133 309
353 312
485 468
344 492
31 32
394 84
22 212
424 192
355 358
219 497
470 79
52 320
327 259
313 361
239 146
244 261
10 94
15 438
156 148
67 76
466 310
223 323
383 312
390 207
408 490
339 390
182 443
383 433
61 382
88 256
286 500
470 92
487 490
468 248
354 146
440 149
276 492
425 26
26 280
419 211
33 441
281 277
387 444
51 229
285 167
417 323
208 149
282 98
72 288
130 495
212 39
28 218
267 500
179 387
253 336
382 221
335 109
333 36
233 98
178 162
156 403
123 226
76 114
174 457
194 106
347 385
39 232
53 167
89 349
166 44
326 33
430 90
239 293
321 332
71 157
250 159
153 455
356 60
180 329
39 353
328 227
345 396
5 476
297 96
206 466
21 457
365 1
323 4
433 401
37 401
353 112
298 176
377 469
410 417
495 461
407 348
136 299
282 353
207 179
446 461
78 65
69 245
163 109
160 363
407 240
291 294
392 346
309 348
207 300
353 125
330 407
96 240
457 182
383 4
302 308
233 474
66 297
434 464
145 361
453 477
341 7
286 71
164 374
76 490
84 351
29 415
277 251
258 9
208 417
337 302
445 64
428 420
59 294
133 243
293 195
334 4
325 413
223 136
402 138
319 369
470 13
415 77
368 2
103 485
244 195
404 184
115 310
381 429
202 198
381 200
375 126
31 316
480 179
251 356
320 190
154 423
283 308
253 136
79 249
478 483
230 418
469 434
238 13
147 383
193 499
205 361
270 490
182 377
218 34
228 493
295 254
355 305
396 306
470 255
107 203
135 36
468 182
179 79
79 141
98 383
235 388
141 201
31 329
191 318
3 496
77 445
471 372
204 257
410 96
322 249
313 429
473 381
280 252
371 370
321 24
216 496
238 255
68 103
54 205
477 271
384 80
45 385
494 440
153 147
12 208
339 337
282 32
447 136
361 96
494 211
347 198
144 327
383 380
168 455
102 101
160 42
225 437
294 42
239 106
445 211
238 147
183 211
141 214
125 206
414 80
199 155
204 270
42 437
171 322
33 388
451 147
454 152
13 150
266 330
35 168
269 106
348 399
236 158
315 222
342 325
414 201
144 340
433 214
345 330
245 392
364 343
83 330
410 230
330 207
449 158
5 410
60 346
285 464
192 273
44 109
321 158
57 48
310 228
155 391
141 456
444 228
139 346
39 408
194 53
166 220
378 399
116 399
446 274
413 97
220 456
454 394
495 166
178 230
250 335
131 118
310 120
492 97
337 223
153 402
106 61
6 123
441 51
28 407
50 166
201 335
275 284
261 120
159 338
497 333
364 477
479 464
413 339
432 352
127 241
44 472
247 343
300 169
186 67
428 354
276 226
288 51
237 5
126 137
230 231
271 3
326 464
274 8
427 250
12 8
344 481
110 314
96 416
242 470
416 357
94 306
228 306
38 411
362 13
133 190
191 131
177 196
94 427
278 19
88 124
470 189
322 62
368 178
365 432
98 317
354 14
436 312
288 185
403 135
163 419
58 137
259 127
57 437
179 134
1 276
59 483
482 320
397 478
218 210
77 271
292 196
204 312
378 199
42 21
470 202
286 381
322 75
382 89
19 37
426 132
385 94
137 29
156 271
472 19
348 441
254 25
89 217
369 500
336 323
190 40
410 43
330 20
487 263
275 84
294 97
299 212
385 215
333 25
290 392
431 102
90 38
67 91
172 336
287 323
31 397
70 325
311 451
130 376
245 97
451 431
69 100
284 25
220 40
46 153
417 325
428 154
166 154
455 28
378 333
349 275
132 48
352 280
333 38
51 352
467 38
257 457
250 269
81 231
461 223
331 342
28 341
50 100
47 354
485 28
449 334
275 218
426 387
302 55
159 272
252 234
123 349
2 288
384 390
444 175
48 175
447 446
199 344
400 334
460 385
4 105
331 234
262 400
69 234
338 395
123 470
453 116
186 1
272 41
236 347
268 299
194 121
413 165
432 178
476 450
85 70
249 178
469 181
212 296
465 476
17 57
41 414
435 304
159 406
374 65
145 242
272 283
483 466
478 122
483 237
133 353
45 240
207 73
344 307
256 423
163 232
182 245
163 3
75 119
346 353
310 430
387 125
87 358
367 412
133 245
45 361
119 81
339 313
86 133
295 243
448 485
401 181
103 487
431 23
73 315
436 138
293 318
274 76
119 431
243 497
172 28
196 422
149 81
181 262
167 364
57 492
392 482
225 76
133 487
45 374
389 184
419 26
350 192
157 26
79 372
170 261
285 211
87 492
257 149
375 370
158 372
466 259
232 92
470 149
349 88
156 447
192 141
285 103
357 208
463 375
141 324
320 326
53 211
191 441
149 444
209 495
61 331
350 205
176 318
465 155
410 219
322 372
262 92
201 82
373 337
285 453
440 98
156 339
35 278
150 265
21 380
398 101
269 216
301 434
246 498
226 260
23 160
405 262
322 493
391 98
415 455
294 394
333 93
324 44
323 48
194 163
39 289
20 47
350 447
23 52
418 322
69 168
129 219
201 95
297 32
280 388
151 466
333 214
145 163
164 176
117 101
26 471
227 461
34 332
282 168
226 273
231 351
83 224
248 291
220 458
330 101
113 332
239 471
435 117
354 458
215 114
398 235
310 122
263 47
356 238
428 343
340 230
419 294
441 53
154 225
443 99
319 292
57 292
7 471
340 351
326 453
240 184
83 466
157 415
480 102
421 461
443 220
159 461
99 181
136 477
161 241
395 179
284 348
499 236
270 413
430 402
127 364
113 466
256 249
402 74
498 11
164 431
217 294
2 369
98 77
103 421
249 246
376 287
161 133
307 187
463 175
408 239
50 302
108 472
58 126
77 139
228 308
44 487
396 121
222 493
293 373
112 483
401 357
487 131
165 80
239 29
423 375
399 432
347 242
232 26
452 258
204 193
75 308
121 195
80 157
88 247
112 375
313 365
170 316
338 129
417 422
491 371
21 193
496 486
466 314
1 399
123 96
54 491
398 35
174 327
394 330
34 24
480 370
447 193
53 37
484 489
262 376
97 43
47 222
418 135
234 314
360 453
330 22
198 391
435 38
404 496
371 319
49 268
71 27
477 449
40 448
296 145
493 430
37 150
157 215
470 446
363 91
294 220
165 335
333 148
412 212
49 160
178 45
329 443
310 164
425 151
370 215
122 113
342 153
466 448
419 336
278 397
372 261
28 222
281 402
396 389
13 328
500 446
333 40
104 217
49 281
72 413
70 340
465 344
102 292
105 38
284 40
196 156
325 41
261 56
302 57
211 464
310 406
254 282
276 41
264 475
97 298
159 395
492 46
282 465
318 159
120 403
122 247
4 228
91 116
402 237
181 9
346 113
62 354
277 242
332 178
464 105
6 422
353 237
279 59
27 481
168 191
209 229
470 4
186 245
473 9
409 290
390 11
73 304
463 1
394 130
96 473
466 6
256 196
149 70
333 416
291 419
492 409
24 75
371 119
362 299
152 489
21 6
270 481
130 178
457 307
214 320
115 314
137 73
491 305
288 242
417 127
67 14
91 371
259 184
149 312
424 251
245 20
429 366
126 328
468 65
211 143
486 82
257 259
114 210
389 186
158 253
278 318
345 79
281 94
363 133
327 210
244 441
495 23
440 87
128 495
329 256
174 382
351 15
213 81
457 441
28 264
262 202
451 138
146 256
495 144
255 199
86 390
378 498
452 447
479 321
410 450
267 438
88 207
437 95
412 267
114 344
444 219
361 221
433 326
326 200
37 97
364 226
97 111
465 278
220 447
13 154
285 347
412 388
238 272
153 164
20 278
180 267
409 90
361 342
157 283
50 157
363 388
55 6
490 163
41 108
242 98
285 468
481 114
324 396
318 93
254 337
161 109
345 455
74 406
41 458
471 42
476 157
407 286
126 7
444 353
29 111
15 176
194 178
235 179
92 396
395 168
340 232
221 52
139 242
372 450
83 347
124 348
129 463
339 7
432 235
344 122
3 58
297 47
233 291
341 53
71 229
425 461
304 171
307 176
73 9
496 112
224 407
358 407
96 407
430 283
297 168
154 348
209 55
374 351
107 7
318 456
10 74
423 243
309 407
445 2
161 243
381 246
334 171
94 189
99 304
300 294
90 484
38 294
198 246
79 66
445 123
257 72
491 10
362 125
482 190
119 138
298 369
339 370
311 308
433 5
204 182
292 66
369 249
140 426
319 428
98 429
222 495
299 190
115 369
271 128
390 79
59 474
100 246
375 185
31 375
237 251
281 28
131 498
456 29
220 18
258 310
137 249
491 252
255 241
114 265
463 190
259 131
420 493
253 316
244 496
142 485
390 321
276 485
197 155
250 18
147 334
150 80
375 198
308 373
341 321
137 262
114 278
227 155
144 157
42 146
129 34
