258
24 34
34 13
13 22
22 7
7 17
17 42
42 21
21 6
6 12
12 8
8 4
4 10
10 20
20 24
5 35
35 18
18 32
32 17
17 9
9 3
3 38
38 24
24 41
41 45
45 27
27 23
23 5
6 33
33 15
15 3
3 30
30 6
2 47
47 16
16 2
25 9
9 38
38 4
4 25
8 71
71 9
9 44
44 22
22 68
68 8
19 80
80 8
8 25
25 12
12 36
36 54
54 2
2 19
43 41
41 36
36 67
67 14
14 37
37 19
19 52
52 13
13 84
84 15
15 43
5 61
61 24
24 43
43 6
6 53
53 5
11 47
47 6
6 56
56 5
5 55
55 39
39 11
35 32
32 31
31 49
49 6
6 74
74 10
10 35
20 47
47 49
49 40
40 28
28 70
70 14
14 78
78 35
35 20
3 62
62 7
7 26
26 3
11 89
89 28
28 58
58 3
3 73
73 9
9 86
86 5
5 66
66 20
20 59
59 11
1 60
60 11
11 1
51 49
49 88
88 23
23 52
52 62
62 25
25 51
1 85
85 19
19 56
56 39
39 59
59 32
32 55
55 6
6 82
82 47
47 31
31 37
37 18
18 53
53 44
44 50
50 54
54 51
51 38
38 63
63 46
46 4
4 99
99 22
22 77
77 1
4 106
106 3
3 100
100 17
17 57
57 4
109 30
30 53
53 45
45 56
56 27
27 71
71 36
36 57
57 31
31 72
72 11
11 69
69 16
16 91
91 7
7 65
65 55
55 54
54 52
52 41
41 58
58 42
42 18
18 66
66 24
24 81
81 6
6 60
60 4
4 147
147 9
9 118
118 15
15 109
29 76
76 14
14 79
79 13
13 74
74 12
12 26
26 66
66 29
74 33
33 34
34 81
81 25
25 74
43 95
95 4
4 105
105 6
6 90
90 5
5 96
96 26
26 43
65 77
77 38
38 65
37 68
68 58
58 44
44 63
63 50
50 56
56 54
54 95
95 45
45 57
57 48
48 34
34 115
115 3
3 116
116 12
12 114
114 26
26 100
100 39
39 65
65 53
53 37
91 33
33 87
87 38
38 96
96 11
11 103
103 19
19 91
70 48
48 91
91 42
42 69
69 54
54 68
68 51
51 79
79 72
72 40
40 70
18 85
85 24
24 75
75 16
16 83
83 14
14 104
104 21
21 101
101 27
27 100
100 32
32 78
78 65
65 68
68 66
66 53
53 70
70 56
56 60
60 64
64 37
37 43
43 74
74 29
29 61
61 18
7 107
107 19
19 111
111 5
5 187
187 10
10 94
94 7
7 117
117 16
16 103
103 17
17 145
145 15
15 125
125 13
13 127
127 2
2 93
93 36
36 89
89 14
14 110
110 32
32 120
120 6
6 123
123 5
5 113
113 7
92 64
64 70
70 83
83 52
52 113
113 14
14 90
90 38
38 104
104 25
25 92
8 102
102 44
44 67
67 49
49 69
69 43
43 73
73 57
57 80
80 41
41 92
92 8
109 36
36 135
135 24
24 122
122 8
8 107
107 42
42 116
116 33
33 93
93 74
74 75
75 34
34 117
117 19
19 124
124 7
7 126
126 12
12 118
118 18
18 109
97 38
38 105
105 34
34 100
100 50
50 94
94 51
51 81
81 35
35 97
1 128
128 23
23 112
112 22
22 102
102 41
41 115
115 37
37 97
97 29
29 132
132 19
19 166
166 12
12 168
168 30
30 151
151 2
2 134
134 31
31 86
86 20
20 109
109 1
40 82
82 59
59 78
78 40
108 41
41 111
111 29
29 112
112 40
40 108
1 155
155 19
19 161
161 9
9 163
163 3
3 128
128 6
6 147
147 31
31 169
169 18
18 123
123 21
21 110
110 28
28 127
127 56
56 103
103 66
66 79
79 80
80 62
62 71
71 54
54 84
84 47
47 108
108 100
100 69
69 67
67 73
73 81
81 60
60 104
104 51
51 105
105 45
45 106
106 17
17 136
136 1
119 25
25 149
149 37
37 164
164 32
32 112
112 39
39 109
109 71
71 77
77 142
142 23
23 163
163 22
22 114
114 14
14 133
133 26
26 126
126 40
40 128
128 4
4 119
117 55
55 76
76 48
48 114
114 51
51 117
49 122
122 34
34 156
156 5
5 129
129 4
4 150
150 11
11 138
138 59
59 103
103 80
80 98
98 77
77 84
84 73
73 87
87 52
52 117
117 45
45 118
118 49
124 44
44 109
109 57
57 122
122 53
53 128
128 49
49 108
108 72
72 102
102 74
74 119
119 28
28 124
110 38
38 123
123 28
28 121
121 16
16 137
137 29
29 158
158 25
25 145
145 27
27 110
79 89
89 142
142 93
93 68
68 79
96 101
101 52
52 115
115 89
89 81
81 119
119 75
75 90
90 99
99 73
73 106
106 61
61 96
63 117
117 74
74 106
106 90
90 103
103 68
68 96
96 63
34 129
129 13
13 150
150 20
20 138
138 16
16 175
175 5
5 159
159 2
2 185
185 63
63 107
107 58
58 91
91 79
79 94
94 92
92 46
46 86
86 43
43 110
110 48
48 126
126 34
13 155
155 8
8 154
154 13
45 147
147 71
71 118
118 48
48 131
131 45
54 116
116 66
66 111
111 82
82 54
33 141
141 50
50 157
157 26
26 136
136 54
54 86
86 97
97 43
43 135
135 45
45 123
123 96
96 103
103 110
110 61
61 109
109 68
68 104
104 87
87 78
78 88
88 70
70 85
85 62
62 105
105 73
73 121
121 35
35 168
168 13
13 134
134 34
34 124
124 33
127 83
83 86
86 125
125 48
48 136
136 43
43 132
132 62
62 113
113 82
82 120
120 75
75 123
123 47
47 129
129 38
38 127
80 115
115 87
87 107
107 78
78 124
124 79
79 104
104 112
112 42
42 141
141 52
52 132
132 48
48 145
145 108
108 80
176 15
15 146
146 50
50 243
243 11
11 176
33 133
133 51
51 156
156 47
47 141
141 79
79 146
146 42
42 176
176 9
9 181
181 12
12 170
170 34
34 151
151 37
37 150
150 80
80 105
105 64
64 127
127 33
17 153
153 6
6 177
177 5
5 209
209 27
27 148
148 17
178 45
45 139
139 48
48 158
158 50
50 149
149 41
41 165
165 35
35 134
134 143
143 36
36 166
166 44
44 137
137 24
24 199
199 16
16 179
179 3
3 200
200 9
9 191
191 13
13 197
197 10
10 194
194 17
17 155
155 33
33 178
1 205
205 25
25 159
159 23
23 170
170 21
21 172
172 29
29 152
152 41
41 178
178 1
1 186
186 4
4 130
130 40
40 134
134 46
46 174
174 30
30 171
171 2
2 203
203 43
43 154
154 24
24 153
153 20
20 183
183 12
12 182
182 1
114 73
73 111
111 72
72 114
160 92
92 127
127 84
84 95
95 107
107 90
90 111
111 105
105 85
85 104
104 91
91 67
67 76
76 114
114 58
58 126
126 55
55 134
134 53
53 129
129 49
49 141
141 62
62 203
203 8
8 229
229 2
2 188
188 24
24 175
175 19
19 160
28 172
172 54
54 140
140 49
49 155
155 28
160 38
38 175
175 26
26 196
196 4
4 200
200 12
12 215
215 28
28 180
180 15
15 182
182 20
20 160
160 42
42 187
187 23
23 160
120 109
109 85
85 106
106 150
150 52
52 178
178 55
55 128
128 60
60 129
129 82
82 123
123 87
87 126
126 94
94 115
115 81
81 114
114 86
86 121
121 95
95 120
65 140
140 58
58 137
137 64
64 136
136 90
90 116
116 91
91 111
111 97
97 88
88 124
124 107
107 120
120 105
105 122
122 76
76 113
113 77
77 117
117 65
8 224
224 37
37 199
199 64
64 164
164 48
48 208
208 12
12 219
219 8
46 171
171 42
42 180
180 30
30 179
179 26
26 185
185 18
18 195
195 19
19 186
186 20
20 235
235 5
5 240
240 8
8 222
222 4
4 207
207 73
73 137
137 74
74 130
130 57
57 149
149 83
83 147
147 58
58 161
161 46
160 50
50 166
166 46
46 153
153 89
89 118
118 119
119 106
106 113
113 100
100 145
145 65
65 151
151 53
53 174
174 59
59 158
158 49
49 160
134 78
78 132
132 77
77 134
135 75
75 154
154 65
65 156
156 53
53 165
165 56
56 135
88 154
154 82
82 144
144 86
86 133
133 69
69 141
141 61
61 157
157 53
53 167
167 67
67 148
148 66
66 135
135 88
163 52
52 196
196 41
41 162
162 38
38 163
88 163
163 86
86 147
147 153
153 88
209 22
22 216
216 18
18 200
200 13
13 239
239 20
20 212
212 9
9 224
224 24
24 219
219 58
58 149
149 81
81 137
137 78
78 179
179 40
40 189
189 14
14 191
191 88
88 134
134 72
72 138
138 57
57 160
160 6
6 209
34 198
198 21
21 193
193 3
3 234
234 29
29 192
192 23
23 201
201 31
31 184
184 34
168 69
69 173
173 36
36 168
139 77
77 138
138 158
158 75
75 168
168 60
60 139
91 139
139 85
85 132
132 91
32 193
193 53
53 159
159 61
61 172
172 81
81 180
180 56
56 171
171 50
50 199
199 48
48 175
175 54
54 176
176 44
44 195
195 36
36 212
212 22
22 225
225 26
26 182
182 32
97 133
133 121
121 130
130 97
157 104
104 110
110 111
111 128
128 87
87 141
141 97
97 164
164 75
75 185
185 32
32 191
191 40
40 190
190 39
39 152
152 74
74 151
151 70
70 149
149 71
71 157
157 82
82 160
160 80
80 157
101 117
117 127
127 112
112 134
134 95
95 135
135 98
98 101
101 103
103 126
126 102
102 101
94 171
171 74
74 162
162 101
101 118
118 146
146 94
148 109
109 138
138 119
119 147
147 97
97 195
195 52
52 181
181 56
56 182
182 42
42 190
190 51
51 187
187 76
76 148
107 126
126 148
148 85
85 155
155 68
68 140
140 112
112 151
151 117
117 172
172 106
106 135
135 125
125 107
99 133
133 110
110 115
115 116
116 128
128 122
122 113
113 132
132 107
107 166
166 65
65 165
165 80
80 176
176 94
94 129
129 99
124 96
96 140
140 139
139 99
99 157
157 91
91 124
113 142
142 110
110 137
137 105
105 161
161 103
103 131
131 123
123 118
118 154
154 93
93 170
170 49
49 202
202 33
33 192
192 42
42 193
193 45
45 183
183 98
98 163
163 100
100 141
141 130
130 126
126 111
111 133
133 113
25 225
225 77
77 156
156 107
107 150
150 113
113 124
124 136
136 72
72 177
177 35
35 194
194 38
38 197
197 14
14 204
204 46
46 207
207 25
34 220
220 18
18 228
228 4
4 231
231 25
25 238
238 13
13 218
218 34
209 59
59 183
183 57
57 191
191 74
74 199
199 52
52 219
219 34
34 211
211 12
12 209
1 232
232 21
21 209
209 10
10 230
230 1
253 25
25 244
244 24
24 234
234 4
4 236
236 19
19 222
222 12
12 279
279 29
29 239
239 14
14 231
231 15
15 232
232 18
18 253
212 76
76 193
193 44
44 212
208 74
74 196
196 57
57 208
155 151
151 121
121 144
144 84
84 149
149 155
53 211
211 116
116 133
133 114
114 124
124 137
137 126
126 147
147 150
150 155
155 113
113 159
159 72
72 173
173 99
99 168
168 96
96 187
187 97
97 152
152 87
87 175
175 106
106 194
194 53
247 12
12 223
223 30
30 215
215 53
53 201
201 38
38 205
205 54
54 184
184 82
82 169
169 62
62 208
208 50
50 212
212 39
39 209
209 40
40 220
220 36
36 253
253 2
2 247
198 56
56 190
190 47
47 198
124 168
168 113
113 160
160 110
110 164
164 114
114 161
161 109
109 157
157 139
139 146
146 124
176 131
131 118
118 127
127 132
132 138
138 159
159 121
121 160
160 119
119 173
173 101
101 170
170 95
95 176
156 145
145 163
163 109
109 170
170 103
103 171
171 105
105 180
180 106
106 176
176 87
87 162
162 85
85 149
149 124
124 156
128 127
127 136
136 162
162 93
93 167
167 143
143 138
138 156
156 120
120 128
127 165
165 135
135 123
123 144
144 127
245 36
36 231
231 127
127 148
148 156
156 142
142 128
128 179
179 79
79 182
182 62
62 198
198 42
42 247
247 20
20 245
246 16
16 218
218 28
28 258
258 9
9 242
242 8
8 262
262 12
12 250
250 18
18 240
240 50
50 230
230 26
26 245
245 13
13 246
5 256
256 2
2 325
325 6
6 249
249 15
15 237
237 5
215 45
45 204
204 68
68 197
197 72
72 174
174 71
71 218
218 43
43 224
224 41
41 215
112 175
175 102
102 191
191 118
118 171
171 112
46 238
238 63
63 190
190 91
91 181
181 55
55 220
220 45
45 241
241 7
7 259
259 4
4 275
275 48
48 224
224 52
52 221
221 22
22 222
222 49
49 189
189 81
81 203
203 112
112 170
170 134
134 154
154 148
148 133
133 152
152 115
115 166
166 111
111 197
197 90
90 178
178 69
69 186
186 67
67 215
215 38
38 236
236 23
23 248
248 5
5 266
266 3
3 226
226 17
17 213
213 33
33 217
217 46
246 46
46 214
214 42
42 246
209 83
83 207
207 55
55 209
1 261
261 5
5 257
257 20
20 252
252 8
8 264
264 15
15 281
281 21
21 240
240 28
28 222
222 27
27 228
228 85
85 188
188 67
67 212
212 66
66 209
209 54
54 206
206 56
56 217
217 40
40 253
253 49
49 246
246 1
22 289
289 34
34 251
251 22
271 15
15 285
285 7
7 272
272 32
32 294
294 3
3 271
31 228
228 38
38 222
222 31
232 39
39 222
222 47
47 223
223 27
27 237
237 19
19 267
267 30
30 235
235 26
26 232
204 80
80 177
177 136
136 203
203 107
107 199
199 81
81 213
213 35
35 200
200 91
91 202
202 64
64 221
221 55
55 222
222 68
68 210
210 57
57 204
40 248
248 35
35 229
229 51
51 192
192 60
60 206
206 81
81 204
204 88
88 216
216 73
73 220
220 56
56 226
226 45
45 232
232 40
256 42
42 251
251 40
40 245
245 28
28 249
249 31
31 256
64 237
237 54
54 239
239 58
58 233
233 64
214 98
98 186
186 82
82 200
200 87
87 198
198 101
101 182
182 96
96 169
169 114
114 176
176 122
122 149
149 137
137 238
238 64
64 214
214 84
84 207
207 88
88 226
226 62
62 224
224 83
83 214
146 166
166 125
125 141
141 149
149 146
167 149
149 152
152 146
146 140
140 157
157 117
117 176
176 123
123 177
177 169
169 130
130 167
254 25
25 285
285 167
167 104
104 198
198 102
102 190
190 67
67 211
211 65
65 189
189 94
94 214
214 79
79 258
258 35
35 256
256 10
10 271
271 12
12 268
268 22
22 257
257 14
14 278
278 11
11 254
17 263
263 19
19 242
242 17
2 288
288 23
23 269
269 2
270 20
20 282
282 2
2 273
273 55
55 228
228 45
45 265
265 17
17 270
22 287
287 8
8 274
274 17
17 275
275 22
277 31
31 312
312 13
13 277
16 277
277 10
10 324
324 3
3 296
296 17
17 295
295 22
22 270
270 9
9 259
259 14
14 264
264 28
28 272
272 16
69 234
234 47
47 259
259 36
36 274
274 20
20 284
284 25
25 277
277 28
28 281
281 80
80 209
209 69
1 276
276 26
26 268
268 18
18 278
278 35
35 310
310 22
22 301
301 9
9 315
315 12
12 305
305 68
68 241
241 61
61 236
236 53
53 243
243 69
69 208
208 82
82 201
201 60
60 225
225 37
37 283
283 16
16 254
254 1
255 52
52 264
264 24
24 255
178 143
143 189
189 103
103 178
129 176
176 130
130 199
199 110
110 178
178 113
113 180
180 111
111 174
174 129
212 92
92 228
228 62
62 239
239 57
57 231
231 81
81 212
201 110
110 212
212 71
71 184
184 96
96 185
185 100
100 196
196 106
106 215
215 97
97 226
226 94
94 204
204 108
108 190
190 115
115 183
183 95
95 201
43 267
267 52
52 260
260 14
14 291
291 31
31 281
281 36
36 287
287 27
27 244
244 51
51 230
230 73
73 217
217 89
89 209
209 106
106 198
198 105
105 201
201 120
120 178
178 129
129 220
220 74
74 269
269 54
54 257
257 38
38 242
242 47
47 253
253 65
65 262
262 43
286 20
20 278
278 19
19 292
292 2
2 286
11 293
293 2
2 297
297 32
32 282
282 42
42 270
270 57
57 264
264 60
60 219
219 70
70 251
251 51
51 288
288 18
18 271
271 41
41 250
250 66
66 223
223 82
82 227
227 59
59 279
279 33
33 295
295 21
21 286
286 11
11 326
326 17
17 345
345 5
5 313
313 13
13 328
328 3
3 325
325 11
61 349
349 11
11 300
300 4
4 276
276 45
45 240
240 79
79 234
234 85
85 260
260 53
53 242
242 61
263 61
61 268
268 49
49 281
281 55
55 274
274 38
38 263
43 270
270 47
47 263
263 43
15 293
293 31
31 292
292 24
24 343
343 12
12 319
319 7
7 299
299 27
27 290
290 34
34 291
291 15
162 156
156 151
151 162
128 204
204 103
103 226
226 123
123 197
197 137
137 184
184 121
121 190
190 165
165 151
151 173
173 132
132 172
172 133
133 161
161 128
99 207
207 91
91 210
210 114
114 174
174 135
135 185
185 111
111 187
187 155
155 196
196 119
119 186
186 128
128 164
164 153
153 162
162 146
146 183
183 131
131 181
181 99
104 195
195 100
100 188
188 133
133 190
190 130
130 178
178 136
136 193
193 104
242 111
111 214
214 102
102 211
211 86
86 208
208 91
91 221
221 74
74 236
236 70
70 235
235 90
90 232
232 88
88 217
217 104
104 200
200 109
109 230
230 98
98 242
255 58
58 252
252 95
95 217
217 108
108 213
213 101
101 242
242 99
99 218
218 78
78 222
222 96
96 192
192 67
67 225
225 75
75 224
224 71
71 259
259 64
64 256
256 40
40 296
296 15
15 308
308 43
43 255
225 76
76 233
233 84
84 223
223 136
136 180
180 135
135 182
182 117
117 201
201 113
113 194
194 121
121 205
205 72
72 225
81 247
247 105
105 207
207 115
115 209
209 107
107 206
206 134
134 179
179 156
156 186
186 125
125 225
225 83
83 243
243 81
71 279
279 66
66 265
265 71
298 25
25 328
328 16
16 340
340 28
28 339
339 7
7 321
321 33
33 300
300 18
18 303
303 15
15 305
305 19
19 298
39 294
294 38
38 280
280 26
26 298
298 23
23 289
289 39
244 73
73 272
272 41
41 276
276 40
40 292
292 48
48 303
303 39
39 244
53 278
278 72
72 257
257 56
56 261
261 53
53 295
295 46
46 270
270 53
70 350
350 21
21 299
299 70
69 364
364 23
23 302
302 10
10 357
357 11
11 368
368 2
2 333
333 25
25 301
301 70
70 271
271 53
53 266
266 60
60 307
307 36
36 315
315 30
30 293
293 51
51 273
273 67
67 267
267 69
255 101
101 280
280 40
40 312
312 42
42 294
294 69
69 245
245 76
76 259
259 74
74 241
241 85
85 244
244 77
77 268
268 71
71 229
229 110
110 248
248 81
81 255
239 90
90 241
241 86
86 239
142 164
164 152
152 159
159 142
190 151
151 182
182 158
158 186
186 180
180 141
141 192
192 126
126 144
144 181
181 140
140 176
176 164
164 163
163 150
150 170
170 138
138 190
190 147
147 144
144 157
157 148
148 202
202 132
132 233
233 98
98 234
234 102
102 217
217 100
100 210
210 133
133 211
211 143
143 190
208 147
147 197
197 124
124 236
236 97
97 245
245 75
75 250
250 82
82 264
264 58
58 296
296 52
52 290
290 53
53 282
282 132
132 208
142 198
198 117
117 210
210 159
159 154
154 225
225 133
133 218
218 109
109 216
216 134
134 208
208 87
87 240
240 96
96 244
244 86
86 272
272 84
84 246
246 100
100 221
221 152
152 171
171 170
170 174
174 144
144 190
190 142
106 240
240 88
88 243
243 122
122 222
222 92
92 268
268 79
79 249
249 87
87 231
231 104
104 223
223 154
154 166
166 175
175 138
138 191
191 131
131 204
204 135
135 194
194 142
142 187
187 129
129 239
239 106
288 87
87 261
261 76
76 274
274 71
71 282
282 60
60 285
285 41
41 292
292 57
57 288
107 243
243 102
102 273
273 65
65 288
288 89
89 231
231 107
106 254
254 90
90 251
251 94
94 246
246 107
107 242
242 106
161 157
157 191
191 140
140 201
201 141
141 184
184 148
148 189
189 178
178 162
162 168
168 139
139 161
190 182
182 185
185 161
161 190
169 190
190 179
179 149
149 177
177 144
144 192
192 153
153 181
181 169
169 196
196 156
156 192
192 148
148 197
197 155
155 200
200 117
117 209
209 151
151 207
207 139
139 188
188 169
91 232
232 115
115 230
230 173
173 174
174 222
222 142
142 201
201 168
168 191
191 178
178 202
202 165
165 193
193 169
169 237
237 93
93 235
235 136
136 231
231 103
103 227
227 91
88 282
282 86
86 266
266 64
64 277
277 45
45 283
283 50
50 302
302 57
57 294
294 73
73 252
252 82
82 262
262 103
103 285
285 61
61 275
275 84
84 288
288 72
72 281
281 91
91 249
249 102
102 257
257 95
95 260
260 94
94 256
256 88
318 26
26 297
297 20
20 318
304 37
37 309
309 49
49 318
318 14
14 311
311 10
10 304
40 313
313 20
20 330
330 22
22 317
317 4
4 314
314 32
32 332
332 35
35 299
299 45
45 293
293 86
86 284
284 40
1 323
323 4
4 335
335 18
18 325
325 8
8 331
331 16
16 336
336 33
33 326
326 31
31 316
316 27
27 301
301 40
40 305
305 84
84 286
286 71
71 287
287 56
56 263
263 77
77 269
269 83
83 310
310 48
48 306
306 39
39 304
304 99
99 276
276 59
59 294
294 72
72 295
295 66
66 292
292 65
65 275
275 102
102 259
259 88
88 247
247 106
106 255
255 1
1 360
360 7
7 341
341 1
323 24
24 321
321 20
20 323
36 332
332 34
34 320
320 36
47 316
316 46
46 305
305 47
329 47
47 297
297 29
29 311
311 48
48 321
321 26
26 346
346 3
3 362
362 19
19 329
329 32
32 327
327 26
26 337
337 6
6 333
333 9
9 331
331 27
27 329
301 59
59 302
302 55
55 322
322 45
45 301
38 325
325 37
37 320
320 52
52 306
306 61
61 315
315 57
57 304
304 71
71 301
301 63
63 263
263 88
88 274
274 90
90 270
270 75
75 293
293 64
64 308
308 38
14 334
334 4
4 367
367 7
7 395
395 17
17 359
359 8
8 333
333 38
38 344
344 30
30 329
329 36
36 323
323 14
354 28
28 341
341 27
27 362
362 13
13 355
355 6
6 354
206 125
125 223
223 116
116 214
214 119
119 280
280 112
112 206
219 124
124 206
206 118
118 252
252 98
98 246
246 122
122 255
255 108
108 219
114 242
242 115
115 243
243 171
171 183
183 149
149 230
230 133
133 245
245 129
129 219
219 117
117 254
254 120
120 215
215 114
262 117
117 240
240 133
133 242
242 126
126 205
205 146
146 194
194 163
163 166
166 184
184 162
162 229
229 114
114 251
251 104
104 241
241 109
109 232
232 92
92 262
94 270
270 98
98 267
267 74
74 278
278 83
83 295
295 75
75 279
279 76
76 263
263 95
95 268
268 111
111 262
262 94
214 151
151 210
210 139
139 211
211 146
146 219
219 158
158 223
223 137
137 209
209 118
118 214
247 122
122 262
262 114
114 259
259 118
118 251
251 115
115 247
121 273
273 129
129 247
247 138
138 208
208 149
149 195
195 121
176 210
210 157
157 194
194 164
164 206
206 141
141 216
216 143
143 242
242 139
139 221
221 149
149 226
226 121
121 214
214 161
161 192
192 184
184 190
190 176
215 162
162 187
187 180
180 212
212 157
157 215
175 194
194 177
177 196
196 174
174 215
215 145
145 160
160 203
203 179
179 222
222 176
176 172
172 193
193 175
265 114
114 277
277 77
77 271
271 134
134 224
224 147
147 238
238 150
150 209
209 166
166 195
195 175
175 199
199 155
155 240
240 125
125 267
267 104
104 265
94 288
288 102
102 292
292 74
74 281
281 133
133 243
243 159
159 220
220 166
166 231
231 149
149 251
251 119
119 234
234 146
146 257
257 109
109 263
263 124
124 265
265 100
100 264
264 94
106 269
269 108
108 261
261 125
125 241
241 127
127 259
259 126
126 270
270 109
109 283
283 90
90 278
278 116
116 264
264 106
278 124
124 272
272 113
113 307
307 82
82 258
258 93
93 287
287 136
136 253
253 97
97 274
274 119
119 276
276 103
103 310
310 104
104 275
275 98
98 282
282 92
92 278
297 77
77 298
298 62
62 318
318 71
71 309
309 99
99 348
348 9
9 338
338 42
42 313
313 66
66 297
41 378
378 3
3 372
372 13
13 363
363 5
5 351
351 49
49 320
320 41
59 313
313 53
53 321
321 61
61 327
327 90
90 305
305 63
63 323
323 48
48 331
331 20
20 336
336 37
37 329
329 31
31 347
347 4
4 356
356 41
41 325
325 70
70 312
312 65
65 296
296 81
81 281
281 83
83 294
294 97
97 266
266 100
100 286
286 96
96 297
297 51
51 303
303 59
38 373
373 26
26 335
335 31
31 341
341 53
53 338
338 50
50 299
299 77
77 303
303 73
73 301
301 75
75 358
358 38
365 38
38 368
368 23
23 375
375 6
6 369
369 2
2 374
374 5
5 421
421 36
36 333
333 29
29 336
336 59
59 306
306 95
95 278
278 106
106 271
271 94
94 300
300 56
56 316
316 55
55 332
332 58
58 311
311 39
39 354
354 14
14 365
328 65
65 318
318 77
77 320
320 51
51 328
20 431
431 56
56 322
322 61
61 328
328 45
45 361
361 14
14 372
372 7
7 371
371 15
15 351
351 20
1 399
399 14
14 397
397 20
20 340
340 18
18 345
345 37
37 357
357 31
31 367
367 22
22 365
365 1
345 51
51 352
352 30
30 345
322 83
83 308
308 75
75 322
345 79
79 322
322 62
62 325
325 81
81 298
298 117
117 296
296 93
93 318
318 85
85 293
293 96
96 289
289 76
76 315
315 73
73 304
304 64
64 323
323 78
78 313
313 72
72 339
339 44
44 324
324 43
43 340
340 50
50 346
346 33
33 366
366 8
8 387
387 10
10 353
353 39
39 345
290 98
98 291
291 106
106 287
287 100
100 324
324 64
64 325
325 80
80 332
332 63
63 344
344 67
67 290
174 219
219 155
155 213
213 157
157 214
214 141
141 234
234 137
137 227
227 142
142 232
232 163
163 201
201 174
175 205
205 128
128 236
236 160
160 221
221 153
153 255
255 148
148 234
234 156
156 225
225 168
168 207
207 165
165 232
232 154
154 265
265 150
150 243
243 141
141 218
218 174
174 216
216 185
185 197
197 175
214 211
211 183
183 181
181 170
170 191
191 214
131 228
228 145
145 235
235 156
156 241
241 143
143 236
236 158
158 225
225 214
214 184
184 204
204 182
182 220
220 186
186 226
226 195
195 198
198 203
203 175
175 217
217 131
283 120
120 261
261 122
122 249
249 138
138 259
259 131
131 260
260 121
121 280
280 123
123 256
256 140
140 315
315 118
118 283
199 206
206 170
170 224
224 177
177 217
217 180
180 216
216 187
187 181
181 192
192 197
197 204
204 193
193 178
178 199
69 330
330 93
93 306
306 74
74 304
304 153
153 253
253 157
157 230
230 178
178 194
194 192
192 226
226 199
199 207
207 179
179 227
227 155
155 258
258 138
138 289
289 122
122 271
271 108
108 291
291 119
119 293
293 94
94 281
281 152
152 283
283 112
112 290
290 54
54 331
331 72
72 323
323 69
319 55
55 366
366 65
65 333
333 40
40 319
353 81
81 330
330 84
84 319
319 88
88 298
298 98
98 300
300 108
108 281
281 101
101 288
288 100
100 316
316 66
66 321
321 77
77 353
235 190
190 213
213 212
212 196
196 181
181 255
255 160
160 249
249 137
137 244
244 182
182 223
223 164
164 230
230 166
166 235
213 223
223 196
196 256
256 146
146 239
239 135
135 228
228 207
207 203
203 213
218 210
210 213
213 221
221 179
179 215
215 183
183 218
177 252
252 128
128 271
271 143
143 246
246 139
139 248
248 142
142 244
244 163
163 233
233 172
172 225
225 185
185 218
218 180
180 236
236 177
235 207
207 232
232 168
168 274
274 105
105 279
279 115
115 266
266 165
165 241
241 161
161 238
238 174
174 237
237 175
175 209
209 170
170 247
247 177
177 235
367 66
66 355
355 58
58 338
338 104
104 314
314 76
76 302
302 107
107 268
268 179
179 235
235 147
147 242
242 145
145 263
263 110
110 287
287 112
112 353
353 33
33 388
388 12
12 383
383 4
4 374
374 30
30 377
377 19
19 372
372 37
37 371
371 39
39 367
1 382
382 13
13 386
386 6
6 405
405 8
8 376
376 18
18 356
356 42
42 367
367 69
69 340
340 62
62 326
326 46
46 361
361 48
48 345
345 32
32 365
365 28
28 375
375 31
31 370
370 1
390 11
11 381
381 23
23 393
393 26
26 419
419 6
6 410
410 5
5 404
404 2
2 411
411 4
4 390
47 395
395 44
44 343
343 43
43 379
379 40
40 369
369 25
25 356
356 68
68 367
367 45
45 362
362 34
34 359
359 57
57 342
342 27
27 374
374 47
261 170
170 264
264 125
125 287
287 121
121 261
168 261
261 126
126 280
280 141
141 248
248 144
144 208
208 181
181 202
202 191
191 216
216 238
238 172
172 241
241 174
174 253
253 158
158 250
250 159
159 251
251 155
155 243
243 168
233 208
208 188
188 201
201 206
206 260
260 168
168 234
234 183
183 233
310 120
120 297
297 106
106 310
16 407
407 14
14 412
412 2
2 427
427 20
20 398
398 7
7 415
415 54
54 394
394 3
3 399
399 29
29 334
334 70
70 335
335 94
94 306
306 122
122 310
310 115
115 288
288 171
171 248
248 204
204 216
216 197
197 233
233 164
164 282
282 127
127 281
281 109
109 299
299 91
91 371
371 45
45 375
375 47
47 354
354 62
62 390
390 15
15 380
380 21
21 351
351 16
234 214
214 233
233 200
200 198
198 202
202 224
224 220
220 193
193 218
218 209
209 234
223 226
226 217
217 223
140 280
280 146
146 263
263 159
159 272
272 140
86 311
311 101
101 323
323 132
132 286
286 150
150 300
300 121
121 294
294 86
86 308
308 111
111 303
303 129
129 302
302 86
59 343
343 60
60 346
346 61
61 331
331 86
86 295
295 140
140 267
267 156
156 271
271 208
208 256
256 223
223 234
234 188
188 242
242 201
201 225
225 187
187 247
247 183
183 246
246 161
161 243
243 162
162 270
270 130
130 293
293 124
124 285
285 116
116 301
301 91
91 329
329 71
71 360
360 32
32 374
374 35
35 365
365 63
63 337
337 59
82 330
330 83
83 347
347 60
60 356
356 43
43 380
380 22
22 385
385 19
19 384
384 52
52 336
336 78
78 327
327 64
64 326
326 87
87 344
344 76
76 321
321 82
169 245
245 178
178 249
249 228
228 169
110 278
278 157
157 259
259 173
173 261
261 169
169 231
231 205
205 206
206 251
251 166
166 279
279 128
128 318
318 99
99 350
350 87
87 327
327 82
82 351
351 27
27 372
372 79
79 361
361 59
59 352
352 72
72 333
333 148
148 266
266 142
142 269
269 110
95 339
339 75
75 355
355 71
71 376
376 43
43 365
365 72
72 354
354 87
87 358
358 77
77 331
331 74
74 309
309 114
114 278
278 113
113 336
336 82
82 334
334 55
55 372
372 45
45 374
374 84
84 351
351 85
85 322
322 92
92 298
298 136
136 297
297 139
139 281
281 151
151 277
277 145
145 280
280 156
156 321
321 95
332 102
102 322
322 98
98 317
317 100
100 330
330 117
117 303
303 112
112 325
325 89
89 333
333 93
93 332
341 74
74 356
356 91
91 304
304 108
108 322
322 125
125 303
303 119
119 298
298 97
97 332
332 113
113 346
346 95
95 319
319 124
124 299
299 141
141 292
292 123
123 295
295 110
110 314
314 127
127 340
340 70
70 341
240 213
213 243
243 193
193 230
230 186
186 240
281 187
187 240
240 184
184 286
286 142
142 281
134 290
290 152
152 293
293 156
156 284
284 134
147 285
285 134
134 275
275 126
126 268
268 164
164 265
265 160
160 258
258 180
180 263
263 205
205 264
264 212
212 239
239 221
221 215
215 235
235 181
181 245
245 193
193 246
246 191
191 244
244 147
305 108
108 347
347 150
150 287
287 126
126 324
324 128
128 308
308 107
107 305
298 151
151 303
303 149
149 257
257 204
204 252
252 188
188 254
254 144
144 294
294 133
133 305
305 139
139 351
351 104
104 348
348 103
103 306
306 131
131 298
296 181
181 262
262 137
137 339
339 107
107 309
309 141
141 302
302 138
138 295
295 130
130 296
202 271
271 159
159 318
318 184
184 259
259 262
262 202
195 230
230 224
224 209
209 229
229 195
248 206
206 216
216 233
233 215
215 229
229 231
231 192
192 227
227 220
220 230
230 199
199 255
255 209
209 274
274 195
195 244
244 196
196 237
237 194
194 249
249 200
200 257
257 185
185 248
218 225
225 232
232 211
211 249
249 219
219 241
241 176
176 265
265 188
188 266
266 204
204 270
270 212
212 290
290 160
160 268
268 162
162 278
278 213
213 248
248 186
186 245
245 182
182 263
263 202
202 246
246 198
198 218
281 154
154 267
267 166
166 258
258 230
230 231
231 233
233 266
266 217
217 236
236 218
218 203
203 269
269 144
144 340
340 142
142 291
291 137
137 275
275 155
155 273
273 168
168 308
308 143
143 307
307 156
156 296
296 145
145 298
298 147
147 281
293 195
195 279
279 168
168 293
203 257
257 233
233 246
246 216
216 244
244 237
237 235
235 224
224 234
234 242
242 203
169 300
300 155
155 298
298 159
159 277
277 173
173 280
280 157
157 283
283 177
177 268
268 169
105 332
332 129
129 358
358 98
98 326
326 161
161 275
275 169
169 276
276 203
203 293
293 163
163 281
281 146
146 304
304 105
312 156
156 310
310 126
126 311
311 120
120 325
325 121
121 301
301 172
172 272
272 186
186 253
253 178
178 265
265 190
190 254
254 196
196 280
280 182
182 276
276 176
176 298
298 166
166 287
287 158
158 333
333 111
111 329
329 130
130 312
319 137
137 320
320 112
112 314
314 115
115 327
327 109
109 309
309 145
145 312
312 105
105 319
341 121
121 342
342 145
145 319
319 96
96 341
46 374
374 62
62 366
366 58
58 363
363 90
90 338
338 92
92 354
354 89
89 349
349 88
88 344
344 114
114 336
336 155
155 301
301 146
146 328
328 126
126 341
341 46
402 21
21 421
421 24
24 405
405 15
15 402
414 27
27 402
402 75
75 357
357 46
46 397
397 31
31 400
400 9
9 414
16 442
442 7
7 408
408 39
39 383
383 33
33 382
382 66
66 373
373 45
45 385
385 40
40 386
386 23
23 398
398 25
25 414
414 41
41 387
387 16
401 25
25 409
409 11
11 428
428 6
6 422
422 10
10 408
408 18
18 381
381 35
35 391
391 49
49 370
370 32
32 406
406 16
16 401
403 30
30 389
389 51
51 393
393 55
55 385
385 63
63 368
368 68
68 377
377 48
48 399
399 13
13 403
43 431
431 23
23 403
403 21
21 410
410 43
360 96
96 331
331 109
109 335
335 101
101 330
330 118
118 337
337 64
64 395
395 76
76 360
360 85
85 363
363 103
103 357
357 81
81 360
397 67
67 383
383 60
60 372
372 107
107 360
360 77
77 364
364 105
105 359
359 99
99 334
334 100
100 371
371 92
92 361
361 80
80 384
384 22
22 421
421 27
27 454
454 4
4 416
416 43
43 442
442 52
52 397
37 392
392 70
70 388
388 61
61 382
382 47
47 378
378 45
45 409
409 69
69 419
419 76
76 397
397 57
57 379
379 50
50 391
391 37
77 391
391 59
59 381
381 53
53 374
374 77
65 375
375 79
79 389
389 32
32 398
398 51
51 417
417 22
22 404
404 19
19 426
426 3
3 423
423 13
13 427
427 31
31 413
413 77
77 369
369 65
316 159
159 307
307 147
147 311
311 134
134 324
324 141
141 316
140 324
324 172
172 305
305 160
160 322
322 140
282 209
209 265
265 201
201 258
258 183
183 295
295 165
165 291
291 168
168 282
196 300
300 175
175 250
250 215
215 271
271 212
212 286
286 188
188 312
312 149
149 340
340 156
156 339
339 160
160 315
315 162
162 285
285 189
189 275
275 164
164 278
278 196
289 193
193 250
250 199
199 247
247 216
216 255
255 228
228 263
263 191
191 301
301 165
165 302
302 200
200 291
291 171
171 303
303 152
152 292
292 196
196 288
288 185
185 259
259 219
219 282
282 198
198 296
296 169
169 284
284 187
187 287
287 167
167 289
273 192
192 272
272 179
179 273
316 171
171 304
304 208
208 277
277 223
223 258
258 207
207 251
251 220
220 279
279 204
204 273
273 170
170 289
289 177
177 332
332 106
106 354
354 130
130 336
336 132
132 327
327 127
127 326
326 140
140 317
317 108
108 323
323 144
144 335
335 143
143 316
65 378
378 73
73 400
400 58
58 394
394 80
80 373
373 109
109 348
348 163
163 324
324 170
170 316
316 116
116 356
356 94
94 355
355 119
119 352
352 102
102 405
405 99
99 365
365 86
86 385
385 82
82 362
362 83
83 382
382 79
79 376
376 85
85 379
379 64
64 345
345 74
74 406
406 71
71 370
370 65
81 392
392 78
78 343
343 113
113 381
381 74
74 396
396 79
79 390
390 83
83 383
383 81
1 432
432 11
11 411
411 29
29 408
408 14
14 415
415 62
62 380
380 90
90 383
383 85
85 388
388 81
81 376
376 93
93 345
345 111
111 347
347 115
115 334
334 106
106 344
344 101
101 368
368 89
89 385
385 92
92 374
374 65
65 412
412 37
37 401
401 1
14 449
449 3
3 451
451 6
6 439
439 8
8 430
430 18
18 411
411 15
15 437
437 21
21 432
432 26
26 425
425 25
25 427
427 14
14 453
453 21
21 445
445 2
2 444
444 14
32 432
432 34
34 416
416 57
57 418
418 38
38 411
411 48
48 413
413 32
5 448
448 32
32 475
475 14
14 435
435 5
28 428
428 60
60 426
426 49
49 409
409 53
53 403
403 59
59 404
404 46
46 421
421 55
55 429
429 10
10 436
436 15
15 435
435 54
54 431
431 50
50 410
410 83
83 393
393 63
63 398
398 35
35 414
414 45
45 407
407 28
1 479
479 10
10 450
450 28
28 447
447 5
5 433
433 1
436 27
27 445
445 26
26 433
433 18
18 455
455 15
15 438
438 39
39 420
420 12
12 436
37 433
433 53
53 420
420 57
57 417
417 67
67 408
408 30
30 439
439 20
20 437
437 35
35 427
427 29
29 415
415 37
345 108
108 355
355 97
97 379
379 100
100 345
112 330
330 120
120 313
313 149
149 329
329 112
124 348
348 113
113 357
357 112
112 375
375 108
108 364
364 91
91 363
363 122
122 344
344 126
126 342
342 124
309 154
154 348
348 126
126 381
381 114
114 346
346 121
121 352
352 124
124 365
365 103
103 373
373 86
86 370
370 116
116 338
338 129
129 345
345 125
125 353
353 133
133 309
243 264
264 211
211 245
245 263
263 248
248 232
232 229
229 239
239 243
251 250
250 237
237 251
225 255
255 241
241 244
244 242
242 251
251 234
234 225
314 197
197 281
281 205
205 273
273 219
219 271
271 225
225 227
227 226
226 238
238 261
261 243
243 267
267 180
180 299
299 136
136 309
309 178
178 289
289 188
188 292
292 212
212 272
272 207
207 287
287 206
206 303
303 202
202 278
278 174
174 304
304 173
173 314
186 321
321 158
158 310
310 177
177 315
315 182
182 305
305 186
226 260
260 224
224 254
254 226
270 226
226 236
236 274
274 211
211 270
268 229
229 270
270 210
210 275
275 217
217 268
220 276
276 219
219 275
275 218
218 256
256 220
187 304
304 199
199 259
259 286
286 215
215 287
287 265
265 220
220 281
281 224
224 268
268 194
194 283
283 213
213 313
313 135
135 323
323 159
159 329
329 180
180 294
294 198
198 292
292 190
190 311
311 186
186 285
285 187
231 258
258 244
244 254
254 270
270 239
239 231
227 255
255 238
238 227
307 194
194 285
285 227
227 252
252 234
234 260
260 264
264 245
245 231
231 236
236 249
249 256
256 232
232 298
298 188
188 323
323 158
158 327
327 144
144 338
338 162
162 318
318 166
166 307
307 200
200 305
305 260
260 244
244 261
261 241
241 266
266 237
237 269
269 216
216 304
304 196
196 319
319 157
157 330
330 138
138 309
309 164
164 310
310 168
168 297
297 174
174 318
318 176
176 307
134 336
336 168
168 333
333 192
192 307
307 187
187 316
316 208
208 314
314 134
127 341
341 134
134 331
331 127
117 395
395 92
92 389
389 86
86 384
384 117
22 450
450 18
18 435
435 19
19 451
451 23
23 462
462 8
8 444
444 67
67 421
421 78
78 400
400 117
117 364
364 127
127 360
360 110
110 359
359 106
106 378
378 68
68 413
413 74
74 402
402 58
58 423
423 22
1 463
463 26
26 471
471 7
7 466
466 6
6 469
469 2
2 465
465 22
22 441
441 33
33 422
422 37
37 436
436 11
11 434
434 34
34 458
458 1
44 439
439 34
34 464
464 20
20 456
456 5
5 460
460 4
4 482
482 2
2 498
498 10
10 491
491 16
16 424
424 13
13 446
446 33
33 448
448 40
40 411
411 44
19 492
492 23
23 469
469 32
32 460
460 37
37 441
441 36
36 427
427 43
43 443
443 41
41 433
433 60
60 429
429 93
93 385
385 94
94 384
384 89
89 382
382 88
88 380
380 87
87 370
370 106
106 401
401 42
42 437
437 54
54 448
448 44
44 436
436 48
48 452
452 28
28 486
486 19
481 11
11 457
457 21
21 456
456 31
31 474
474 22
22 466
466 13
13 465
465 3
3 496
496 19
19 472
472 7
7 481
35 463
463 5
5 459
459 28
28 455
455 35
4 477
477 35
35 460
460 50
50 461
461 4
131 355
355 129
129 376
376 136
136 345
345 135
135 350
350 131
91 402
402 111
111 362
362 133
133 374
374 124
124 356
356 128
128 359
359 131
131 334
334 171
171 322
322 166
166 346
346 139
139 336
336 141
141 382
382 100
100 392
392 94
94 388
388 91
434 57
57 437
437 64
64 399
399 61
61 455
455 82
82 407
407 81
81 444
444 84
84 394
394 95
95 349
349 123
123 385
385 107
107 386
386 97
97 367
367 130
130 360
360 129
129 377
377 106
106 383
383 98
98 391
391 86
86 390
390 91
91 429
429 62
62 473
473 9
9 497
497 4
4 470
470 12
12 434
25 459
459 33
33 478
478 22
22 494
494 20
20 487
487 12
12 493
493 39
39 454
454 58
58 411
411 46
46 415
415 47
47 434
434 24
24 450
450 25
96 410
410 70
70 413
413 72
72 366
366 133
133 363
363 110
110 372
372 96
257 259
259 258
258 234
234 257
296 235
235 271
271 234
234 272
272 214
214 277
277 216
216 295
295 230
230 302
302 205
205 296
290 233
233 296
296 212
212 299
299 190
190 316
316 206
206 293
293 255
255 249
249 246
246 257
257 232
232 278
278 228
228 290
104 379
379 102
102 380
380 103
103 367
367 120
120 343
343 211
211 285
285 218
218 284
284 253
253 252
252 257
257 270
270 261
261 273
273 226
226 276
276 234
234 277
277 242
242 288
288 229
229 314
314 236
236 290
290 231
231 289
289 204
204 301
301 198
198 300
300 207
207 330
330 186
186 317
317 167
167 309
309 181
181 344
344 176
176 357
357 135
135 355
355 139
139 360
360 151
151 320
320 147
147 334
334 157
157 338
338 159
159 339
339 168
168 349
349 101
101 408
408 86
86 407
407 96
96 361
361 115
115 369
369 104
449 42
42 495
495 23
23 498
498 11
11 483
483 22
22 482
482 24
24 435
435 46
46 492
492 40
40 449
51 447
447 57
57 463
463 46
46 449
449 54
54 438
438 45
45 436
436 53
53 441
441 51
80 414
414 105
105 390
390 89
89 396
396 92
92 403
403 79
79 428
428 69
69 422
422 47
47 440
440 38
38 435
435 81
81 425
425 108
108 397
397 80
364 132
132 367
367 143
143 360
360 147
147 362
362 125
125 347
347 118
118 364
354 216
216 287
287 240
240 268
268 267
267 251
251 271
271 238
238 275
275 222
222 315
315 210
210 293
293 223
223 295
295 233
233 291
291 213
213 297
297 214
214 306
306 146
146 354
325 172
172 336
336 149
149 325
356 142
142 374
374 141
141 342
342 154
154 325
325 153
153 320
320 175
175 348
348 155
155 345
345 140
140 356
354 195
195 365
365 138
138 363
363 156
156 356
356 164
164 354
364 142
142 379
379 127
127 380
380 135
135 386
386 110
110 378
378 180
180 349
349 191
191 318
318 188
188 324
324 167
167 356
356 175
175 328
328 178
178 332
332 184
184 327
327 174
174 322
322 179
179 354
354 126
126 371
371 119
119 364
375 120
120 384
384 135
135 399
399 116
116 375
398 89
89 406
406 90
90 393
393 121
121 390
390 106
106 423
423 63
63 431
431 55
55 432
432 75
75 413
413 109
109 405
405 103
103 389
389 118
118 372
372 128
128 378
378 115
115 373
373 126
126 375
375 129
129 364
364 122
122 387
387 68
68 398
66 459
459 30
30 471
471 42
42 457
457 55
55 441
441 62
62 439
439 87
87 427
427 47
47 424
424 95
95 402
402 121
121 396
396 101
101 398
398 80
80 400
400 85
85 453
453 51
51 415
415 104
104 392
392 114
114 451
451 49
49 464
464 56
56 442
442 83
83 420
420 66
66 440
440 53
53 465
465 73
73 417
417 85
85 422
422 97
97 413
413 79
79 426
426 78
78 436
436 93
93 453
453 94
94 427
427 89
89 418
418 59
59 411
411 86
86 415
415 77
77 449
449 74
74 419
419 71
71 460
460 43
43 446
446 27
27 467
467 33
33 469
469 31
31 479
479 47
47 471
471 32
32 470
470 13
13 480
480 45
45 443
443 69
69 431
431 66
137 383
383 147
147 371
371 137
144 366
366 152
152 360
360 144
481 80
80 421
421 98
98 402
402 131
131 368
368 142
142 377
377 144
144 398
398 114
114 394
394 118
118 411
411 102
102 391
391 110
110 389
389 124
124 387
387 125
125 400
400 119
119 372
372 137
137 337
337 161
161 338
338 187
187 376
376 130
130 420
420 86
86 471
471 74
74 469
469 53
53 496
496 26
26 480
480 62
62 457
457 66
66 466
466 25
25 481
31 500
500 15
15 499
499 3
3 490
490 47
47 489
489 31
481 37
37 487
487 44
44 472
472 42
42 480
480 35
35 481
437 65
65 455
455 64
64 445
445 38
38 467
467 75
75 450
450 59
59 437
63 447
447 89
89 433
433 107
107 429
429 98
98 424
424 101
101 442
442 63
498 54
54 491
491 29
29 456
456 38
38 498
41 498
498 46
46 485
485 28
28 488
488 25
25 468
468 41
458 61
61 464
464 58
58 477
477 41
41 458
48 476
476 51
51 462
462 48
409 90
90 407
407 100
100 388
388 128
128 392
392 154
154 343
343 149
149 342
342 153
153 384
384 145
145 361
361 123
123 397
397 122
122 402
402 106
106 403
403 111
111 441
441 70
70 493
493 48
48 458
458 63
63 437
437 88
88 409
68 435
435 95
95 437
437 92
92 404
404 91
91 406
406 116
116 409
409 68
91 415
415 96
96 414
414 91
337 186
186 357
357 200
200 326
326 172
172 337
362 164
164 359
359 172
172 342
342 171
171 351
351 189
189 337
337 158
158 355
355 146
146 331
331 203
203 329
329 167
167 335
335 165
165 347
347 190
190 320
320 188
188 333
333 182
182 346
346 176
176 375
375 160
160 363
363 155
155 362
103 412
412 110
110 406
406 103
103 416
416 96
96 431
431 106
106 415
415 103
138 389
389 112
112 415
415 120
120 403
403 131
131 405
405 111
111 424
424 116
116 443
443 99
99 417
417 77
77 445
445 76
76 448
448 97
97 437
437 100
100 428
428 102
102 418
418 103
103 413
413 141
141 411
411 126
126 400
400 145
145 397
397 134
134 385
385 138
407 114
114 418
418 112
112 407
440 96
96 422
422 103
103 421
421 114
114 433
433 105
105 417
417 121
121 415
415 128
128 416
416 125
125 407
407 138
138 402
402 150
150 372
372 146
146 366
366 155
155 377
377 182
182 334
334 167
167 361
361 161
161 339
339 177
177 386
386 157
157 362
362 153
153 352
352 140
140 353
353 170
170 434
434 91
91 447
447 65
65 476
476 70
70 465
465 82
82 457
457 69
69 461
461 81
81 440
364 162
162 350
350 183
183 294
294 193
193 312
312 215
215 308
308 234
234 283
283 272
272 238
238 303
303 207
207 318
318 219
219 280
280 246
246 263
263 289
289 270
270 274
274 254
254 256
256 307
307 196
196 316
316 199
199 309
309 198
198 351
351 181
181 355
355 187
187 352
352 167
167 343
343 158
158 381
381 127
127 396
396 140
140 364
185 332
332 196
196 320
320 205
205 316
316 217
217 294
294 222
222 305
305 229
229 295
295 238
238 299
299 231
231 325
325 198
198 331
331 199
199 327
327 185
245 313
313 221
221 310
310 220
220 294
294 245
228 306
306 245
245 269
269 251
251 277
277 241
241 290
290 240
240 301
301 228
225 310
310 228
228 308
308 225
328 197
197 350
350 192
192 337
337 198
198 349
349 225
225 285
285 267
267 275
275 252
252 305
305 247
247 276
276 243
243 304
304 232
232 318
318 208
208 324
324 194
194 328
169 340
340 219
219 328
328 185
185 335
335 169
201 312
312 202
202 311
311 224
224 292
292 201
364 166
166 347
347 204
204 312
312 209
209 300
300 201
201 335
335 206
206 338
338 169
169 339
339 173
173 353
353 149
149 358
358 148
148 364
342 184
184 345
345 198
198 347
347 173
173 342
358 169
169 363
363 171
171 368
368 178
178 359
359 167
167 358
117 414
414 153
153 402
402 162
162 382
382 163
163 371
371 200
200 368
368 185
185 358
358 193
193 333
333 214
214 320
320 232
232 308
308 255
255 306
306 241
241 280
280 252
252 282
282 254
254 277
277 259
259 292
292 227
227 328
328 228
228 335
335 223
223 323
323 202
202 360
360 181
181 353
353 179
179 339
339 196
196 344
344 199
199 347
347 203
203 342
342 188
188 370
370 133
133 391
391 124
124 390
390 166
166 381
381 165
165 364
364 164
164 374
374 170
170 362
362 159
159 406
406 117
113 439
439 90
90 430
430 117
117 408
408 113
492 74
74 499
499 47
47 492
446 84
84 445
445 99
99 453
453 116
116 439
439 114
114 454
454 57
57 492
492 60
60 468
468 89
89 456
456 77
77 446
119 419
419 134
134 404
404 115
115 388
388 129
129 412
412 118
118 401
401 140
140 403
403 135
135 395
395 127
127 408
408 119
431 119
119 446
446 103
103 431
130 407
407 129
129 394
394 130
427 118
118 418
418 130
130 415
415 150
150 420
420 138
138 416
416 142
142 396
396 156
156 380
380 139
139 395
395 180
180 409
409 127
127 417
417 115
115 427
411 154
154 396
396 149
149 383
383 173
173 369
369 148
148 411
279 248
248 314
314 234
234 326
326 209
209 331
331 237
237 279
146 433
433 119
119 453
453 112
112 424
424 124
124 393
393 158
158 372
372 152
152 390
390 167
167 364
364 172
172 382
382 170
170 388
388 132
132 405
405 157
157 415
415 161
161 396
396 194
194 359
359 195
195 363
363 174
174 356
356 176
176 361
361 177
177 366
366 168
168 377
377 183
183 353
353 210
210 327
327 217
217 320
320 264
264 276
276 262
262 277
277 263
263 271
271 282
282 259
259 279
279 249
249 332
332 213
213 309
309 222
222 337
337 205
205 387
387 179
179 411
411 156
156 403
403 192
192 397
397 171
171 385
385 146
102 480
480 91
91 472
472 108
108 435
435 146
146 400
400 147
147 404
404 145
145 427
427 125
125 431
431 102
440 102
102 444
444 113
113 458
458 106
106 449
449 87
87 440
343 227
227 336
336 229
229 324
324 212
212 327
327 224
224 322
322 208
208 343
345 215
215 365
365 212
212 331
331 230
230 343
343 184
184 356
356 188
188 353
353 186
186 345
243 324
324 239
239 293
293 251
251 330
330 220
220 311
311 240
240 299
299 261
261 279
279 271
271 269
269 250
250 294
294 243
244 291
291 248
248 304
304 259
259 300
300 256
256 266
266 244
242 336
336 228
228 331
331 242
233 319
319 207
207 368
368 261
261 300
300 272
272 292
292 269
269 334
334 208
208 329
329 234
234 338
338 213
213 347
347 242
242 284
284 275
275 290
290 309
309 251
251 324
324 244
244 281
281 262
262 278
278 297
297 246
246 308
308 233
254 325
325 233
233 322
322 249
249 316
316 247
247 310
310 254
214 351
351 199
199 348
348 238
238 323
323 264
264 325
325 257
257 291
291 276
276 273
273 279
279 282
282 294
294 269
269 308
308 267
267 339
339 235
235 326
326 254
254 295
295 243
243 345
345 214
372 181
181 371
371 164
164 372
352 217
217 347
347 227
227 359
359 205
205 350
350 207
207 346
346 215
215 385
385 196
196 352
121 463
463 77
77 461
461 86
86 425
425 124
124 454
454 133
133 401
401 158
158 405
405 143
143 373
373 203
203 358
358 198
198 352
352 191
191 369
369 188
188 394
394 168
168 372
372 199
199 355
355 214
214 380
380 169
169 367
367 151
151 412
412 135
135 421
421 121
92 452
452 121
121 450
450 102
102 472
472 99
99 447
447 131
131 448
448 92
344 231
231 302
302 295
295 284
284 327
327 259
259 328
328 248
248 338
338 243
243 317
317 221
221 365
365 223
223 337
337 254
254 346
346 209
209 388
388 205
205 361
361 220
220 344
395 187
187 377
377 178
178 382
382 174
174 373
373 199
199 378
378 151
151 398
398 148
148 392
392 163
163 395
395 176
176 399
399 167
167 395
202 357
357 206
206 356
356 233
233 331
331 234
234 341
341 208
208 352
352 221
221 333
333 202
211 387
387 214
214 374
374 184
184 354
354 219
219 373
373 197
197 371
371 185
185 375
375 211
425 138
138 424
424 115
115 425
117 438
438 128
128 437
437 122
122 425
425 120
120 423
423 193
193 376
376 211
211 348
348 202
202 393
393 163
163 419
419 132
132 426
426 168
168 395
395 159
159 379
379 177
177 364
364 226
226 344
344 218
218 372
372 201
201 355
355 204
204 415
415 158
158 407
407 144
144 435
435 117
21 497
497 41
41 490
490 117
117 436
436 85
85 484
484 21
481 69
69 485
485 58
58 483
483 49
49 482
482 65
65 468
468 90
90 455
455 92
92 440
440 98
98 462
462 68
68 478
478 43
43 481
68 488
488 37
37 486
486 75
75 469
469 93
93 476
476 71
71 470
470 79
79 474
474 59
59 495
495 95
95 445
445 123
123 410
410 129
129 422
422 104
104 455
455 94
94 460
460 76
76 490
490 77
77 496
496 88
88 482
482 68
475 87
87 483
483 62
62 487
487 68
68 491
491 84
84 475
152 392
392 186
186 389
389 184
184 383
383 152
428 154
154 423
423 126
126 418
418 152
152 404
404 159
159 405
405 164
164 384
384 155
155 391
391 151
151 425
425 143
143 428
432 124
124 441
441 137
137 418
418 135
135 449
449 120
120 443
443 118
118 432
213 354
354 235
235 342
342 213
277 299
299 268
268 286
286 277
340 277
277 281
281 271
271 280
280 278
278 371
371 213
213 340
279 308
308 309
309 298
298 281
281 279
413 203
203 377
377 226
226 368
368 240
240 321
321 279
279 292
292 310
310 258
258 316
316 253
253 312
312 222
222 333
333 230
230 340
340 224
224 375
375 198
198 386
386 185
185 379
379 182
182 407
407 160
160 432
432 168
168 433
433 163
163 403
403 167
167 414
414 145
145 440
440 148
148 421
421 157
157 439
439 165
165 413
390 178
178 391
391 170
170 390
319 251
251 335
335 250
250 303
303 268
268 300
300 274
274 296
296 266
266 342
342 247
247 319
308 285
285 282
282 288
288 278
278 290
290 286
286 271
271 293
293 283
283 302
302 269
269 349
349 263
263 348
348 222
222 380
380 267
267 318
318 281
281 308
395 195
195 367
367 219
219 366
366 206
206 396
396 202
202 364
364 243
243 354
354 238
238 350
350 208
208 357
357 228
228 368
368 241
241 329
329 260
260 323
323 252
252 317
317 283
283 308
308 287
287 280
280 319
319 236
236 351
351 231
231 379
379 197
197 391
391 191
191 390
390 169
169 395
481 98
98 499
499 87
87 492
492 72
72 465
465 86
86 467
467 82
82 479
479 81
81 469
469 103
103 447
447 110
110 444
444 149
149 440
440 153
153 418
418 140
140 426
426 161
161 421
421 169
169 392
392 189
189 433
433 175
175 406
406 183
183 395
395 179
179 413
413 164
164 428
428 109
109 475
475 53
53 481
78 491
491 70
70 488
488 78
83 469
469 109
109 468
468 94
94 466
466 83
473 104
104 462
462 106
106 464
464 105
105 484
484 90
90 500
500 49
49 497
497 43
43 498
498 83
83 473
401 195
195 406
406 177
177 401
402 181
181 401
401 176
176 402
262 305
305 280
280 301
301 262
340 280
280 307
307 271
271 316
316 266
266 320
320 251
251 322
322 273
273 311
311 262
262 340
272 325
325 279
279 331
331 270
270 317
317 269
269 312
312 292
292 296
296 328
328 291
291 294
294 300
300 275
275 330
330 266
266 323
323 272
289 322
322 287
287 330
330 283
283 337
337 271
271 314
314 282
282 289
218 353
353 237
237 351
351 282
282 317
317 293
293 289
289 306
306 326
326 272
272 316
316 315
315 274
274 304
304 276
276 340
340 232
232 347
347 230
230 352
352 218
182 409
409 210
210 363
363 229
229 369
369 209
209 362
362 218
218 395
395 186
186 402
402 182
470 119
119 456
456 141
141 426
426 159
159 439
439 166
166 410
410 127
127 451
451 139
139 441
441 151
151 417
417 182
182 404
404 184
184 418
418 158
158 424
424 156
156 427
427 187
187 422
422 132
132 446
446 124
124 438
438 125
125 482
482 91
91 489
489 85
85 473
473 66
66 487
487 86
86 485
485 71
71 495
495 78
78 470
470 96
96 492
492 92
92 470
123 497
497 63
63 494
494 52
52 486
486 82
82 493
493 105
105 467
467 125
125 470
470 123
481 104
104 500
500 96
96 473
473 123
123 452
452 101
101 481
441 157
157 425
425 171
171 434
434 174
174 450
450 130
130 468
468 111
111 442
442 154
154 441
221 361
361 207
207 390
390 234
234 358
358 233
233 360
360 224
224 357
357 237
237 386
386 230
230 355
355 221
221 382
382 209
209 377
377 217
217 364
364 266
266 359
359 260
260 335
335 262
262 353
353 239
239 363
363 221
305 307
307 303
303 256
256 332
332 286
286 305
302 337
337 285
285 311
311 295
295 340
340 288
288 308
308 302
370 215
215 377
377 213
213 390
390 209
209 383
383 188
188 414
414 201
201 399
399 212
212 370
247 377
377 224
224 370
370 235
235 365
365 254
254 357
357 238
238 356
356 247
134 431
431 129
129 463
463 144
144 454
454 142
142 444
444 159
159 429
429 134
155 444
444 143
143 431
431 152
152 442
442 127
127 474
474 107
107 457
457 180
180 403
403 176
176 448
448 134
134 436
436 132
132 452
452 160
160 424
424 177
177 408
408 205
205 411
411 183
183 413
413 188
188 401
401 225
225 361
361 247
247 343
343 245
245 329
329 244
244 336
336 278
278 318
318 309
309 313
313 302
302 297
297 305
305 320
320 275
275 314
314 294
294 331
331 330
330 301
301 284
284 335
335 265
265 374
374 222
222 378
378 220
220 388
388 221
221 384
384 172
172 421
421 189
189 394
394 197
197 407
407 195
195 419
419 196
196 398
398 202
202 412
412 155
376 228
228 384
384 223
223 400
400 211
211 403
403 190
190 440
440 200
200 381
381 218
218 390
390 217
217 389
389 207
207 407
407 199
199 376
441 162
162 437
437 175
175 439
439 195
195 413
413 216
216 376
376 263
263 353
353 273
273 323
323 296
296 322
322 307
307 312
312 327
327 300
300 308
308 311
311 298
298 319
319 292
292 365
365 244
244 356
356 248
248 344
344 257
257 352
352 242
242 369
369 231
231 391
391 198
198 397
397 204
204 416
416 150
150 426
426 158
158 452
452 140
140 456
456 155
155 441
114 477
477 134
134 459
459 101
101 476
476 103
103 487
487 126
126 438
438 146
146 453
453 188
188 421
421 176
176 431
431 164
164 427
427 170
170 426
426 177
177 436
436 138
138 446
446 172
172 441
441 156
156 467
467 114
490 86
86 491
491 80
80 490
145 446
446 152
152 435
435 145
485 148
148 462
462 129
129 451
451 147
147 491
491 102
102 485
488 103
103 485
485 97
97 486
486 93
93 495
495 145
145 476
476 120
120 473
473 128
128 455
455 137
137 469
469 94
94 471
471 89
89 490
490 101
101 488
463 137
137 474
474 130
130 463
481 119
119 485
485 106
106 480
480 133
133 466
466 146
146 455
455 168
168 454
454 152
152 451
451 138
138 458
458 139
139 463
463 141
141 461
461 159
159 462
462 155
155 460
460 121
121 465
465 136
136 447
447 118
118 492
492 111
111 488
488 115
115 481
485 142
142 477
477 116
116 499
499 124
124 485
236 355
355 255
255 345
345 285
285 344
344 258
258 347
347 236
323 305
305 310
310 303
303 308
308 306
306 363
363 252
252 329
329 249
249 338
338 270
270 366
366 244
244 373
373 242
242 370
370 227
227 388
388 235
235 383
383 229
229 372
372 251
251 356
356 290
290 351
351 272
272 359
359 268
268 347
347 259
259 362
362 287
287 323
223 396
396 215
215 407
407 234
234 398
398 244
244 369
369 249
249 370
370 248
248 358
358 326
326 320
320 306
306 339
339 270
270 346
346 271
271 356
356 295
295 333
333 311
311 310
310 317
317 289
289 316
316 284
284 342
342 299
299 323
323 294
294 332
332 279
279 395
395 228
228 380
380 236
236 399
399 207
207 408
408 185
185 410
410 230
230 394
394 223
198 419
419 211
211 416
416 209
209 424
424 192
192 410
410 219
219 414
414 198
417 217
217 420
420 208
208 417
423 210
210 417
417 199
199 429
429 198
198 440
440 202
202 401
401 223
223 406
406 204
204 423
212 421
421 208
208 423
423 243
243 393
393 218
218 405
405 212
173 432
432 177
177 434
434 196
196 422
422 212
212 412
412 238
238 379
379 241
241 392
392 173
135 480
480 116
116 500
500 106
106 496
496 146
146 468
468 154
154 493
493 138
138 473
473 162
162 458
458 173
173 449
449 158
158 446
446 151
151 466
466 135
472 151
151 465
465 149
149 470
470 135
135 485
485 122
122 478
478 141
141 472
127 479
479 107
107 494
494 128
128 495
495 130
130 475
475 152
152 482
482 134
134 488
488 149
149 472
472 127
376 249
249 385
385 240
240 376
324 329
329 256
256 324
182 453
453 165
165 444
444 175
175 455
455 153
153 443
443 182
445 182
182 468
468 158
158 456
456 168
168 462
462 164
164 446
446 200
200 472
472 171
171 476
476 157
157 447
447 156
156 461
461 223
223 407
407 253
253 336
336 297
297 321
321 314
314 310
310 323
323 328
328 298
298 344
344 292
292 324
324 281
281 348
348 284
284 345
345 308
308 361
361 233
233 397
397 227
227 381
381 246
246 354
354 282
282 353
353 280
280 352
352 264
264 379
379 242
242 380
380 262
262 376
376 237
237 367
367 260
260 383
383 245
245 369
369 261
261 428
428 179
179 437
437 167
167 445
206 433
433 212
212 429
429 207
207 440
440 199
199 455
455 197
197 404
404 301
301 351
351 311
311 343
343 274
274 347
347 308
308 372
372 261
261 375
375 231
231 401
401 206
181 446
446 175
175 463
463 190
190 441
441 179
179 431
431 206
206 442
442 181
479 187
187 444
444 181
181 461
461 167
167 471
471 139
139 479
489 152
152 479
479 131
131 498
498 129
129 490
490 149
149 492
492 151
151 489
133 500
500 131
131 487
487 133
312 332
332 321
321 316
316 340
340 296
296 325
325 323
323 315
315 342
342 302
302 319
319 313
313 317
317 312
229 423
423 213
213 408
408 226
226 406
406 225
225 402
402 237
237 381
381 247
247 378
378 284
284 353
353 312
312 352
352 291
291 346
346 274
274 398
398 235
235 411
411 229
215 438
438 177
177 449
449 182
182 465
465 189
189 462
462 194
194 441
441 191
191 431
431 185
185 418
418 230
230 432
432 178
178 425
425 257
257 403
403 215
232 382
382 233
233 400
400 256
256 391
391 245
245 392
392 290
290 359
359 297
297 341
341 289
289 364
364 232
424 228
228 405
405 232
232 407
407 224
224 437
437 213
213 424
429 244
244 404
404 221
221 409
409 232
232 424
424 215
215 429
407 259
259 354
354 250
250 386
386 294
294 345
345 322
322 306
306 367
367 281
281 384
384 249
249 421
421 218
218 412
412 240
240 407
239 414
414 242
242 407
407 276
276 388
388 239
482 224
224 426
426 231
231 416
416 220
220 408
408 239
239 397
397 262
262 403
403 266
266 370
370 258
258 380
380 255
255 429
429 229
229 419
419 203
203 450
450 179
179 454
454 202
202 469
469 181
181 467
467 190
190 482
483 175
175 460
460 192
192 435
435 220
220 431
431 208
208 427
427 216
216 482
482 153
153 494
494 133
133 496
496 112
112 483
169 483
483 123
123 478
478 163
163 484
484 156
156 485
485 159
159 489
489 104
104 486
486 144
144 473
473 170
170 466
466 169
481 197
197 458
458 182
182 457
457 174
174 445
445 161
161 481
470 202
202 464
464 140
140 480
480 172
172 470
491 159
159 498
498 143
143 486
486 163
163 490
490 162
162 495
495 173
173 470
470 182
182 476
476 190
190 474
474 158
158 491
170 495
495 166
166 452
452 196
196 439
439 177
177 479
479 170
176 473
473 182
182 483
483 178
178 459
459 176
491 176
176 466
466 199
199 444
444 193
193 447
447 198
198 436
436 208
208 452
452 185
185 500
500 170
170 477
477 165
165 491
205 445
445 195
195 488
488 183
183 446
446 212
212 439
439 205
313 341
341 321
321 340
340 318
318 293
293 334
334 307
307 345
345 314
314 339
339 313
283 356
356 315
315 361
361 313
313 337
337 324
324 351
351 338
338 283
453 210
210 447
447 269
269 354
354 283
283 349
349 275
275 360
360 268
268 370
370 277
277 347
347 288
288 422
422 203
203 453
409 246
246 392
392 267
267 381
381 252
252 386
386 273
273 380
380 272
272 387
387 233
233 420
420 227
227 461
461 193
193 462
462 198
198 467
467 184
184 434
434 245
245 397
397 250
250 368
368 321
321 352
352 320
320 334
334 328
328 347
347 285
285 369
369 280
280 406
406 255
255 430
430 231
231 439
439 214
214 433
433 211
211 453
453 205
205 410
410 237
237 409
368 307
307 344
344 324
324 341
341 353
353 323
323 336
336 354
354 278
278 375
375 274
274 368
236 410
410 246
246 441
441 244
244 431
431 248
248 394
394 236
185 495
495 196
196 483
483 201
201 466
466 185
252 452
452 227
227 438
438 229
229 457
457 186
186 476
476 189
189 470
470 185
185 454
454 241
241 416
416 236
236 432
432 235
235 400
400 277
277 380
380 300
300 364
364 296
296 369
369 293
293 368
368 288
288 403
403 268
268 377
377 260
260 385
385 258
258 405
405 250
250 411
411 273
273 399
399 252
253 411
411 252
252 401
401 290
290 409
409 253
437 226
226 454
454 195
195 446
446 225
225 437
440 243
243 437
437 228
228 462
462 223
223 474
474 193
193 486
486 156
156 496
496 149
149 497
497 172
172 493
493 234
234 408
408 256
256 438
438 267
267 412
412 239
239 440
331 342
342 325
325 336
336 337
337 333
333 306
306 331
327 336
336 329
329 331
331 334
334 327
357 322
322 363
363 318
318 370
370 275
275 362
362 309
309 348
348 305
305 355
355 279
279 357
357 298
298 369
369 316
316 350
350 285
285 357
347 342
342 354
354 339
339 337
337 378
378 333
333 347
346 347
347 357
357 311
311 364
364 327
327 349
349 317
317 346
286 393
393 251
251 382
382 247
247 418
418 222
222 390
390 353
353 346
346 310
310 359
359 292
292 373
373 286
455 279
279 362
362 299
299 381
381 286
286 402
402 281
281 428
428 276
276 414
414 249
249 392
392 254
254 417
417 266
266 440
440 235
235 433
433 253
253 455
358 305
305 396
396 263
263 400
400 262
262 407
407 264
264 437
437 246
246 420
420 254
254 397
397 247
247 486
486 212
212 451
451 226
226 446
446 218
218 444
444 207
207 464
464 214
214 445
445 211
211 447
447 231
231 453
453 272
272 390
390 325
325 377
377 289
289 358
265 383
383 283
283 384
384 309
309 381
381 314
314 359
359 336
336 344
344 319
319 348
348 310
310 355
355 323
323 364
364 341
341 358
358 265
442 209
209 450
450 229
229 447
447 220
220 443
443 204
204 459
459 243
243 454
454 235
235 467
467 211
211 464
464 208
208 442
419 255
255 418
418 250
250 442
442 244
244 469
469 222
222 425
425 215
215 456
456 242
242 419
265 419
419 239
239 413
413 270
270 392
392 265
261 394
394 258
258 411
411 274
274 382
382 260
260 405
405 262
262 426
426 239
239 424
424 265
265 386
386 261
373 308
308 365
365 295
295 398
398 292
292 409
409 300
300 402
402 297
297 373
365 319
319 371
371 291
291 407
407 286
286 391
391 313
313 365
380 304
304 384
384 318
318 365
365 339
339 370
370 338
338 352
352 347
347 368
368 299
299 400
400 298
298 373
373 293
293 374
374 278
278 397
397 271
271 415
415 252
252 432
432 247
247 413
413 256
256 423
423 302
302 458
458 220
220 456
456 235
235 460
460 206
206 436
436 284
284 380
359 324
324 369
369 319
319 380
380 357
357 348
348 345
345 330
330 361
361 323
323 359
478 202
202 477
477 205
205 468
468 198
198 494
494 194
194 463
463 226
226 485
485 190
190 480
480 168
168 471
471 206
206 466
466 213
213 450
450 233
233 425
425 255
255 421
421 258
258 430
430 283
283 431
431 259
259 416
416 263
263 404
404 305
305 387
387 306
306 374
374 295
295 386
386 275
275 392
392 309
309 399
399 291
291 414
414 278
278 390
390 296
296 403
403 322
322 372
372 335
335 362
362 331
331 359
359 334
334 356
356 285
285 394
394 282
282 388
388 280
280 408
408 261
261 455
455 200
200 491
491 157
157 478
475 191
191 489
489 185
185 475
481 199
199 475
475 193
193 478
478 167
167 481
427 251
251 424
424 250
250 427
397 343
343 364
364 336
336 367
367 323
323 397
405 299
299 395
395 324
324 397
397 314
314 408
408 282
282 436
436 216
216 449
449 256
256 429
429 277
277 405
259 466
466 262
262 438
438 259
448 259
259 446
446 255
255 433
433 275
275 417
417 290
290 412
412 287
287 376
376 293
293 392
392 280
280 401
401 292
292 405
405 271
271 427
427 238
238 448
221 449
449 236
236 443
443 239
239 448
448 221
327 374
374 334
334 369
369 327
435 280
280 404
404 331
331 381
381 327
327 365
365 328
328 387
387 307
307 383
383 312
312 373
373 352
352 344
344 363
363 351
351 340
340 350
350 367
367 402
402 308
308 379
379 285
285 411
411 281
281 423
423 258
258 435
418 271
271 425
425 266
266 442
442 261
261 418
294 394
394 315
315 418
418 278
278 419
419 288
288 385
385 303
303 393
393 294
421 306
306 396
396 326
326 391
391 304
304 393
393 313
313 422
422 303
303 421
299 423
423 335
335 403
403 314
314 400
400 334
334 379
379 333
333 383
383 329
329 389
389 346
346 355
355 320
320 409
409 304
304 410
410 301
301 427
427 274
274 430
430 316
316 385
385 381
381 332
332 374
374 338
338 392
392 296
296 407
407 309
309 421
421 300
300 411
411 299
286 424
424 273
273 413
413 309
309 420
420 286
294 431
431 286
286 447
447 237
237 450
450 231
231 449
449 258
258 443
443 257
257 429
429 299
299 412
412 308
308 425
425 287
287 419
419 294
465 260
260 445
445 217
217 459
459 235
235 472
472 204
204 489
489 201
201 499
499 214
214 470
470 213
213 487
487 219
219 444
444 278
278 438
438 284
284 460
460 256
256 451
451 236
236 465
253 448
448 297
297 434
434 253
471 239
239 444
444 228
228 479
479 181
181 471
481 220
220 478
478 211
211 494
494 203
203 471
471 253
253 441
441 267
267 451
451 261
261 449
449 298
298 404
404 291
291 413
413 387
387 341
341 371
371 339
339 401
401 332
332 385
385 351
351 374
374 348
348 360
360 310
310 406
406 311
311 394
394 330
330 393
393 320
320 399
399 323
323 440
440 268
268 465
465 263
263 433
433 294
294 435
435 282
282 464
464 221
221 463
463 207
207 473
473 225
225 500
500 208
208 481
358 383
383 336
336 419
419 291
291 426
426 312
312 407
407 310
310 424
424 329
329 394
394 345
345 362
362 337
337 382
382 327
327 405
405 355
355 358
359 376
376 358
358 368
368 360
360 365
365 342
342 361
361 347
347 354
354 371
371 359
350 369
369 344
344 379
379 347
347 366
366 317
317 388
388 337
337 373
373 360
360 371
371 370
370 349
349 350
385 347
347 389
389 333
333 385
350 372
372 385
385 344
344 380
380 340
340 356
356 350
364 401
401 357
357 398
398 325
325 395
395 346
346 392
392 372
372 356
356 362
362 350
350 364
364 367
367 354
354 361
361 364
319 390
390 327
327 391
391 354
354 369
369 368
368 362
362 364
364 383
383 359
359 384
384 319
468 265
265 443
443 273
273 465
465 278
278 449
449 281
281 415
415 289
289 428
428 319
319 439
439 252
252 459
459 218
218 498
498 201
201 496
496 199
199 490
490 195
195 484
484 210
210 468
481 231
231 473
473 252
252 491
491 218
218 470
470 242
242 468
468 232
232 463
463 237
237 476
476 209
209 481
484 228
228 488
488 211
211 499
499 202
202 484
338 418
418 322
322 422
422 321
321 390
390 333
333 409
409 328
328 404
404 338
416 337
337 393
393 359
359 389
389 348
348 409
409 338
338 395
395 345
345 396
396 324
324 412
412 310
310 430
430 293
293 413
413 301
301 416
467 244
244 444
444 249
249 489
489 223
223 483
483 238
238 473
473 237
237 467
462 279
279 467
467 259
259 492
492 224
224 496
496 265
265 471
471 260
260 466
466 332
332 425
425 313
313 416
416 285
285 453
453 246
246 500
500 240
240 462
235 485
485 257
257 457
457 248
248 462
462 235
468 256
256 476
476 294
294 454
454 283
283 452
452 274
274 446
446 273
273 450
450 267
267 462
462 249
249 482
482 244
244 468
235 497
497 243
243 461
461 236
236 499
499 226
226 496
496 253
253 485
485 262
262 469
469 248
248 468
468 259
259 480
480 222
222 493
493 235
209 495
495 235
235 484
484 209
233 474
474 290
290 433
433 286
286 442
442 295
295 444
444 251
251 479
479 294
294 495
495 236
236 472
472 249
249 500
500 267
267 463
463 233
414 340
340 394
394 386
386 317
317 442
442 305
305 426
426 300
300 433
433 292
292 414
413 339
339 390
390 362
362 415
415 304
304 414
414 308
308 413
311 423
423 320
320 420
420 311
363 378
378 374
374 365
365 364
364 363
266 474
474 260
260 486
486 248
248 478
478 292
292 437
437 285
285 436
436 289
289 417
417 327
327 399
399 348
348 395
395 342
342 388
388 363
363 394
394 400
400 317
317 427
427 311
311 413
413 296
296 447
447 310
310 449
449 282
282 441
441 266
493 254
254 461
461 251
251 468
468 266
266 459
459 264
264 475
475 233
233 493
496 264
264 484
484 244
244 496
455 275
275 483
483 268
268 496
496 255
255 470
470 251
251 488
488 272
272 479
479 261
261 461
461 273
273 455
448 299
299 431
431 301
301 434
434 308
308 451
451 300
300 432
432 311
311 430
430 315
315 407
407 323
323 417
417 296
296 441
441 285
285 448
271 475
475 275
275 465
465 303
303 429
429 291
291 448
448 284
284 457
457 295
295 461
461 286
286 445
445 277
277 455
455 276
276 459
459 280
280 478
478 259
259 493
493 228
228 487
487 263
263 469
469 271
318 454
454 299
299 462
462 309
309 429
429 306
306 428
428 324
324 431
431 312
312 436
436 318
311 447
447 318
318 449
449 316
316 433
433 311
477 311
311 451
451 310
310 487
487 233
233 498
498 246
246 473
473 241
241 456
456 277
277 466
466 269
269 493
493 271
271 477
317 407
407 369
369 377
377 360
360 392
392 378
378 399
399 343
343 405
405 330
330 449
449 334
334 410
410 331
331 406
406 317
338 433
433 326
326 420
420 338
456 293
293 438
438 289
289 457
457 285
285 452
452 314
314 432
432 346
346 404
404 342
342 426
426 350
350 406
406 348
348 405
405 347
347 417
417 325
325 413
413 328
328 423
423 338
338 411
411 380
380 383
383 384
384 368
368 379
379 364
364 391
391 352
352 408
408 317
317 428
428 322
322 429
429 313
313 445
445 291
291 478
478 288
288 456
481 291
291 456
456 297
297 465
465 282
282 477
477 252
252 481
270 494
494 217
217 490
490 330
330 407
407 348
348 455
455 345
345 425
425 361
361 395
395 403
403 357
357 408
408 355
355 437
437 301
301 438
438 335
335 439
439 326
326 436
436 340
340 424
424 320
320 461
461 310
310 465
465 334
334 460
460 295
295 459
459 281
281 469
469 270
481 303
303 484
484 287
287 464
464 285
285 490
490 270
270 481
375 376
376 370
370 375
375 391
391 377
377 375
333 428
428 354
354 420
420 331
331 440
440 328
328 421
421 317
317 416
416 333
269 474
474 333
333 413
413 363
363 389
389 394
394 384
384 390
390 375
375 423
423 353
353 414
414 343
343 429
429 381
381 393
393 362
362 448
448 327
327 446
446 315
315 450
450 305
305 496
496 282
282 471
471 269
276 485
485 256
256 489
489 259
259 488
488 278
278 473
473 279
279 486
486 269
269 470
470 295
295 463
463 276
443 351
351 410
410 364
364 414
414 359
359 417
417 366
366 415
415 382
382 356
356 404
404 358
358 396
396 360
360 397
397 388
388 349
349 439
439 336
336 431
431 347
347 441
441 328
328 444
444 307
307 443
432 339
339 428
428 338
338 432
341 412
412 344
344 407
407 341
432 353
353 428
428 343
343 431
431 341
341 411
411 352
352 432
432 362
362 422
422 349
349 412
412 367
367 404
404 360
360 432
443 343
343 446
446 360
360 405
405 365
365 432
432 323
323 485
485 277
277 488
488 274
274 472
472 295
295 486
486 327
327 456
456 318
318 450
450 363
363 449
449 347
347 438
438 329
329 443
453 339
339 450
450 337
337 443
443 321
321 465
465 319
319 442
442 326
326 453
296 473
473 316
316 470
470 289
289 488
488 317
317 435
435 304
304 464
464 328
328 453
453 312
312 467
467 305
305 469
469 296
452 351
351 445
445 324
324 434
434 346
346 442
442 340
340 452
457 337
337 451
451 361
361 435
435 331
331 469
469 363
363 452
452 315
315 457
416 393
393 389
389 396
396 411
411 357
357 420
420 370
370 421
421 373
373 412
412 355
355 416
457 348
348 441
441 353
353 455
455 359
359 438
438 349
349 442
442 357
357 416
416 369
369 470
470 331
331 453
453 360
360 451
451 341
341 457
407 358
358 424
424 356
356 407
374 402
402 377
377 428
428 375
375 392
392 385
385 412
412 407
407 401
401 374
414 408
408 374
374 417
417 391
391 376
376 446
446 346
346 443
443 344
344 433
433 342
342 450
450 372
372 398
398 379
379 414
306 476
476 299
299 486
486 358
358 410
410 374
374 421
421 379
379 399
399 390
390 417
417 395
395 428
428 386
386 419
419 394
394 414
414 368
368 457
457 307
307 464
464 306
466 298
298 472
472 306
306 479
479 293
293 478
478 333
333 500
500 280
280 491
491 305
305 482
482 296
296 466
283 474
474 301
301 463
463 310
310 466
466 314
314 471
471 283
326 488
488 313
313 447
447 344
344 465
465 326
479 321
321 496
496 326
326 464
464 312
312 479
308 472
472 315
315 479
479 363
363 478
478 329
329 463
463 308
442 414
414 397
397 392
392 406
406 399
399 383
383 431
431 365
365 442
429 374
374 462
462 349
349 443
443 366
366 429
384 404
404 412
412 388
388 429
429 397
397 418
418 377
377 432
432 399
399 411
411 400
400 396
396 398
398 384
447 376
376 402
402 384
384 451
451 369
369 442
442 350
350 447
393 453
453 376
376 448
448 392
392 413
413 402
402 406
406 418
418 419
419 393
377 436
436 352
352 450
450 393
393 427
427 429
429 391
391 424
424 416
416 396
396 409
409 383
383 456
456 356
356 433
433 377
324 467
467 339
339 460
460 377
377 434
434 365
365 464
464 360
360 468
468 285
285 477
477 355
355 447
447 340
340 461
461 324
489 304
304 459
459 346
346 463
463 347
347 465
465 345
345 479
479 318
318 476
476 307
307 474
474 297
297 473
473 319
319 497
497 311
311 499
499 299
299 477
477 289
289 475
475 301
301 494
494 273
273 489
475 350
350 488
488 333
333 487
487 361
361 485
485 349
349 463
463 351
351 461
461 346
346 475
483 351
351 475
475 356
356 486
486 309
309 489
489 324
324 491
491 288
288 483
322 499
499 339
339 471
471 372
372 457
457 408
408 415
415 378
378 425
425 385
385 460
460 362
362 454
454 342
342 474
474 338
338 467
467 366
366 468
468 368
368 465
465 357
357 466
466 322
480 322
322 483
483 295
295 492
492 292
292 480
381 438
438 406
406 424
424 401
401 435
435 381
382 455
455 381
381 442
442 375
375 452
452 364
364 437
437 382
482 399
399 441
441 370
370 422
422 405
405 410
410 417
417 438
438 382
382 423
423 398
398 421
421 396
396 425
425 383
383 420
420 367
367 482
383 454
454 385
385 434
434 378
378 487
487 341
341 490
490 336
336 473
473 379
379 467
467 353
353 444
444 383
371 465
465 383
383 433
433 389
389 442
442 403
403 413
413 436
436 384
384 430
430 371
481 312
312 498
498 338
338 494
494 317
317 492
492 342
342 459
459 392
392 479
479 371
371 445
445 391
391 462
462 376
376 482
482 320
320 458
458 354
354 493
493 331
331 495
495 310
310 480
480 294
294 481
343 477
477 345
345 496
496 342
342 495
495 361
361 493
493 363
363 489
489 334
334 469
469 343
390 460
460 389
389 459
459 352
352 463
463 382
382 473
473 381
381 457
457 390
362 472
472 354
354 477
477 364
364 471
471 390
390 430
430 402
402 466
466 362
476 381
381 496
496 362
362 488
488 373
373 474
474 344
344 492
492 360
360 476
374 465
465 396
396 422
422 394
394 456
456 391
391 447
447 374
415 420
420 424
424 413
413 415
417 422
422 420
420 431
431 415
415 436
436 427
427 410
410 423
423 411
411 417
413 447
447 397
397 445
445 380
380 440
440 400
400 432
432 430
430 428
428 420
420 438
438 427
427 442
442 413
407 443
443 427
427 447
447 423
423 433
433 401
401 458
458 413
413 452
452 417
417 421
421 418
418 407
444 407
407 464
464 406
406 448
448 398
398 437
437 394
394 426
426 387
387 444
403 465
465 380
380 477
477 381
381 489
489 379
379 474
474 388
388 468
468 386
386 451
451 403
444 426
426 412
412 466
466 403
403 444
432 416
416 449
449 398
398 450
450 418
418 422
422 458
458 409
409 432
432 438
438 448
448 429
429 469
469 377
377 497
497 357
357 486
486 428
428 432
484 439
439 431
431 432
432 433
433 435
435 421
421 440
440 405
405 444
444 378
378 463
463 374
374 476
476 370
370 480
480 343
343 484
498 378
378 495
495 428
428 499
499 326
326 498
484 427
427 451
451 394
394 460
460 392
392 498
498 370
370 492
492 486
486 403
403 483
483 354
354 475
475 389
389 461
461 409
409 459
459 404
404 484
397 471
471 394
394 454
454 398
398 489
489 403
403 494
494 349
349 491
491 391
391 457
457 407
407 445
445 412
412 443
443 425
425 441
441 400
400 479
479 395
395 461
461 397
481 389
389 492
492 377
377 478
478 372
372 480
480 406
406 470
470 383
383 487
487 405
405 450
450 410
410 474
474 397
397 456
456 435
435 451
451 431
431 442
442 466
466 416
416 484
484 318
318 481
487 430
430 467
467 416
416 472
472 380
380 478
478 394
394 487
400 478
478 397
397 487
487 393
393 457
457 441
441 446
446 421
421 461
461 420
420 454
454 400
463 424
424 464
464 434
434 474
474 421
421 452
452 475
475 400
400 463
476 407
407 470
470 420
420 463
463 402
402 476
383 477
477 453
453 429
429 452
452 465
465 445
445 472
472 454
454 443
443 415
415 476
476 383
468 463
463 426
426 468
456 466
466 448
448 456
457 498
498 469
469 434
434 473
473 418
418 460
460 423
423 457
464 457
457 436
436 478
478 407
407 493
493 419
419 462
462 410
410 455
455 422
422 449
449 456
456 464
468 465
465 464
464 468
482 468
468 404
404 496
496 425
425 461
461 432
432 440
440 450
450 482
481 482
482 392
392 488
488 388
388 491
491 383
383 481
500 369
369 490
490 355
355 500
477 449
449 442
442 455
455 415
415 500
500 406
406 492
492 400
400 477
490 409
409 494
494 440
440 484
484 424
424 488
488 408
408 490
417 495
495 415
415 493
493 409
409 492
492 426
426 487
487 490
490 471
471 480
480 451
451 458
458 433
433 438
438 461
461 446
446 447
447 452
452 477
477 459
459 417
483 466
466 464
464 483
500 442
442 479
479 492
492 446
446 470
470 410
410 485
485 448
448 474
474 443
443 455
455 458
458 498
498 459
459 478
478 483
483 436
436 497
497 425
425 500
417 491
491 461
461 495
495 426
426 494
494 421
421 493
493 420
420 476
476 465
465 499
499 431
431 496
496 451
451 484
484 456
456 500
500 449
449 489
489 417
485 468
468 491
491 443
443 485
467 499
499 486
486 496
496 432
432 467
472 475
475 500
500 479
479 464
464 467
467 472
473 476
476 441
441 473
489 494
494 473
473 484
484 462
462 495
495 463
463 477
477 485
485 465
465 489
1 481
481 27
5 476
476 18
6 480
480 31
7 482
482 225
8 497
497 98
10 500
500 45
11 499
499 20
13 488
488 32
14 489
489 22
16 493
493 44
17 446
446 500
500 117
21 483
483 59
25 499
499 152
26 498
498 145
34 463
463 160
36 460
460 186
38 475
475 184
42 491
491 163
50 473
473 67
57 485
485 73
58 489
489 61
62 486
486 79
64 456
456 132
69 490
490 135
76 469
469 500
500 206
82 495
495 90
84 496
496 94
97 492
492 137
99 485
485 382
100 458
458 474
474 242
107 484
484 116
109 471
471 221
111 494
494 175
113 466
466 325
114 481
481 127
118 478
478 182
119 487
487 247
121 496
496 141
125 472
472 227
136 477
477 147
139 495
495 142
144 495
495 150
148 498
498 165
151 495
495 212
153 490
490 180
154 484
484 281
155 465
465 200
156 499
499 167
162 496
496 216
169 457
171 497
497 199
174 491
491 308
177 443
179 480
480 300
181 498
498 189
183 492
492 213
188 477
477 209
191 479
479 205
192 461
193 499
499 229
197 483
483 237
198 481
481 301
207 476
476 319
210 490
490 252
211 497
497 219
215 445
445 485
485 386
220 493
493 279
222 495
495 304
228 494
494 254
234 496
496 302
238 497
497 262
239 500
500 286
245 463
463 375
257 487
487 433
258 452
452 460
460 472
472 463
263 497
497 270
264 499
499 274
266 488
488 293
276 492
492 283
282 498
498 364
285 474
474 481
481 306
287 486
289 483
483 307
290 490
490 352
291 494
494 439
296 497
497 333
309 495
495 337
314 468
468 365
315 483
483 500
500 341
316 488
488 478
478 384
322 493
493 324
323 442
328 492
492 350
332 477
477 499
499 346
334 491
491 371
335 447
342 497
497 397
344 481
481 356
347 473
348 475
475 353
363 495
495 391
366 484
484 387
367 496
496 415
368 479
479 418
373 489
489 458
374 500
500 377
376 492
388 500
500 402
390 498
498 476
476 450
393 493
493 405
395 491
491 408
398 456
456 470
401 497
497 462
403 490
490 404
404 437
407 485
485 488
417 481
481 476
422 493
493 430
429 484
484 489
489 475
434 493
493 474
436 496
496 491
491 480
480 497
438 479
440 499
499 491
491 500
500 471
453 490
490 494
494 464
467 478
482 489
487 456
468 494
495 500
500 485
498 499

