500 9999
137 383
379 145
453 94
218 456
479 268
350 383
495 212
206 109
486 163
389 496
139 284
342 155
139 55
221 94
78 45
298 48
303 163
382 456
294 343
256 51
335 115
467 271
197 410
112 43
269 286
398 171
291 45
365 223
337 161
230 35
39 238
400 217
336 461
451 448
74 461
349 400
261 287
421 276
25 276
32 464
27 120
168 59
45 110
279 48
69 238
17 48
243 125
437 405
388 220
25 168
140 118
85 182
252 359
145 233
439 451
365 236
310 300
406 8
337 174
309 341
436 116
105 53
91 118
283 59
164 367
112 177
351 459
29 179
464 336
142 56
216 5
18 249
40 8
446 467
466 116
471 231
8 241
481 424
186 247
304 239
235 368
472 52
235 139
307 244
293 309
427 309
320 183
480 172
55 437
319 483
434 470
126 317
79 242
368 116
387 358
373 194
404 298
175 475
68 83
221 362
73 427
202 83
155 237
329 124
3 368
163 357
130 180
127 434
405 119
402 373
350 183
322 121
338 65
35 27
458 130
31 322
499 427
361 197
177 147
57 496
132 81
271 425
216 489
436 492
68 96
315 202
320 317
144 91
419 30
498 323
418 71
456 326
363 135
451 19
327 212
473 266
192 253
271 317
150 27
477 156
444 208
81 156
246 489
482 500
452 328
218 161
419 151
498 215
446 25
415 446
234 371
363 256
49 325
109 376
7 328
315 215
232 446
70 384
218 282
37 207
166 92
226 143
498 336
47 400
284 84
294 277
275 35
247 202
285 457
440 102
266 215
250 207
34 323
199 390
139 110
419 393
226 264
56 341
284 205
41 218
8 41
393 148
145 46
272 87
164 59
273 460
328 167
400 272
185 347
240 54
226 156
345 336
83 336
358 275
96 275
430 151
187 164
385 408
44 344
219 345
2 347
282 172
289 296
449 285
302 235
429 47
425 342
134 395
331 414
55 479
77 9
127 126
61 1
443 103
462 116
30 422
140 65
425 463
244 122
92 290
4 406
243 422
193 76
91 294
50 293
388 288
195 122
140 186
186 302
332 356
115 358
230 345
373 128
225 1
156 130
48 368
216 181
367 350
75 178
278 12
424 66
66 129
322 55
126 143
253 184
142 353
216 302
469 482
128 189
362 127
301 117
246 181
320 130
359 58
297 412
66 250
52 315
79 189
98 202
459 410
271 359
216 194
422 299
334 415
274 135
463 71
17 479
110 441
163 304
278 25
369 372
190 141
195 256
336 195
201 7
280 300
266 136
63 73
101 328
390 202
431 203
417 305
271 251
207 495
255 243
378 84
116 313
369 264
162 200
377 88
456 152
63 194
101 449
467 18
54 374
260 442
141 262
320 264
58 493
111 90
179 490
126 398
5 337
491 496
477 332
296 28
442 82
125 146
162 442
102 162
487 498
79 444
252 335
197 399
49 272
90 273
324 211
16 95
310 47
301 493
479 499
345 270
23 219
312 93
190 396
162 334
41 273
252 456
44 49
123 342
30 114
250 154
282 335
153 221
414 491
221 96
37 275
460 378
264 466
83 391
102 404
418 152
159 157
200 158
145 222
250 275
131 58
497 152
15 112
139 407
194 114
171 396
331 348
50 335
124 55
74 463
96 222
242 276
261 289
233 456
173 176
481 292
35 471
186 115
103 346
492 158
203 55
442 337
249 171
1 69
106 122
64 125
284 394
480 40
8 230
481 413
333 286
173 297
71 286
365 467
230 279
189 12
254 407
166 294
419 474
441 233
105 284
413 400
36 413
251 338
96 464
430 340
316 467
256 187
489 395
368 105
134 463
194 477
271 172
1 311
128 123
257 8
59 289
18 251
174 10
298 305
110 483
325 408
182 359
471 233
195 69
219 426
434 351
420 416
52 20
318 405
473 13
87 243
329 5
114 80
389 56
251 351
163 467
55 439
182 480
311 365
149 303
245 11
61 190
121 241
11 369
281 193
112 421
63 7
1 324
395 480
463 355
21 10
81 24
246 357
91 254
58 306
399 370
218 29
130 182
424 134
382 137
84 480
40 144
255 69
100 195
91 375
172 34
163 480
488 11
74 142
299 489
500 250
257 263
202 327
436 494
458 24
364 96
281 327
19 327
266 204
183 435
250 196
26 451
411 33
497 73
180 137
77 453
218 392
359 139
438 432
83 204
465 269
446 27
262 206
341 499
330 81
280 489
385 276
109 378
54 442
274 445
494 448
282 40
171 438
190 451
386 97
229 150
51 292
99 40
21 386
365 159
62 387
48 223
309 35
254 99
312 269
432 105
379 215
439 266
384 330
117 215
269 343
433 451
224 48
196 215
187 395
266 459
30 182
401 95
395 51
474 344
496 103
298 347
152 64
243 182
110 296
292 44
22 183
300 164
30 303
52 62
351 395
117 228
2 241
222 473
254 462
273 475
78 465
422 46
64 301
432 468
499 229
471 167
383 54
457 3
167 170
332 237
284 462
143 486
55 373
462 468
190 9
300 406
219 481
487 232
368 52
392 409
464 285
49 6
469 363
109 57
307 301
255 111
394 189
3 304
176 232
262 6
437 7
112 247
115 481
299 73
244 137
288 409
128 191
73 255
441 422
237 363
58 132
223 199
402 430
80 379
85 494
281 140
234 65
426 6
82 196
156 145
403 22
375 189
177 433
311 433
347 127
350 361
262 19
303 20
33 196
363 71
244 379
159 12
128 433
288 422
269 143
274 487
114 269
497 7
442 71
34 17
480 363
339 387
125 135
378 315
75 314
135 328
281 382
451 305
410 267
322 420
459 425
233 82
417 428
236 87
301 482
7 35
158 433
447 307
53 151
39 216
70 320
153 89
405 310
386 31
9 81
179 492
248 97
93 223
5 339
32 213
385 331
51 226
343 371
202 395
348 449
169 218
425 144
144 390
474 265
37 35
465 216
363 205
60 167
321 208
25 146
407 211
159 146
315 393
208 267
125 498
378 449
111 105
367 31
317 439
97 170
410 401
201 264
108 36
151 406
431 460
30 116
85 52
35 231
291 157
62 334
365 106
222 286
310 170
323 109
194 224
254 275
138 100
229 218
96 332
321 450
132 285
118 350
178 401
217 329
263 216
208 280
153 344
175 103
414 385
166 283
105 273
124 286
289 353
41 288
149 50
335 240
434 219
126 66
43 68
208 401
194 466
268 415
249 173
428 404
409 162
367 165
200 402
355 47
319 353
30 250
401 163
136 417
15 127
268 307
376 106
400 463
4 463
293 71
237 176
311 125
27 366
388 345
333 409
374 181
217 463
382 5
24 297
24 68
411 477
371 112
207 418
482 357
298 307
466 120
278 69
383 122
498 72
420 418
84 469
198 76
98 138
170 243
1 434
469 310
31 84
158 125
218 139
295 130
336 131
216 480
362 305
128 138
40 254
463 357
301 295
339 321
144 82
209 477
181 378
377 24
280 128
151 206
329 249
205 479
408 313
134 10
67 20
447 241
378 370
366 316
130 305
70 25
498 435
498 206
28 257
176 192
405 15
107 321
308 311
327 324
313 426
373 440
225 313
299 262
445 316
393 126
338 190
54 431
49 87
164 37
150 139
7 90
414 185
102 98
126 455
377 37
382 381
46 432
373 332
371 488
206 155
123 157
255 313
347 316
144 216
273 101
92 26
231 104
129 322
449 34
440 214
500 265
252 163
370 384
29 91
359 262
451 494
468 434
201 319
146 383
182 40
327 458
421 93
333 209
500 386
379 325
439 376
2 109
62 160
53 340
405 499
312 271
104 278
35 407
122 295
189 56
367 99
231 467
270 166
200 107
324 402
24 110
277 290
136 351
7 466
216 51
240 408
212 346
91 56
201 453
416 341
471 48
27 300
228 61
489 331
112 115
131 128
268 362
328 413
73 123
97 480
246 51
237 231
490 411
154 462
498 6
489 452
291 467
240 421
491 3
188 231
110 311
499 123
163 403
462 470
173 367
286 244
186 306
217 410
285 19
362 239
246 293
172 78
232 129
256 486
108 359
264 81
52 427
470 186
181 312
181 83
286 365
98 314
73 486
367 475
403 132
158 301
347 237
163 416
397 354
171 11
148 27
24 486
280 183
211 83
238 186
480 473
141 24
213 129
433 132
135 438
350 134
102 32
234 188
445 371
109 193
7 145
12 489
494 263
320 376
265 440
158 314
378 317
498 382
28 204
162 204
415 384
382 436
146 196
60 156
266 261
426 250
156 389
233 84
183 263
425 25
227 269
208 27
394 446
468 368
60 277
385 333
145 92
255 489
7 387
488 202
171 495
248 220
137 389
338 379
30 226
486 277
357 392
379 151
134 91
213 384
72 408
474 388
28 338
110 111
160 457
51 470
173 167
486 398
250 387
310 172
404 36
287 454
138 331
224 105
432 283
251 208
330 272
182 108
233 339
407 226
30 239
131 62
392 332
258 103
84 216
10 1
122 471
194 347
139 411
15 116
428 285
78 401
240 234
193 122
457 168
476 218
314 119
272 388
203 288
184 46
423 291
309 455
142 49
166 406
343 39
496 52
152 242
193 243
427 181
265 119
261 414
438 47
223 122
228 237
154 288
355 49
448 240
145 468
112 291
360 127
492 283
277 358
249 296
323 245
235 361
243 481
499 178
163 229
335 484
126 310
38 463
313 173
98 248
170 124
109 114
54 178
408 181
191 412
17 296
232 184
344 425
36 309
149 186
443 404
369 189
401 407
186 253
373 308
500 120
371 235
238 120
128 248
370 10
298 430
17 417
218 141
369 310
489 412
363 7
327 313
46 71
216 482
271 189
109 127
150 128
375 246
58 310
3 374
433 187
359 238
89 148
283 428
116 22
157 23
322 356
253 256
387 485
239 92
354 79
321 131
142 425
51 41
183 426
436 377
40 377
458 136
375 138
328 26
223 498
42 423
433 79
61 436
498 437
28 30
52 387
148 324
129 82
46 313
10 390
82 495
49 318
123 267
274 436
81 270
67 372
180 20
199 33
460 303
28 151
41 90
5 396
285 450
211 272
118 44
62 149
351 23
411 37
356 101
414 308
460 195
97 106
138 144
413 83
410 337
261 214
206 278
357 447
439 257
384 321
155 498
213 439
309 147
433 442
273 224
28 393
331 165
196 206
402 45
338 326
62 391
296 329
241 393
277 50
411 50
309 268
106 168
226 270
372 324
193 56
243 173
129 337
275 391
209 37
489 91
167 40
131 117
217 157
406 56
170 45
304 45
409 98
18 176
331 407
380 40
435 464
261 348
383 45
421 337
321 399
314 174
443 96
140 58
448 174
71 224
117 340
276 333
395 284
309 281
240 410
367 222
97 361
124 464
119 120
383 166
443 217
434 397
71 345
30 307
57 181
473 59
244 236
459 161
304 287
483 289
268 364
161 238
290 123
307 292
45 292
265 66
256 475
330 461
402 300
80 20
272 456
267 112
401 112
103 418
404 117
101 308
323 421
142 346
216 66
188 233
367 464
380 403
339 365
344 480
163 176
149 241
223 190
429 295
295 66
308 5
79 182
404 467
473 72
478 416
423 480
413 472
246 66
292 411
493 172
286 367
146 64
385 80
371 182
216 308
241 72
31 491
480 354
34 8
172 201
232 252
213 10
325 480
345 129
402 434
479 129
281 373
88 244
129 16
38 423
13 70
426 239
266 21
276 480
49 23
274 370
40 203
463 306
494 373
301 244
375 193
72 384
461 196
86 319
158 195
466 311
452 376
232 144
116 198
245 83
102 263
33 429
107 378
102 34
148 150
449 78
5 101
285 384
252 207
147 450
398 32
384 134
329 198
408 491
188 488
301 365
130 483
149 496
226 191
42 370
369 499
23 91
432 30
303 145
382 209
454 314
132 263
266 263
285 276
269 268
76 102
475 373
461 438
474 148
166 32
9 85
231 161
308 381
93 456
159 258
333 145
324 325
62 325
345 384
111 217
69 220
129 271
377 107
289 223
352 279
291 269
95 394
310 282
296 384
409 261
199 451
474 161
171 389
391 392
210 51
132 397
85 56
84 97
497 266
328 457
254 279
381 54
207 167
289 465
399 108
242 390
182 110
60 413
159 392
277 118
87 223
18 123
334 100
485 269
330 395
182 231
300 223
448 121
346 339
365 352
337 290
101 242
376 218
257 1
381 67
205 107
110 476
270 465
449 467
186 242
365 473
84 460
313 283
478 350
469 301
307 468
293 304
210 306
314 363
322 224
107 70
167 121
76 491
445 65
235 484
290 191
469 422
133 473
367 411
461 9
485 403
58 70
223 366
283 417
438 62
80 317
281 307
308 181
179 67
43 435
373 310
137 70
51 30
128 250
35 22
12 304
287 14
364 197
135 374
80 438
168 322
451 122
181 261
211 140
412 130
49 78
417 245
150 130
241 248
100 309
75 481
359 11
42 304
317 14
186 497
79 371
151 210
137 312
211 261
1 451
431 264
306 498
89 500
383 489
190 323
14 97
327 328
233 141
150 143
497 187
263 20
180 251
6 98
42 317
460 76
410 218
14 218
418 79
449 146
60 334
187 146
192 490
32 272
13 30
104 377
44 97
238 377
90 213
379 87
329 495
169 277
122 165
446 262
231 108
14 339
69 46
363 264
248 277
270 36
110 47
55 111
467 321
238 498
489 80
57 157
131 106
497 200
111 393
226 380
400 267
152 165
317 498
157 280
200 98
277 52
356 345
207 222
152 286
358 391
399 163
60 468
490 52
228 281
173 345
333 334
25 218
352 347
489 93
420 222
236 401
346 44
217 159
48 350
483 278
87 278
1 9
422 268
23 293
124 345
289 412
108 337
127 350
374 227
85 124
164 417
365 407
131 240
387 166
235 297
73 235
386 466
293 238
408 225
59 108
243 417
358 404
485 216
108 229
182 178
94 294
25 460
154 345
379 463
453 412
291 350
373 123
156 125
87 291
469 356
18 420
496 230
348 66
353 410
191 348
86 66
251 399
141 2
466 58
471 402
302 364
498 10
140 302
322 50
341 63
203 358
48 484
197 18
119 364
77 367
237 356
359 53
204 179
383 410
369 246
61 130
391 5
162 182
420 477
327 249
258 415
373 365
276 469
101 202
357 128
197 139
21 179
362 243
348 308
40 192
301 4
394 195
210 374
336 190
303 13
179 243
299 308
192 182
431 198
482 429
366 483
180 64
292 305
144 141
259 128
378 79
157 80
410 260
181 208
437 134
151 265
63 189
202 496
477 435
119 498
26 270
193 447
213 133
377 204
234 192
5 103
145 83
114 275
315 265
287 432
447 421
162 437
468 480
220 378
385 445
206 214
99 88
440 152
305 193
71 26
164 217
384 257
81 219
411 94
208 31
428 34
345 265
449 322
11 96
305 314
178 273
252 222
150 211
370 443
310 163
136 276
153 216
254 268
386 158
372 260
413 32
382 453
201 378
215 276
5 466
297 86
421 381
127 163
25 152
332 43
282 451
175 96
367 266
207 48
372 381
138 214
14 407
247 386
38 212
365 112
203 279
230 153
304 102
464 91
428 397
323 115
221 333
326 386
188 156
474 284
138 335
36 287
201 391
443 153
402 115
302 177
219 408
272 271
24 169
409 276
450 277
309 338
240 467
441 228
279 166
210 295
344 295
256 411
127 297
99 464
223 5
300 454
283 56
57 467
98 10
175 459
156 180
483 346
376 220
235 244
73 182
362 56
279 287
344 416
110 249
251 225
77 72
471 228
355 282
200 408
489 282
24 182
122 488
271 288
491 62
381 190
279 408
494 67
94 362
89 18
99 477
369 72
484 59
451 111
448 365
112 416
248 11
382 11
5 24
68 80
18 488
188 411
183 67
301 288
265 365
210 429
339 314
58 72
204 355
94 483
473 250
299 134
390 481
49 188
463 242
265 486
158 360
232 309
378 363
328 17
245 19
264 32
280 242
426 296
247 65
373 204
343 298
21 247
100 311
315 199
494 430
208 73
26 96
306 379
287 137
172 150
493 471
328 138
171 191
264 382
331 143
470 487
126 448
146 363
160 32
65 438
476 9
495 22
51 274
109 252
141 433
411 28
447 247
309 17
42 427
419 148
350 314
322 481
74 379
363 253
148 328
382 266
165 497
159 194
486 323
72 454
323 36
70 381
419 269
410 449
138 27
69 156
243 43
449 148
467 431
481 100
477 395
203 92
7 217
411 41
428 210
328 272
56 338
386 213
331 277
391 328
377 393
413 87
280 497
27 51
51 408
379 210
150 387
136 452
296 441
236 161
497 431
392 149
208 328
34 441
395 154
400 498
312 385
251 146
363 387
55 234
127 110
462 329
104 392
407 164
272 205
346 154
277 283
492 208
282 398
227 462
478 44
459 31
309 272
328 285
166 223
381 111
4 161
312 277
243 406
499 103
173 347
286 224
43 237
194 406
92 395
6 355
212 460
17 221
215 465
292 160
187 403
314 178
121 49
71 457
200 342
434 280
404 337
299 55
386 468
353 291
243 419
193 73
196 344
237 116
498 120
52 299
167 57
24 237
406 302
318 455
371 52
390 65
290 127
417 168
376 167
128 65
26 17
149 353
283 353
66 355
355 229
214 253
429 178
281 243
84 409
423 363
371 173
73 479
384 112
480 345
232 243
72 25
22 433
108 473
438 348
295 299
498 133
267 466
341 415
267 237
387 302
318 468
82 420
51 87
329 297
394 426
339 490
359 176
438 469
130 353
457 482
185 23
135 431
317 179
47 318
28 76
451 179
88 127
484 356
418 2
355 471
322 294
46 130
390 428
500 71
290 490
54 250
494 485
53 25
37 17
56 30
162 197
382 429
354 367
385 434
500 192
104 192
51 100
156 382
183 256
324 195
458 195
342 249
139 149
125 251
414 125
116 431
479 254
391 370
312 77
446 77
212 139
308 372
285 388
266 146
68 390
491 493
305 74
250 138
150 200
67 431
442 79
125 372
180 79
196 23
321 432
206 216
462 142
123 447
296 146
249 34
92 316
9 318
363 321
55 168
201 259
421 262
407 98
49 390
393 200
104 326
219 47
84 88
208 154
287 447
488 437
83 388
160 342
416 268
25 154
481 168
413 155
229 334
485 260
36 168
96 448
127 286
94 109
388 327
355 150
44 288
11 111
434 214
57 227
131 176
464 93
92 450
100 45
9 452
229 455
499 50
77 61
297 101
44 409
62 463
392 338
180 455
340 407
362 166
389 40
196 399
485 273
55 423
22 246
374 405
434 456
468 40
236 471
225 53
404 284
147 362
133 464
427 187
91 238
306 126
182 356
438 282
283 179
401 400
38 348
468 161
43 426
79 120
373 301
285 188
68 190
257 126
31 308
339 424
350 61
33 125
308 64
137 182
500 5
54 413
183 298
403 301
348 365
334 467
359 231
75 472
75 243
457 308
419 16
84 477
371 470
486 191
453 14
81 142
26 206
494 311
260 144
287 18
345 188
37 72
176 416
369 316
322 241
454 131
187 16
192 131
54 426
329 365
114 440
208 75
89 383
245 371
185 91
42 308
484 424
368 478
93 273
500 368
390 496
393 242
357 319
324 142
2 91
76 40
461 147
125 427
9 252
212 86
317 139
165 499
60 217
5 281
440 438
32 384
187 29
44 209
104 260
357 440
123 273
439 250
35 160
236 150
444 328
241 494
370 150
342 317
386 94
157 271
231 220
23 42
8 148
297 22
388 140
117 320
337 94
446 495
83 443
432 331
432 102
303 217
256 105
490 43
435 107
32 397
118 400
44 451
316 156
406 49
483 269
304 38
400 500
97 233
465 400
413 210
298 223
242 328
321 392
333 446
283 100
300 40
379 333
222 349
230 210
243 408
358 395
242 449
335 411
360 175
126 8
112 110
230 331
101 180
376 156
455 449
18 411
18 182
4 284
293 121
251 390
91 172
306 60
316 290
173 470
388 395
195 229
489 447
365 411
304 401
483 403
428 467
216 59
207 468
441 406
40 62
182 411
242 462
336 60
470 60
286 239
360 188
472 106
257 181
18 424
422 285
482 299
301 224
110 427
493 165
262 3
470 181
322 54
396 3
98 309
10 196
486 125
343 342
472 227
288 406
128 188
334 293
86 191
375 65
320 129
246 180
163 411
366 245
273 17
22 435
75 298
149 247
56 19
72 27
195 363
281 366
47 199
214 376
281 137
341 417
382 189
368 291
146 178
385 194
51 89
137 129
384 235
250 6
100 476
496 476
169 81
279 478
26 261
213 124
452 140
88 358
396 474
88 129
19 258
412 189
357 253
450 481
202 379
21 304
472 240
324 76
320 371
120 17
366 487
361 143
158 309
130 476
364 377
162 428
418 125
201 127
294 89
371 309
467 246
257 436
90 30
40 438
475 366
296 135
70 317
400 192
185 38
451 423
229 81
242 20
321 84
333 138
467 138
412 202
431 444
398 267
95 495
291 141
12 497
442 310
213 487
141 382
232 500
268 157
139 272
340 33
303 380
127 154
206 218
407 208
291 262
439 197
356 162
273 393
413 144
13 439
32 452
104 328
250 382
324 331
112 152
310 396
29 154
59 33
386 162
210 165
127 167
187 218
443 144
25 156
16 336
34 390
271 37
87 216
376 90
205 208
243 463
413 157
22 235
256 173
228 340
283 47
90 406
346 332
98 230
207 402
422 98
17 49
397 270
490 461
369 171
176 42
30 476
420 402
186 235
131 299
98 122
290 63
73 294
362 168
45 232
174 117
191 57
306 7
416 404
85 304
492 399
258 232
147 135
320 292
301 50
471 461
364 69
135 246
429 464
61 68
484 171
190 182
94 245
387 238
189 482
211 241
15 366
307 474
255 55
232 300
347 287
22 490
177 135
278 187
264 23
88 292
391 64
148 77
406 372
10 372
239 195
32 131
321 5
63 235
338 174
169 136
21 9
494 421
7 74
342 64
447 117
209 474
74 249
473 483
239 316
198 315
239 87
495 13
390 485
285 203
142 420
51 36
238 357
477 373
26 208
339 439
213 300
474 75
80 444
372 64
195 431
69 26
454 133
495 134
32 144
63 248
500 249
123 262
409 67
254 193
144 321
386 83
157 260
446 134
322 364
289 150
239 329
225 431
117 80
351 18
136 93
345 203
23 152
382 499
330 309
44 211
448 35
178 211
30 47
76 163
475 434
375 496
222 217
309 142
400 260
212 209
413 199
435 217
104 383
393 257
346 145
310 451
351 260
328 276
78 330
416 325
476 376
314 48
346 266
76 405
217 152
442 499
328 397
276 207
87 42
20 281
288 32
290 105
331 402
9 388
152 171
298 225
432 454
215 456
471 153
8 163
490 166
223 51
355 207
159 332
66 104
459 35
115 225
15 287
340 343
276 99
59 101
18 63
499 336
344 462
31 2
61 110
57 405
52 61
230 333
276 220
274 110
482 59
265 290
31 123
17 225
232 113
55 480
91 174
223 293
75 166
388 397
295 169
52 182
332 465
459 277
249 467
500 49
197 11
68 126
348 180
119 357
408 231
427 244
163 400
297 400
278 121
66 467
176 110
262 113
390 298
403 237
494 355
227 11
259 229
228 421
295 182
500 62
412 178
431 191
238 62
40 306
403 129
477 78
86 422
7 129
191 475
356 17
227 132
158 298
34 3
204 185
157 73
484 239
451 62
487 244
5 204
313 357
225 473
404 475
132 16
271 360
362 478
155 414
236 73
7 250
255 123
384 8
86 314
475 126
254 127
366 368
218 204
75 421
107 373
51 212
238 304
257 317
141 371
122 92
306 438
199 83
111 199
308 484
14 37
179 370
440 374
426 476
192 309
51 333
183 489
393 70
35 325
453 84
403 492
62 199
361 495
309 76
259 484
452 384
56 384
166 27
111 91
430 73
344 33
289 97
41 32
132 379
27 97
99 202
393 420
145 89
219 38
328 210
276 20
488 199
56 276
405 430
264 454
331 215
97 48
358 318
275 320
256 41
266 500
467 490
104 438
173 43
90 274
208 266
139 395
483 205
309 89
441 208
97 398
83 271
243 223
50 94
182 213
261 277
481 280
467 382
145 331
90 395
401 28
84 92
34 500
263 323
189 108
411 221
423 46
92 441
381 49
4 99
413 267
380 90
330 498
485 143
41 395
8 218
388 439
228 221
462 159
305 441
164 465
286 162
136 403
392 329
84 213
290 52
221 218
224 452
293 57
215 403
292 98
77 173
471 329
272 385
468 31
122 360
323 350
304 108
133 455
210 409
430 449
22 358
242 398
27 473
484 160
429 224
401 391
2 416
84 226
45 463
274 57
293 70
31 70
75 113
369 294
396 168
167 345
487 286
454 109
15 476
249 414
472 163
202 73
389 165
260 243
463 114
325 409
125 55
410 187
341 353
267 175
192 1
371 232
40 132
153 9
22 492
438 407
223 482
111 12
278 189
322 232
98 487
308 68
10 374
299 248
385 251
352 74
35 138
141 76
466 361
3 371
144 81
157 20
393 4
62 133
174 374
86 490
474 77
405 243
312 15
33 371
74 143
280 477
220 197
5 272
421 187
27 31
371 366
467 74
54 430
164 36
81 267
296 192
306 385
328 144
70 374
474 198
56 210
391 200
243 36
215 203
454 485
239 331
261 90
51 280
425 198
67 490
444 211
315 326
241 377
7 210
15 34
199 380
364 447
102 447
449 262
471 21
305 254
30 49
186 37
76 165
315 447
356 219
175 144
194 157
312 378
37 210
133 147
4 262
377 278
196 203
96 265
55 227
132 447
118 283
7 452
444 453
392 263
34 326
323 163
216 37
45 155
499 96
110 284
242 440
490 276
209 34
429 37
90 342
167 37
332 104
6 348
422 34
210 343
187 396
455 332
133 281
224 399
105 219
358 399
265 171
388 278
481 469
489 330
360 179
404 222
82 171
73 351
202 7
91 405
380 279
77 241
149 346
435 474
420 351
387 403
431 180
436 295
389 220
86 182
301 107
399 413
94 302
308 2
244 475
156 362
371 58
18 428
100 467
475 115
260 190
232 128
89 308
204 295
493 169
144 15
130 346
438 462
239 252
132 126
426 344
156 483
445 357
426 115
239 23
475 236
320 362
452 252
135 316
80 380
391 242
382 193
24 485
5 206
333 8
285 260
51 93
257 427
257 198
315 368
342 242
139 142
433 360
218 435
345 247
116 195
295 426
162 311
456 263
27 86
54 485
236 196
414 239
111 201
149 493
413 14
41 142
416 19
5 219
440 376
65 499
90 34
342 484
461 435
287 319
345 489
190 386
312 83
331 96
418 250
210 35
93 453
294 443
495 433
27 99
228 89
305 309
401 17
475 491
263 83
120 34
199 327
469 151
433 494
345 381
381 38
59 24
358 320
349 500
60 397
118 338
420 151
342 497
428 500
120 155
125 499
87 207
395 94
185 284
59 145
317 440
105 261
201 494
55 174
297 202
132 394
333 384
217 438
167 92
250 386
337 274
194 454
15 223
120 276
20 338
6 174
331 459
9 445
105 153
191 156
325 156
397 261
297 323
108 158
416 274
355 264
85 403
145 454
71 276
57 341
79 100
291 279
82 105
423 169
367 274
312 338
118 472
286 56
468 33
473 111
54 164
386 408
224 346
265 118
480 43
209 452
94 236
402 352
121 339
355 277
360 355
387 229
299 116
371 221
101 360
211 3
235 360
395 349
1 193
21 108
403 173
174 350
394 353
499 406
91 352
163 457
366 291
383 231
28 3
88 54
46 57
115 416
445 62
169 127
482 358
218 248
237 298
199 6
42 288
52 252
280 345
84 470
294 14
324 122
40 363
7 186
136 71
414 52
278 420
433 65
273 76
364 194
369 309
396 183
160 135
275 122
449 9
63 239
500 240
101 494
472 407
285 315
477 256
241 245
494 425
213 412
58 309
433 186
75 478
259 299
424 366
446 125
314 494
69 138
143 87
303 76
253 484
126 443
308 420
46 191
495 17
211 258
338 299
431 261
370 251
34 73
70 484
92 14
56 320
391 310
331 30
14 323
270 20
430 9
165 492
187 22
407 25
252 151
90 89
315 436
356 208
488 135
37 199
317 482
379 313
324 377
164 159
291 200
483 141
171 320
243 159
499 85
467 318
492 82
139 452
6 337
422 23
4 35
441 36
210 103
399 39
297 257
104 387
379 326
16 274
401 85
332 214
98 47
277 49
230 203
428 447
395 270
276 90
147 168
400 385
18 54
110 286
127 455
319 396
319 167
356 463
309 388
87 275
161 224
376 149
422 265
147 60
152 404
207 340
188 98
463 37
344 345
435 463
369 109
195 222
90 465
304 165
469 232
40 55
339 351
163 391
490 291
457 343
25 457
135 63
200 458
186 294
115 350
276 453
431 61
290 122
54 111
494 117
58 230
471 399
61 235
448 415
314 186
184 342
469 474
276 345
496 348
477 69
205 401
191 237
53 7
10 310
211 300
266 7
412 61
26 254
12 356
494 359
227 15
177 423
447 55
144 246
328 67
3 307
345 7
176 235
262 238
47 313
9 58
229 61
14 136
363 61
437 10
239 254
459 294
352 131
257 308
40 310
348 426
482 426
26 146
452 483
433 241
308 475
418 118
215 18
349 247
60 144
456 144
335 83
440 136
159 123
118 85
257 429
202 493
16 74
343 469
241 421
48 26
213 359
287 308
400 185
116 426
42 248
317 187
83 20
432 137
124 21
69 85
129 136
418 239
160 203
242 13
321 306
169 437
120 23
199 316
221 75
97 39
102 383
148 499
74 321
416 21
393 303
439 419
403 496
62 203
7 267
153 321
48 39
309 80
6 42
372 365
160 445
215 152
354 496
35 450
164 335
84 83
263 314
122 109
469 153
326 370
226 432
331 448
231 281
430 427
60 399
374 37
401 140
360 102
272 255
365 217
392 91
342 499
249 271
395 96
307 212
4 211
210 279
14 404
242 268
214 169
453 451
448 107
305 324
401 32
236 453
425 389
370 453
268 405
445 38
428 394
270 222
311 223
108 160
490 225
61 48
80 61
66 163
235 349
246 215
17 392
232 51
182 230
374 400
286 287
368 97
98 236
406 352
244 290
411 467
10 123
469 408
183 51
312 461
403 54
100 53
26 67
251 451
163 338
470 229
170 233
114 301
119 416
17 405
499 408
457 411
245 3
373 417
132 62
206 11
230 405
500 229
472 167
95 180
174 473
329 118
100 295
494 414
452 188
171 175
405 113
170 475
65 193
472 288
274 303
81 137
394 368
339 432
89 257
204 244
419 132
148 312
327 314
27 22
13 124
10 378
385 255
426 293
486 307
183 306
128 370
269 309
463 360
213 185
433 188
157 253
231 202
451 242
93 497
160 258
201 296
151 438
151 209
486 428
343 416
269 430
155 365
342 420
39 382
199 371
139 91
340 81
37 80
78 81
317 363
349 315
275 137
151 330
211 381
338 422
241 489
208 312
53 438
48 94
359 481
125 314
240 264
83 317
163 17
5 397
349 207
44 325
448 149
338 314
150 492
291 202
268 218
469 208
111 271
381 95
133 30
105 197
124 210
146 494
96 148
297 138
8 35
490 38
462 205
252 395
374 92
186 41
370 387
492 84
221 264
469 100
391 446
124 331
110 167
196 207
476 490
352 454
44 338
420 329
277 280
406 165
492 205
497 320
103 164
304 154
216 41
77 111
22 175
127 228
135 52
314 283
57 398
38 156
112 105
198 108
136 462
277 401
29 336
244 224
277 172
59 215
480 208
394 168
3 54
471 159
173 465
66 339
346 393
332 458
313 216
198 229
29 457
404 105
271 219
216 283
106 411
4 400
105 452
306 176
311 291
256 355
75 280
283 458
33 54
165 173
459 162
147 304
307 293
389 332
463 281
463 52
26 14
475 106
394 181
213 106
306 297
232 119
306 68
237 463
287 55
171 109
295 404
465 61
162 60
415 240
179 229
225 116
426 106
87 411
95 6
136 7
375 289
67 173
498 359
350 232
80 371
47 194
470 297
107 245
52 309
387 299
51 313
132 9
486 12
362 471
100 471
48 15
292 412
226 58
157 187
314 430
336 189
19 482
129 125
382 305
93 431
313 471
220 243
440 246
192 181
321 66
352 133
431 426
49 361
49 132
159 4
475 469
370 187
34 9
428 128
199 305
366 482
452 256
474 15
138 66
484 474
181 436
179 363
5 439
495 74
285 493
32 84
343 471
338 127
169 318
155 420
241 423
370 79
34 130
359 415
469 21
278 490
171 364
262 253
162 315
179 484
270 77
330 128
132 372
242 15
13 192
49 374
420 21
117 20
180 305
20 87
245 434
400 79
496 16
17 18
14 272
41 146
49 495
481 152
324 205
81 447
180 426
39 450
249 31
106 211
111 326
152 98
9 315
270 90
344 39
330 141
453 440
227 393
120 267
268 165
345 385
124 386
41 388
481 394
62 447
98 104
313 29
392 93
101 109
221 211
474 391
97 404
119 163
50 329
298 165
344 281
316 219
167 96
98 225
323 343
128 104
348 107
86 107
344 402
42 37
209 214
170 222
304 222
235 351
54 276
381 405
293 292
279 394
205 445
298 407
339 179
399 230
77 179
267 276
181 7
313 392
360 238
186 351
84 340
188 397
257 2
207 410
384 43
67 107
31 413
408 171
320 58
17 286
107 179
79 117
440 59
464 453
338 48
288 456
482 470
375 344
111 5
102 185
360 480
470 123
308 290
327 303
456 188
253 125
146 228
373 419
478 472
299 241
500 231
257 244
417 233
18 487
169 131
20 8
89 367
209 469
308 182
382 131
201 56
32 247
51 260
426 174
44 72
155 354
86 254
414 56
493 349
345 185
476 116
373 432
247 64
467 296
338 411
371 359
458 247
309 124
240 24
364 319
372 180
262 308
96 16
495 250
426 416
159 301
150 252
95 316
117 75
7 203
318 65
20 142
83 427
331 263
165 496
393 360
388 16
324 489
145 29
351 134
254 201
422 14
317 486
64 40
160 273
416 199
187 147
352 443
467 430
49 442
2 330
67 496
227 448
185 451
193 46
143 225
41 443
8 266
495 384
228 40
429 30
439 489
351 376
356 454
304 264
230 86
276 202
463 28
105 320
31 105
22 285
402 277
467 443
360 280
434 266
341 38
134 499
225 92
464 374
323 398
175 271
87 158
343 84
496 326
293 226
496 97
279 328
325 444
480 89
366 216
168 231
319 400
181 170
286 223
126 5
222 467
473 49
304 277
376 153
55 475
256 465
223 59
286 344
487 105
156 234
469 465
362 339
381 352
397 333
493 41
33 285
360 414
211 62
109 51
480 223
265 298
172 70
267 344
363 52
234 167
146 54
492 462
137 234
385 70
486 122
362 352
463 404
427 481
320 355
260 75
53 240
89 422
433 232
350 234
148 248
146 175
459 406
211 304
183 471
178 127
491 358
90 14
250 3
40 422
477 423
310 17
444 246
394 425
342 235
306 312
139 135
378 417
144 250
433 124
474 125
405 291
171 124
162 304
148 369
192 183
255 468
351 176
169 199
370 189
466 422
218 320
493 296
9 183
138 68
294 315
192 304
338 358
489 2
343 473
202 497
57 79
40 435
48 30
53 374
58 489
23 202
372 127
105 12
270 79
349 143
151 387
462 20
164 97
81 328
153 433
53 495
120 256
20 89
273 269
166 143
326 132
190 500
496 18
59 17
231 272
490 203
495 318
481 383
434 308
90 498
2 385
411 324
492 20
277 95
263 197
356 388
212 380
91 90
108 259
149 31
490 95
247 374
462 262
209 82
250 379
420 265
425 380
62 328
203 38
115 154
464 308
328 447
276 28
6 167
133 208
207 157
455 259
243 339
303 390
449 444
397 25
355 28
38 321
286 157
71 269
346 208
117 385
79 93
43 170
263 439
332 44
230 33
235 111
312 331
265 219
283 44
484 34
434 442
271 155
87 334
54 157
491 158
6 409
348 109
394 225
430 444
3 111
471 216
11 460
66 167
448 232
52 232
186 232
258 337
203 401
103 463
15 350
445 163
106 468
491 279
64 471
246 219
306 4
218 120
438 160
116 109
396 163
456 177
24 291
343 273
491 171
40 235
342 48
163 342
452 179
94 471
204 114
460 40
135 243
176 281
341 348
19 297
93 246
184 401
294 7
40 356
496 407
463 230
193 369
372 48
88 289
465 10
384 287
389 402
384 58
315 187
7 71
494 418
53 187
292 469
89 369
83 66
470 475
358 5
468 402
440 303
123 367
109 469
2 77
329 243
375 359
246 474
20 131
278 426
61 428
446 10
60 203
454 359
82 487
352 82
95 426
172 380
153 138
287 367
483 13
414 179
9 359
102 321
229 133
294 491
321 136
467 419
338 305
71 190
398 319
35 267
21 369
250 192
81 383
203 80
222 93
78 85
231 327
212 85
413 75
344 204
201 421
127 206
30 44
291 85
7 326
222 214
249 88
268 101
240 268
400 257
307 29
288 16
231 448
485 301
182 34
316 263
421 316
443 75
44 329
333 203
30 394
352 445
269 447
98 40
411 271
92 262
157 391
358 381
383 145
219 222
365 276
313 86
84 34
249 330
323 279
304 37
87 268
6 343
4 270
97 461
427 336
295 153
407 394
11 394
66 330
424 38
181 51
401 320
291 448
57 281
492 438
122 410
423 338
189 171
235 287
436 277
207 454
243 407
480 91
163 384
3 166
242 448
314 287
319 402
299 164
211 51
101 179
480 212
306 59
292 161
3 287
281 2
473 172
87 402
431 175
417 48
367 456
255 215
45 405
408 228
380 395
232 231
399 408
22 421
350 223
479 108
190 5
371 282
59 461
119 475
494 352
394 414
353 413
17 464
26 18
72 134
199 175
52 421
303 3
437 3
426 339
51 196
352 124
390 416
114 481
147 429
169 188
384 113
7 126
153 180
120 3
144 360
204 411
479 350
419 70
369 478
479 121
451 288
248 188
5 201
421 116
285 484
211 306
343 462
467 3
67 298
461 188
218 430
378 419
273 137
185 253
479 471
245 304
488 62
42 241
9 64
336 193
124 14
418 3
330 119
65 373
426 352
233 186
71 124
145 73
12 483
356 256
282 78
227 142
139 258
342 129
262 365
440 371
247 242
192 306
233 307
337 135
488 304
180 188
326 242
37 139
138 191
83 255
231 153
449 312
321 312
333 366
145 86
34 255
268 156
455 248
240 323
78 32
69 212
430 191
96 86
316 318
256 38
421 371
195 28
489 17
272 248
458 438
208 263
120 379
87 202
37 381
226 317
110 334
314 100
131 393
57 215
337 498
15 218
323 334
20 333
323 105
395 210
326 376
73 159
427 162
399 329
251 202
399 100
267 146
112 272
492 264
409 495
156 49
4 446
23 459
358 449
399 221
438 149
383 213
388 328
11 341
346 331
318 498
188 388
54 159
202 57
436 224
441 339
353 455
389 149
480 267
311 458
259 39
176 270
267 159
390 229
123 114
216 342
353 347
265 234
172 6
72 68
369 291
314 355
47 240
374 406
253 345
225 283
189 360
288 339
12 404
394 469
301 278
172 127
471 460
89 358
167 463
253 237
10 479
299 353
51 251
357 65
398 66
136 66
260 361
315 68
232 299
70 237
438 404
111 9
56 73
171 60
140 481
377 128
51 372
183 299
128 363
246 355
447 345
342 63
20 12
326 55
350 412
171 181
363 351
308 415
430 112
201 289
151 202
109 471
219 77
62 130
442 351
342 413
378 366
452 315
419 367
364 431
474 74
243 141
160 372
308 307
275 359
5 498
495 133
500 477
82 489
467 300
412 364
123 261
458 480
136 200
282 254
34 189
428 308
326 297
6 90
166 79
455 182
317 477
358 249
129 426
270 136
41 313
8 136
187 367
250 194
296 310
134 248
59 74
205 128
430 246
471 18
94 31
388 249
200 198
145 262
324 493
167 21
310 329
497 421
444 329
428 321
464 15
193 158
124 324
251 136
325 85
476 483
443 77
393 485
66 90
16 498
291 437
38 28
291 208
98 42
115 211
15 44
161 98
276 85
326 431
193 50
36 332
96 383
80 109
374 327
365 278
304 268
156 104
469 335
133 386
329 32
447 24
251 149
22 289
300 270
30 409
216 276
1 351
68 112
1 122
298 345
499 335
306 169
214 351
473 53
371 271
371 42
469 348
147 297
279 453
260 174
320 225
177 176
195 459
135 179
470 169
286 348
401 335
19 233
387 171
202 354
45 407
320 346
31 243
17 345
461 56
42 109
190 7
214 364
107 238
363 164
267 227
93 74
404 461
357 349
193 426
419 180
331 67
303 5
179 464
368 400
349 121
321 59
352 126
252 188
95 241
81 306
444 129
222 16
232 246
308 470
197 373
40 426
7 249
153 74
232 367
309 62
438 472
88 359
418 234
14 144
220 249
25 10
472 470
68 380
2 26
268 145
70 426
328 196
262 367
308 483
270 191
247 473
316 78
335 320
374 19
282 430
48 263
268 37
92 306
359 421
171 370
224 196
391 373
243 209
294 440
261 263
388 304
154 137
30 330
112 140
2 268
34 486
180 311
254 260
125 375
106 96
185 389
6 387
212 492
224 317
124 379
284 368
210 153
399 89
349 497
215 268
77 38
333 260
71 260
489 19
208 494
230 24
92 319
166 268
119 156
416 150
434 204
272 142
487 30
296 499
258 207
103 333
189 107
230 145
312 443
293 164
331 456
69 456
320 38
237 269
3 102
311 218
149 156
223 105
168 169
195 43
489 261
181 108
492 495
225 151
478 102
73 282
133 333
4 448
496 156
499 390
130 35
498 165
176 151
429 331
448 344
396 154
167 331
355 153
411 462
211 108
290 401
142 274
390 110
290 172
101 236
40 226
193 239
283 398
405 95
61 285
484 159
448 465
470 224
286 403
200 400
308 162
216 344
202 409
380 452
172 8
223 239
195 406
280 221
65 67
500 224
156 185
18 480
67 342
12 406
260 242
67 113
208 52
39 14
125 54
56 183
350 401
223 360
83 57
28 121
410 186
354 291
189 483
51 253
486 181
202 422
35 16
21 118
174 360
34 57
342 173
3 478
347 288
433 62
42 406
262 180
74 358
179 411
129 65
104 237
54 416
114 430
103 12
227 307
433 412
20 14
273 194
56 425
493 463
245 361
378 476
190 425
410 428
143 84
418 60
165 368
65 430
192 242
109 473
233 14
40 373
125 417
264 495
474 76
23 140
9 242
322 473
363 474
248 258
146 476
333 302
154 71
481 200
352 315
21 481
62 253
7 317
222 205
309 130
378 489
240 259
157 261
377 264
242 305
435 205
402 28
140 28
145 143
439 361
272 184
217 19
492 187
199 379
326 420
455 76
449 490
321 490
159 428
319 151
145 264
453 380
62 495
222 218
73 95
119 211
182 267
187 382
200 321
341 31
258 262
189 162
417 26
6 226
18 280
279 321
105 434
41 449
416 326
383 149
173 339
267 203
203 447
318 434
411 396
244 219
447 26
443 321
388 385
415 222
341 44
332 453
368 147
98 286
406 173
343 90
329 155
301 93
325 450
89 173
218 58
341 394
468 206
198 345
183 222
188 337
494 343
86 289
339 240
144 1
94 409
176 219
424 55
465 56
66 347
52 412
148 120
468 98
294 174
299 289
458 53
100 345
274 232
301 106
342 107
223 415
498 354
350 227
107 469
286 471
454 284
280 168
421 107
142 463
431 300
197 133
486 7
417 402
320 469
227 12
72 138
287 63
273 128
218 192
451 400
129 120
437 236
330 110
449 61
13 174
141 359
72 488
213 235
58 361
37 238
190 480
419 74
465 190
284 115
410 254
14 25
55 26
310 252
131 21
26 264
282 190
249 13
58 482
364 259
303 249
196 123
96 185
294 429
108 10
187 303
435 139
385 318
104 305
338 243
475 477
81 321
287 426
70 428
276 8
59 10
405 418
248 434
14 267
270 193
297 67
316 80
310 265
444 494
309 306
125 485
139 383
312 311
430 303
344 263
435 381
402 204
159 483
291 144
450 137
455 252
339 40
55 281
344 155
99 324
80 45
291 494
313 24
423 384
342 496
156 40
39 458
166 499
73 42
441 209
397 368
242 265
462 268
406 107
225 32
445 35
386 394
413 497
482 102
279 268
430 437
77 282
168 400
388 440
11 453
19 48
277 343
84 214
15 343
137 40
101 346
161 397
417 94
86 223
416 394
168 292
135 115
140 230
47 2
131 410
79 220
406 349
10 349
473 110
192 97
445 48
216 225
389 153
246 333
58 53
149 400
89 120
498 59
47 123
454 218
473 231
169 234
34 46
172 239
58 403
278 406
433 51
295 346
410 67
156 416
271 403
90 62
191 410
273 183
295 467
405 110
231 186
33 467
396 290
349 178
473 244
426 169
384 172
150 5
241 352
199 126
460 167
405 231
372 54
391 67
437 412
179 413
321 237
123 481
352 75
379 178
491 419
153 360
461 247
226 350
14 201
182 14
426 411
211 486
109 475
153 481
122 148
323 138
395 14
28 486
298 81
432 81
330 299
388 240
393 355
333 75
30 266
186 25
81 497
241 486
332 79
392 130
227 322
249 81
422 9
410 443
363 368
55 215
476 245
25 309
16 260
48 441
282 379
392 22
221 369
240 382
362 79
372 309
25 201
434 369
33 25
492 81
170 30
194 387
483 261
87 32
92 376
312 379
4 263
265 38
210 102
457 208
214 221
401 313
313 200
217 263
221 382
265 159
339 108
127 454
278 98
261 454
383 151
25 443
228 277
200 444
140 164
374 331
234 28
492 323
478 159
450 326
128 46
389 87
499 447
311 167
223 283
283 334
66 336
290 458
417 270
106 408
257 52
293 463
40 54
480 326
466 162
297 390
149 226
396 332
267 218
52 293
79 396
404 452
192 44
450 339
458 163
95 111
193 417
80 476
429 401
253 404
146 49
10 417
32 176
142 344
183 345
67 170
494 237
356 7
447 391
442 47
176 342
88 229
468 221
476 45
285 477
491 353
398 125
329 291
348 304
315 356
166 4
245 297
226 55
345 6
312 58
107 363
234 404
143 20
456 480
178 243
458 297
494 479
263 58
34 235
433 240
240 74
127 133
256 18
13 68
445 479
164 200
16 73
136 367
442 410
134 294
81 202
474 362
83 248
437 480
69 84
495 192
187 76
393 181
431 436
76 208
134 415
120 251
9 420
298 28
413 15
160 323
8 195
316 82
319 87
346 190
296 369
208 256
423 144
411 90
249 28
273 385
221 195
111 323
205 187
64 211
293 34
303 493
397 128
297 190
416 141
25 256
302 39
467 372
85 41
236 439
84 311
337 491
277 211
203 262
409 367
276 23
188 139
205 308
97 280
23 331
143 396
270 208
399 93
438 21
283 147
462 378
103 445
84 203
337 383
249 499
87 208
395 324
235 106
64 453
193 338
399 443
124 275
58 150
77 163
383 206
355 373
168 52
71 385
406 338
318 491
276 494
161 278
288 319
18 458
367 383
45 332
334 206
141 40
251 437
77 55
278 45
462 391
355 265
415 279
267 152
156 284
101 119
68 171
235 348
395 337
188 273
279 391
177 343
89 230
294 110
98 235
5 7
445 279
211 112
494 400
306 349
471 453
144 58
484 392
33 227
198 294
65 179
178 56
252 5
54 286
329 225
155 338
141 174
480 394
375 112
72 303
447 217
361 177
39 126
237 407
130 281
479 169
391 56
396 400
382 236
234 109
146 225
275 110
280 225
478 469
351 105
62 2
72 424
172 133
58 297
20 5
245 352
93 483
327 421
65 421
275 2
335 16
426 400
16 7
76 21
260 367
320 418
72 316
259 408
452 308
419 131
364 195
317 349
396 413
316 124
440 419
247 290
151 316
407 242
159 177
49 305
241 475
337 183
158 477
20 18
226 352
135 493
391 419
331 139
350 418
129 190
96 13
182 16
476 234
285 437
238 362
337 304
222 88
276 65
221 129
59 67
133 16
205 121
312 18
69 260
413 70
303 198
206 494
13 365
173 317
233 368
300 129
448 27
117 422
217 131
81 499
497 414
309 363
20 260
268 96
400 252
105 75
229 370
335 500
495 489
261 322
206 386
462 312
462 83
319 263
346 137
217 252
222 330
43 99
188 194
367 196
312 260
174 30
334 19
36 325
289 276
242 430
388 484
321 494
388 255
448 269
483 492
249 325
409 314
147 277
422 253
499 207
265 40
96 497
471 374
182 271
374 212
258 266
175 497
464 371
500 28
175 268
276 320
480 315
438 89
223 164
336 41
401 436
167 269
24 220
84 271
222 464
376 379
128 277
431 49
73 341
293 344
380 498
325 333
347 92
149 336
228 400
314 403
93 175
332 457
189 408
439 31
119 349
494 226
466 393
158 48
204 164
61 344
231 1
93 296
487 223
280 159
137 339
426 213
156 352
49 226
329 51
260 180
363 49
93 188
373 471
132 116
206 65
257 296
255 452
109 169
67 401
444 122
246 403
494 239
394 301
144 355
125 113
273 11
419 65
135 306
267 462
148 245
41 119
32 299
500 404
453 63
491 355
403 242
414 337
326 224
400 173
83 8
470 417
151 371
159 232
44 16
379 235
71 119
30 81
68 373
236 186
141 363
461 304
138 294
424 422
350 473
372 232
317 296
239 376
132 250
99 73
352 253
272 1
2 140
203 130
222 143
34 358
356 143
213 360
53 371
409 235
395 71
110 87
55 151
495 423
283 15
462 246
388 68
338 476
398 261
406 85
356 264
340 256
78 256
124 372
124 143
196 248
96 310
36 30
330 248
60 387
401 128
444 498
497 361
227 500
122 218
20 436
161 146
274 23
386 264
97 390
437 495
215 382
383 195
154 143
99 207
140 208
11 94
76 452
346 84
43 275
318 251
323 329
428 382
254 495
18 218
143 398
110 450
8 439
113 492
302 391
443 138
360 332
341 90
219 393
272 256
208 500
469 275
188 262
362 149
399 445
209 321
314 337
179 149
79 211
313 149
473 101
288 92
100 270
265 337
447 85
58 44
493 201
314 458
209 213
429 216
426 147
142 388
348 227
241 101
141 163
339 407
158 332
380 445
457 399
264 233
350 44
47 6
179 162
253 111
156 178
109 332
436 461
164 2
370 107
45 347
353 463
86 348
361 287
452 176
364 292
383 342
176 278
424 114
470 459
264 125
468 157
412 225
477 354
287 230
53 63
180 104
218 359
116 348
5 251
165 240
459 458
252 128
145 2
21 232
351 107
475 402
296 171
218 251
369 420
129 179
248 130
253 474
377 15
454 235
27 131
192 235
407 123
467 174
412 238
21 353
309 2
395 5
39 141
460 400
340 69
231 311
336 364
349 303
41 187
233 128
164 257
398 195
218 493
37 418
307 13
427 78
143 90
60 321
8 131
407 136
486 429
219 85
488 475
175 15
133 18
499 75
17 72
490 255
457 78
94 26
407 257
52 29
236 375
131 93
222 211
455 419
469 88
73 88
166 316
377 499
229 372
358 257
467 429
434 481
85 327
200 314
38 252
291 432
258 255
304 142
478 29
276 80
147 158
235 42
386 440
174 32
124 440
303 442
158 24
314 271
406 274
387 32
18 165
212 445
91 155
237 209
283 325
209 147
429 379
195 212
140 276
314 163
30 404
145 391
322 24
468 78
186 163
24 101
299 40
276 322
329 148
362 96
141 97
124 453
224 391
499 330
251 494
66 448
47 169
195 104
167 271
258 389
156 341
12 333
91 397
259 210
42 212
80 467
405 35
190 110
5 64
257 285
458 46
463 390
403 110
31 467
130 446
149 459
218 64
116 282
135 295
116 53
424 169
396 336
470 285
248 172
360 413
410 5
473 290
192 48
445 228
357 344
238 164
16 51
169 293
475 336
119 472
494 349
480 451
320 462
80 480
336 406
245 59
262 228
239 244
354 231
266 347
206 67
285 360
104 285
445 349
73 477
324 59
7 123
260 303
461 293
227 126
452 473
317 56
148 247
261 124
476 49
393 280
49 470
257 419
343 459
337 119
461 414
153 298
58 475
20 183
428 8
226 59
231 366
317 177
148 368
146 295
173 132
250 352
169 427
7 365
72 494
120 13
20 75
276 1
111 193
190 486
381 17
157 309
449 188
206 430
151 494
335 315
44 368
164 433
403 486
217 67
370 309
203 132
122 207
337 132
428 250
328 312
400 188
364 494
456 497
485 3
335 436
187 309
443 6
66 19
186 84
175 191
423 27
120 255
161 27
212 487
441 81
69 438
358 312
325 135
201 365
209 189
272 245
62 435
98 92
392 310
459 71
115 261
497 363
271 20
45 202
418 484
380 192
96 433
182 207
471 81
75 81
297 194
379 492
453 441
219 274
198 151
34 494
142 256
59 258
367 374
251 428
17 261
311 213
130 138
383 318
168 164
462 382
43 398
280 82
84 207
43 169
137 33
95 36
105 266
320 154
108 500
163 207
204 208
383 439
52 339
470 98
98 455
404 269
175 446
357 157
105 387
265 339
31 172
149 393
457 280
28 103
355 269
126 409
286 398
52 231
19 54
266 160
390 455
156 288
142 390
216 339
274 280
296 39
193 355
463 216
438 388
460 147
121 452
140 465
396 391
322 213
451 98
126 301
308 278
74 111
14 60
250 44
269 57
389 388
125 49
419 1
264 127
83 52
468 388
385 353
373 299
266 173
426 162
371 455
352 176
431 240
35 240
477 356
348 471
100 406
227 181
287 232
232 296
130 285
264 477
474 58
171 57
229 227
47 250
456 418
363 227
338 399
271 409
439 222
255 401
324 6
117 171
442 227
268 74
138 1
206 364
280 350
192 237
481 74
467 176
197 315
379 292
183 417
431 482
203 66
497 55
153 245
235 18
345 186
465 480
23 135
138 122
157 135
196 63
280 471
440 423
462 182
333 68
164 259
398 197
81 490
236 135
263 9
273 431
455 179
240 254
212 192
229 361
110 144
13 248
393 469
159 302
305 356
90 202
7 433
189 144
175 17
216 18
376 7
157 377
193 34
339 88
379 426
52 31
217 364
131 324
313 72
337 429
406 34
222 213
337 200
120 431
235 152
496 193
353 144
358 259
270 375
399 31
366 83
22 44
228 378
209 136
443 74
272 192
184 308
381 327
260 37
480 77
237 319
493 16
302 448
154 321
258 378
203 442
387 263
473 37
404 203
304 265
10 47
340 447
422 486
147 281
78 447
169 40
288 28
334 144
246 260
193 168
499 211
355 432
38 496
470 153
126 114
165 42
304 386
115 221
409 439
427 456
461 40
3 165
121 386
195 335
66 450
396 325
162 158
107 222
24 453
373 112
192 37
271 101
54 332
436 397
169 53
40 168
461 161
91 399
494 109
130 98
364 228
498 228
314 407
465 51
415 459
336 166
341 281
129 102
308 104
79 281
225 335
46 104
290 464
49 109
408 456
342 102
447 155
3 407
42 335
465 172
303 110
418 97
468 214
368 276
373 354
436 410
100 461
81 182
227 236
447 276
139 123
218 416
6 8
28 292
303 231
308 346
253 410
46 346
65 359
123 300
104 58
491 467
136 239
463 405
351 164
301 343
139 244
39 306
419 69
129 236
36 8
165 418
32 303
285 483
445 472
233 293
197 370
16 295
384 462
202 485
169 308
425 234
315 362
263 172
361 478
278 480
262 472
391 357
231 139
229 295
284 2
220 475
294 424
187 298
398 252
103 75
469 132
331 198
410 491
243 85
418 352
270 188
430 177
229 187
55 263
416 242
252 319
324 424
112 16
57 80
367 242
138 419
23 203
64 204
243 435
303 486
14 383
270 309
220 488
256 145
8 80
132 375
247 362
118 440
99 198
453 430
35 442
76 443
2 265
48 381
34 483
307 83
386 376
441 312
138 311
293 148
246 73
284 365
325 137
182 317
200 371
300 80
38 309
112 258
79 81
318 134
175 314
115 34
106 443
161 150
450 24
54 24
64 217
353 91
490 325
27 335
283 261
99 440
118 453
179 140
79 202
392 433
207 387
100 261
193 223
224 327
399 328
480 24
397 484
22 341
397 255
94 217
443 371
80 282
267 145
396 30
368 197
84 438
299 97
409 494
450 266
73 279
417 89
389 27
12 40
57 456
318 497
49 43
207 400
169 108
384 33
293 403
77 290
452 167
130 153
295 449
47 118
179 274
387 452
165 110
304 454
63 99
362 395
136 52
81 116
378 110
162 226
410 62
354 396
225 282
51 358
477 237
114 185
31 416
158 228
328 114
125 51
452 180
281 298
179 287
178 291
81 358
199 350
190 301
212 60
143 189
280 460
206 245
151 309
373 422
285 309
486 299
236 124
136 186
296 175
218 484
428 65
469 66
60 312
182 9
473 481
321 353
302 74
333 178
49 419
319 14
62 358
57 14
76 27
67 473
263 119
134 234
48 194
53 309
442 350
483 122
268 197
455 289
400 353
331 253
102 430
110 25
96 127
421 183
228 17
388 6
90 312
365 251
497 407
442 471
276 179
106 27
18 143
185 320
6 89
377 490
224 19
50 132
55 210
449 366
289 148
127 86
168 87
333 420
242 73
352 433
333 191
462 76
66 76
379 307
7 435
309 477
423 84
15 30
147 149
152 264
363 484
485 181
209 246
13 371
195 82
200 426
300 135
374 84
217 366
186 33
406 265
497 420
340 436
376 130
353 146
480 187
380 249
191 84
177 149
325 84
275 492
416 202
316 264
388 369
374 434
448 383
489 192
126 103
263 374
404 84
6 452
417 23
307 151
477 37
174 36
375 26
108 207
402 388
443 426
295 262
484 198
374 326
286 442
368 23
387 36
478 383
170 267
304 267
390 270
353 388
179 208
387 157
354 209
109 149
141 101
260 52
210 460
163 385
22 409
311 283
350 211
484 211
181 402
322 378
24 455
93 60
464 498
82 167
109 270
40 399
458 158
202 232
174 399
193 412
31 350
172 60
144 227
438 445
70 49
484 332
264 63
176 216
5 68
68 124
188 455
21 49
408 458
86 407
475 219
452 235
42 337
171 222
157 58
162 173
382 405
126 479
500 397
35 68
411 59
213 340
414 330
185 241
116 407
405 281
336 410
93 423
5 310
151 364
211 415
109 404
458 292
296 230
103 64
227 359
423 5
433 464
345 351
405 402
391 467
424 415
148 480
440 359
486 475
250 235
439 171
131 18
351 58
227 480
356 136
175 61
249 10
83 472
465 308
430 58
247 351
178 480
178 251
379 241
365 306
62 305
208 359
48 141
122 90
263 66
328 424
276 5
92 184
460 351
9 415
28 428
60 380
8 190
159 359
305 413
219 373
277 85
101 88
254 367
483 190
45 193
331 321
339 145
110 322
215 375
275 426
471 72
495 429
481 265
309 424
207 376
441 314
432 494
143 391
196 254
484 132
80 42
214 271
164 450
225 137
240 445
482 207
237 147
300 432
80 163
341 204
217 434
79 204
65 40
249 386
87 324
188 376
334 201
105 378
17 494
287 89
399 330
344 394
471 435
195 271
437 33
24 389
24 160
225 150
82 330
197 51
257 102
334 322
485 491
306 223
347 261
42 150
214 405
341 446
382 218
179 155
63 209
472 148
463 328
475 153
347 382
232 166
177 230
168 410
322 325
107 171
225 392
373 290
500 331
49 166
123 115
238 102
414 35
176 392
264 239
465 229
19 408
19 179
368 333
10 359
192 336
403 290
296 164
67 341
268 65
306 357
213 166
278 295
460 43
465 350
468 392
454 457
421 280
132 177
421 51
238 344
412 231
305 105
310 183
463 462
134 223
37 290
400 113
61 418
446 229
248 244
437 180
454 349
299 475
407 8
370 355
492 52
263 229
282 242
103 11
172 370
175 116
411 127
483 3
428 67
20 13
224 8
46 416
335 253
453 245
164 142
217 5
282 363
216 9
138 126
449 476
247 298
407 250
197 440
203 191
122 266
483 245
254 422
290 79
376 119
92 360
395 132
18 145
307 19
243 492
353 135
432 428
408 71
499 189
380 9
251 124
215 430
163 11
206 381
484 66
85 320
164 384
453 258
401 68
35 499
420 81
409 188
106 379
323 148
376 11
9 483
358 371
286 202
38 137
406 267
249 320
491 82
496 197
17 199
270 379
316 495
3 35
350 79
145 384
52 156
186 385
392 490
390 151
290 213
68 100
101 48
381 331
422 369
133 266
45 382
477 39
302 452
346 495
327 216
184 433
65 216
10 51
403 211
119 452
260 162
480 431
347 87
256 457
171 90
190 103
264 52
489 436
341 272
308 95
24 336
165 46
192 149
385 49
271 213
202 342
147 406
73 457
403 103
482 396
246 385
191 449
72 232
125 95
350 213
451 265
33 277
148 227
46 216
299 396
280 154
225 218
32 52
233 42
1 473
296 98
375 391
241 162
293 352
34 98
172 62
77 468
366 342
359 154
111 52
149 344
391 106
52 411
234 159
5 299
373 466
5 70
68 355
257 291
274 460
81 294
81 65
320 347
218 299
37 224
259 337
88 226
5 420
445 463
238 399
16 57
425 225
241 404
236 60
438 460
56 129
102 474
138 168
143 246
41 235
253 414
5 312
118 189
123 304
250 345
255 460
268 133
56 479
14 482
248 420
349 472
201 345
256 15
127 130
486 477
374 7
361 482
428 243
344 249
311 72
316 187
481 254
305 294
250 358
379 243
200 12
351 410
219 254
497 464
84 66
411 195
48 143
212 251
143 380
270 192
3 77
113 474
8 192
27 434
467 477
341 72
16 312
57 84
277 87
358 426
17 133
399 198
182 200
130 10
149 23
154 367
333 369
429 77
57 434
2 498
395 429
221 313
193 214
320 26
480 15
339 39
270 434
77 268
499 257
316 321
443 362
140 324
448 211
401 136
2 390
43 391
239 37
249 267
276 370
114 42
31 273
292 314
366 34
66 496
451 78
410 40
286 270
387 322
198 157
473 96
276 491
87 326
169 99
31 165
325 383
110 458
3 332
429 440
195 273
489 491
88 147
176 31
107 160
500 91
371 206
255 31
81 107
64 463
408 273
241 96
348 222
260 109
485 493
163 442
366 276
237 391
378 101
278 163
231 51
470 104
368 322
114 405
403 279
114 176
361 53
295 453
498 287
314 466
88 160
93 238
239 292
132 166
421 40
63 332
192 217
288 450
34 45
77 415
419 115
336 346
454 338
220 171
113 45
321 223
150 341
453 113
62 228
494 410
359 222
264 362
245 120
135 477
470 467
363 341
344 62
456 303
454 459
275 228
65 418
206 128
431 475
200 54
269 413
356 301
282 123
213 289
125 405
254 61
56 305
446 231
69 244
143 193
215 298
248 246
165 477
454 351
242 172
206 478
63 466
104 238
398 419
145 10
398 190
7 305
139 424
166 69
245 362
171 413
9 351
465 365
224 10
124 72
284 61
160 483
215 190
13 470
206 370
407 131
489 170
277 21
120 303
235 24
276 62
474 306
279 67
284 182
143 206
330 298
490 21
379 419
360 140
217 128
296 421
483 247
235 145
455 414
6 322
317 480
408 73
275 483
335 497
319 260
420 83
277 263
225 73
478 24
128 140
185 445
205 360
50 486
279 80
375 17
210 209
302 212
281 89
429 24
470 25
167 253
24 204
392 371
10 40
6 335
441 492
408 86
320 202
12 86
380 253
163 255
237 204
311 153
99 499
415 210
38 260
253 148
115 443
395 497
155 27
241 30
260 43
144 97
359 22
470 267
200 443
360 395
74 38
165 156
304 500
63 145
422 492
480 433
163 497
447 27
107 336
332 454
373 455
137 215
169 167
241 43
153 159
339 349
218 288
400 36
168 467
160 54
184 448
220 105
294 54
165 169
404 451
51 67
252 57
412 46
488 41
259 218
363 275
308 339
234 161
19 236
146 48
454 164
114 473
398 3
310 119
282 57
125 339
39 70
111 175
185 124
245 175
61 354
358 52
143 127
146 169
321 170
104 401
495 57
467 224
472 339
458 404
398 124
95 352
296 342
400 170
212 119
74 414
19 478
179 467
330 111
60 250
261 11
255 462
420 4
310 361
455 227
226 404
372 458
279 1
138 62
88 470
437 358
113 234
402 71
285 489
233 299
49 478
11 186
26 494
122 202
323 192
111 309
479 476
367 6
317 414
344 251
311 74
302 254
467 358
30 320
126 28
497 466
230 122
304 71
386 369
119 25
427 141
191 130
91 192
270 423
499 17
265 79
242 361
374 251
355 9
434 302
106 436
353 313
358 428
325 251
201 481
163 189
316 431
77 149
397 127
94 318
462 256
489 359
453 436
15 210
390 87
381 267
152 444
482 319
205 307
105 369
64 331
386 382
182 323
89 95
145 441
189 447
404 143
271 257
156 41
436 324
362 146
441 439
389 20
320 149
191 264
251 315
110 339
108 495
237 380
79 208
115 390
376 431
128 329
128 100
477 217
334 434
3 334
471 439
108 387
89 108
42 262
369 391
11 454
181 340
272 495
437 37
253 216
327 165
459 321
440 42
156 283
137 41
202 399
68 170
496 388
199 101
56 52
74 106
327 286
63 213
40 458
463 332
494 399
475 157
172 348
301 270
311 463
144 286
345 47
234 216
44 55
82 347
227 176
34 47
20 112
378 345
405 448
162 461
281 412
308 286
495 112
440 176
132 60
260 474
122 15
232 412
273 184
111 351
171 402
56 186
391 405
391 176
162 353
470 469
148 418
160 243
495 233
123 361
35 477
398 300
20 354
306 482
356 74
120 63
180 114
312 233
78 66
358 120
239 428
476 112
393 343
305 230
236 359
277 131
497 171
483 236
328 362
218 490
400 238
298 190
91 126
495 246
310 429
365 136
136 313
48 200
304 126
309 241
106 141
18 257
460 410
284 413
251 236
8 249
127 200
173 316
489 64
112 77
189 260
194 375
175 133
390 21
191 77
399 255
402 260
228 373
489 414
121 18
30 388
219 324
203 316
87 141
422 360
441 373
155 16
446 488
58 83
261 442
66 432
219 445
341 142
19 91
360 155
24 206
29 321
230 311
445 199
169 35
329 24
205 254
36 445
72 102
75 373
278 207
80 222
429 376
401 314
225 317
431 156
307 386
475 199
155 29
463 145
320 96
466 150
130 201
168 456
121 381
295 268
195 330
396 320
415 333
52 281
167 268
38 383
5 169
459 376
280 145
464 491
82 389
161 453
238 148
183 212
188 327
147 289
260 166
232 104
144 220
347 91
204 271
56 107
42 209
116 158
225 330
51 177
250 94
274 222
174 284
408 451
265 402
359 266
400 38
391 218
262 333
470 282
280 387
244 464
357 341
153 282
213 333
287 282
58 459
70 284
65 354
192 166
183 346
458 285
67 400
227 123
326 102
23 64
336 295
229 169
36 3
382 411
215 5
27 183
132 236
407 175
178 352
338 341
141 470
351 51
461 411
328 296
309 54
157 185
74 416
449 293
349 355
13 406
261 242
25 231
412 411
319 183
1 22
400 293
23 306
284 347
339 17
284 118
261 363
360 76
384 470
420 127
365 191
332 14
411 307
122 433
423 132
230 3
464 170
428 247
414 349
138 414
105 8
499 127
243 201
416 358
99 193
481 258
448 310
219 487
352 373
267 6
43 32
263 301
409 355
20 314
106 317
455 242
381 256
185 381
246 68
316 312
228 428
182 83
85 379
195 22
434 304
346 420
217 306
208 486
29 255
290 259
472 7
455 363
166 489
422 186
31 35
91 86
190 28
176 130
443 245
470 82
267 19
387 313
10 97
175 430
101 215
417 192
133 433
307 320
298 500
36 500
452 149
332 498
24 382
24 153
109 197
292 318
75 320
493 79
135 334
116 92
181 221
186 336
170 328
238 203
269 41
380 323
177 452
204 326
75 441
94 454
479 265
498 278
401 382
456 281
239 283
65 396
440 44
54 274
95 275
458 98
482 455
494 280
394 342
141 162
83 157
266 278
285 291
491 396
458 219
7 54
141 283
246 336
442 211
130 390
460 36
498 291
424 342
470 458
387 460
426 388
321 106
385 350
333 160
109 452
49 172
305 98
90 173
7 404
444 176
340 55
37 283
9 221
157 119
284 160
123 242
417 460
475 401
29 55
103 4
323 7
254 173
378 468
452 417
226 340
303 294
69 127
234 460
270 117
308 409
261 297
132 183
44 70
16 237
360 10
329 468
57 9
117 60
411 241
226 232
23 132
317 350
391 299
252 369
16 358
305 232
296 412
444 310
48 310
483 238
6 313
221 238
499 182
96 243
127 310
383 7
154 184
118 490
267 61
453 251
420 74
365 138
318 63
376 233
362 69
224 135
380 123
430 469
297 125
223 139
429 244
411 375
423 200
483 251
450 303
161 200
59 189
389 64
358 485
347 67
160 500
223 31
300 480
121 20
300 251
186 378
52 149
346 367
181 34
258 254
271 193
469 437
127 444
388 485
66 205
415 93
24 208
222 452
376 367
142 200
422 483
155 139
265 270
380 257
232 93
264 45
80 224
52 391
126 340
131 455
84 380
445 322
426 80
343 311
68 106
81 45
499 329
149 216
160 45
404 442
192 34
128 278
155 381
246 270
347 322
452 338
419 161
331 48
317 150
391 99
33 391
181 289
49 335
123 284
104 42
491 451
40 286
475 443
208 99
153 163
111 166
240 51
468 440
308 222
51 300
285 238
439 153
384 217
477 408
7 230
141 230
361 462
134 42
455 97
23 174
308 343
349 115
85 5
483 51
309 164
344 121
327 477
27 185
495 290
206 187
159 341
481 126
236 66
411 296
361 475
483 172
276 108
441 175
465 303
110 75
476 169
242 2
209 54
217 174
53 480
189 75
328 419
268 139
469 129
6 139
207 129
44 367
319 306
401 116
351 295
7 485
235 83
54 8
97 378
17 126
325 13
490 309
130 3
113 359
107 19
103 314
263 303
15 201
142 242
189 88
395 193
54 129
446 424
480 237
110 438
490 430
457 253
267 129
198 258
492 247
188 250
78 378
223 207
302 500
314 325
140 438
140 209
181 210
267 21
492 368
376 422
381 271
403 30
408 374
89 99
383 317
448 446
396 256
52 217
360 333
253 207
487 145
146 81
348 215
26 164
232 40
359 81
278 156
438 145
350 32
176 145
336 97
396 148
401 492
198 392
387 328
170 330
156 395
192 89
235 459
491 385
343 258
496 500
329 94
53 159
70 328
364 280
350 382
322 320
456 54
225 387
164 111
362 392
398 49
269 164
241 331
273 283
460 146
97 57
231 57
396 390
271 395
343 500
412 105
236 108
141 285
172 352
153 110
194 111
347 390
400 216
479 280
418 270
294 463
113 159
211 465
305 100
136 62
86 470
442 334
411 1
222 65
432 60
113 280
407 232
116 470
157 471
28 357
229 347
143 78
437 296
108 57
333 175
412 468
217 229
420 63
351 458
67 470
263 116
404 55
340 70
303 417
339 74
399 125
167 4
420 184
337 415
222 199
411 135
450 63
37 419
422 230
207 76
31 79
143 320
261 312
407 366
272 178
76 266
120 309
101 30
307 135
381 84
446 479
237 76
383 130
154 307
396 69
368 7
277 377
222 441
161 431
193 154
416 428
168 326
443 302
264 34
300 482
195 200
88 74
415 203
382 26
332 434
15 498
390 146
105 428
210 444
58 87
359 15
108 433
470 260
415 324
373 327
454 23
473 36
412 26
343 192
147 280
133 382
40 154
209 377
195 442
264 47
28 36
47 49
387 383
24 331
327 103
10 396
206 42
404 323
271 437
175 500
150 147
7 98
58 329
144 103
345 93
281 337
47 170
451 31
360 401
363 147
404 444
225 213
32 47
118 50
153 44
53 106
438 442
135 404
281 458
33 393
248 281
289 53
327 345
46 332
137 221
164 58
114 466
136 225
384 98
81 60
208 101
442 268
483 40
433 219
245 168
405 157
451 273
377 58
454 278
13 276
247 214
227 235
268 7
61 468
465 292
102 240
456 472
196 104
349 117
435 120
32 410
354 461
252 413
467 109
145 58
414 448
273 472
328 179
465 413
50 171
229 173
297 48
421 343
385 420
462 115
338 345
300 53
434 53
90 243
277 69
318 107
345 469
59 112
413 115
229 294
289 308
196 117
325 2
127 246
215 130
435 133
32 423
154 120
302 18
118 197
420 10
203 241
48 367
203 12
309 408
87 66
171 474
78 246
97 488
353 185
210 136
457 13
25 356
467 472
214 26
200 128
324 423
184 120
48 488
106 429
288 177
54 10
422 177
59 125
312 305
97 380
124 483
64 203
91 77
397 349
430 297
237 131
330 359
130 5
44 490
374 365
200 249
76 442
365 316
492 357
327 24
175 421
54 131
221 308
207 373
174 196
330 480
383 306
52 206
181 91
368 183
423 378
1 160
191 257
77 384
292 80
383 198
300 429
66 262
360 443
420 494
24 265
381 273
152 450
413 491
342 22
466 317
149 381
350 142
52 448
167 435
148 156
456 43
492 491
354 261
500 86
450 494
366 500
70 209
278 387
438 376
259 145
493 83
364 161
264 223
56 45
28 212
47 225
267 494
410 48
167 327
19 163
216 448
40 222
477 223
153 99
311 456
326 27
317 207
355 499
165 338
454 212
354 274
393 202
128 456
458 331
370 218
296 40
246 448
282 105
394 346
144 171
223 464
238 449
76 121
351 97
81 236
447 330
414 153
455 154
391 398
148 411
93 475
294 236
65 413
365 116
56 300
171 287
143 188
60 419
333 285
71 285
238 462
112 57
180 228
188 52
224 234
45 3
284 285
69 360
482 4
256 186
481 304
407 126
401 52
277 245
409 401
342 411
268 425
134 233
395 237
37 300
460 403
307 124
245 478
83 416
435 309
462 412
145 476
286 186
406 251
332 73
277 137
371 1
180 470
390 14
199 483
207 307
157 486
427 81
380 6
292 122
256 199
242 301
89 22
434 471
453 484
222 322
459 6
189 145
309 476
87 134
496 302
331 494
397 296
127 435
75 245
135 30
332 315
98 148
459 127
411 379
106 497
395 371
357 79
463 246
408 310
17 425
339 210
429 369
382 28
170 145
276 312
436 264
202 97
91 495
237 320
438 310
168 449
443 425
126 452
79 377
179 86
161 446
436 385
202 218
375 146
461 149
232 326
237 441
3 274
218 162
493 138
498 216
9 25
214 457
181 280
230 438
271 210
408 444
232 447
89 398
144 105
451 262
336 46
74 275
426 434
151 229
32 49
156 344
159 90
123 167
436 398
174 398
394 401
309 34
254 98
139 111
116 393
171 100
446 39
107 344
74 396
179 449
60 232
220 221
187 44
233 160
271 452
16 162
439 265
269 342
310 114
494 460
442 41
447 385
400 273
37 221
56 234
83 337
151 242
63 395
481 117
439 386
169 296
62 170
488 278
37 342
455 101
345 229
152 63
317 396
251 42
132 350
388 47
486 353
95 468
240 297
92 170
37 234
171 463
102 363
224 60
410 479
41 353
305 399
29 6
496 115
97 369
334 53
110 308
251 55
325 4
453 418
52 74
131 138
337 243
409 348
390 69
59 235
358 302
196 469
210 138
14 492
182 305
397 230
168 141
402 79
30 436
85 143
167 182
24 133
48 490
103 197
1 149
191 246
353 79
485 464
399 195
22 208
435 377
335 439
443 238
355 125
267 241
200 251
420 483
487 15
68 31
59 477
73 146
463 72
353 200
430 420
466 77
228 434
121 79
200 372
271 252
221 431
417 77
54 25
12 257
339 157
359 72
171 21
369 265
484 252
66 264
112 380
10 332
63 195
137 144
211 93
412 83
109 311
436 440
207 388
40 211
86 327
301 252
246 316
172 101
359 193
378 206
144 39
70 90
283 383
405 80
74 209
60 45
65 160
304 442
202 394
348 219
227 158
144 160
479 150
157 99
32 104
371 324
54 388
431 109
35 109
477 454
174 453
425 35
213 381
111 104
9 93
47 348
281 286
229 96
14 171
19 286
46 389
10 466
170 455
247 150
137 278
472 497
255 270
425 156
301 386
375 335
122 118
53 284
42 391
474 48
262 394
336 343
165 461
219 172
131 59
458 225
134 101
72 418
378 461
326 271
455 156
92 104
135 474
23 4
449 341
5 364
261 61
211 469
159 279
99 228
393 217
467 166
35 472
453 231
420 54
236 233
444 411
208 171
326 163
97 303
479 405
465 470
298 64
418 395
275 346
476 336
165 474
321 462
104 464
11 7
38 110
76 136
277 126
464 218
400 462
166 295
6 77
78 182
367 56
256 188
242 290
173 419
247 405
453 473
401 54
318 285
423 301
328 478
326 405
188 175
226 467
97 316
83 418
64 139
248 485
289 257
242 182
30 491
497 408
282 483
106 257
312 362
348 19
64 260
480 175
96 478
347 60
55 440
22 263
77 199
25 305
434 473
66 77
489 180
15 489
142 301
390 137
166 429
312 483
477 25
274 191
64 381
45 139
334 242
31 204
320 78
325 193
182 373
218 30
242 424
149 196
468 178
98 379
313 75
483 486
51 38
381 438
188 309
128 29
436 145
422 476
301 186
67 19
466 24
70 24
130 75
283 317
190 89
195 433
322 245
448 384
286 322
257 35
311 500
369 441
28 148
74 35
10 279
390 500
376 373
288 489
202 220
477 159
380 492
163 494
433 89
383 497
405 256
88 320
465 41
74 156
308 94
349 95
371 379
12 217
369 454
437 329
74 277
234 266
79 392
41 100
266 218
123 398
252 283
384 210
477 401
217 33
315 339
342 213
359 153
69 54
363 272
270 44
74 169
146 274
137 454
486 342
370 396
268 119
125 336
199 285
483 44
405 390
171 223
226 159
28 403
391 226
124 111
418 329
266 460
32 293
385 411
233 283
178 347
123 411
85 119
7 465
423 114
212 116
50 283
303 234
344 6
421 226
151 365
252 417
16 406
136 471
203 232
497 221
263 54
428 350
221 57
307 60
138 288
83 352
14 481
432 240
41 355
289 191
127 358
154 232
415 7
2 363
76 312
310 250
222 366
230 227
483 407
240 420
133 65
215 363
108 237
25 468
228 302
319 420
198 130
304 297
230 119
189 81
276 235
106 312
119 251
279 240
152 199
251 407
210 140
415 20
464 178
288 181
367 474
348 195
367 245
293 30
243 438
320 133
494 20
213 7
55 387
41 489
80 151
314 89
434 420
489 356
2 497
76 446
291 371
318 474
373 144
269 23
152 441
408 138
191 369
100 22
182 320
297 307
484 362
80 272
176 17
429 197
38 312
332 493
98 326
354 23
304 431
189 444
101 331
137 25
290 267
235 331
183 141
21 79
64 449
353 323
339 388
283 493
61 380
66 495
369 267
234 79
450 377
202 275
480 256
94 449
176 488
350 375
498 273
350 146
364 273
28 95
253 442
225 380
165 100
257 332
238 90
188 498
403 157
389 259
494 275
70 213
359 87
400 88
438 380
372 26
267 498
418 142
468 488
253 334
148 52
280 437
338 149
150 327
439 201
26 291
394 458
347 383
359 437
264 348
303 47
165 342
280 329
51 469
211 458
426 383
431 461
338 270
219 53
21 334
351 209
444 171
461 340
221 99
474 50
224 104
36 53
127 171
60 181
261 171
13 106
266 286
352 289
407 225
412 340
379 163
384 278
351 101
260 471
243 238
352 181
200 53
169 474
458 348
208 402
411 236
153 466
87 112
340 292
460 394
245 469
138 343
193 13
413 282
50 230
231 305
143 192
432 295
129 294
143 421
333 289
104 466
314 10
228 7
57 125
337 408
196 405
476 230
154 179
145 359
167 118
332 185
122 375
194 480
268 429
323 136
97 318
224 359
427 193
256 311
416 300
214 314
198 77
406 255
203 421
203 192
15 141
390 18
161 195
450 69
147 260
491 70
307 249
212 426
182 254
173 434
322 5
478 252
115 200
54 190
417 13
207 432
279 308
265 144
177 260
182 375
424 137
61 85
262 75
401 419
365 496
19 88
253 26
478 373
115 321
483 488
1 448
338 70
362 427
202 209
133 375
40 147
293 327
204 255
121 486
61 206
214 448
162 258
181 271
468 301
93 158
98 273
10 389
239 212
244 327
238 24
269 91
427 448
471 491
278 325
345 86
405 137
479 86
116 34
157 35
102 99
415 330
184 434
220 91
313 319
321 143
486 210
343 427
357 96
95 325
21 147
114 338
380 494
461 153
70 268
245 40
451 374
231 105
52 399
330 84
299 276
269 333
351 143
7 333
334 499
260 284
375 271
366 451
204 389
452 225
331 164
96 38
150 274
324 161
155 389
315 341
263 151
411 49
194 51
273 344
326 207
460 207
456 465
275 390
215 110
416 100
440 457
421 215
99 164
346 41
122 67
428 110
199 287
111 403
410 470
363 395
316 54
217 277
117 110
370 290
222 126
15 62
395 54
331 298
64 183
124 234
432 350
499 111
437 465
173 355
25 228
379 231
126 14
38 167
310 360
464 275
395 175
111 416
6 134
482 63
380 52
96 293
335 309
44 362
80 19
305 403
401 111
332 11
277 75
208 470
268 484
409 231
39 432
326 462
133 296
59 118
174 68
96 414
36 134
485 226
490 304
435 368
75 62
457 127
222 489
203 247
392 183
189 312
309 414
202 22
367 355
274 127
353 420
372 470
149 132
154 247
71 478
137 14
216 78
45 425
45 196
260 84
339 148
177 86
292 73
75 304
168 266
429 307
448 320
434 422
211 84
54 366
340 494
257 200
334 420
475 130
360 328
167 199
382 87
225 369
197 41
293 274
191 492
31 274
380 428
311 328
223 444
223 215
350 256
295 320
402 446
181 218
456 157
234 81
404 492
63 199
156 390
357 151
431 100
288 317
67 318
342 28
204 323
419 211
264 337
322 315
181 339
456 278
19 277
65 393
151 167
371 436
44 41
54 500
26 401
121 446
47 231
132 275
151 288
440 162
82 454
412 329
197 175
477 458
236 103
475 385
480 500
442 208
125 272
452 401
9 97
162 339
344 50
330 152
71 157
361 404
342 162
309 214
199 342
39 124
264 471
391 283
449 224
354 401
316 109
421 162
385 468
99 111
252 353
398 407
310 294
442 450
103 1
6 68
336 468
298 176
358 227
129 404
69 353
160 471
465 353
471 104
495 461
242 52
178 296
497 278
48 186
464 101
309 227
139 304
161 63
326 396
50 232
210 184
275 350
154 60
319 356
300 114
324 471
90 304
439 458
184 168
134 347
337 181
120 412
304 4
469 71
23 479
205 227
289 369
275 471
173 423
402 17
79 7
216 12
496 295
270 477
430 466
366 185
316 364
407 482
44 430
481 431
420 192
454 5
84 243
373 80
133 364
329 10
205 469
36 431
237 421
292 128
8 369
204 15
283 308
405 5
61 195
173 436
214 437
167 362
341 249
322 7
368 123
373 201
244 87
290 432
123 26
202 319
348 144
199 21
452 201
209 480
121 138
179 308
387 257
244 437
354 80
376 364
100 429
389 303
494 319
315 88
380 483
213 77
72 101
177 383
218 155
204 257
130 308
77 216
176 424
405 18
264 42
410 96
280 252
426 306
500 26
271 203
472 193
329 373
54 205
188 434
306 389
218 276
89 391
400 24
171 201
283 442
424 152
368 257
294 42
473 273
156 337
109 262
62 150
296 88
246 496
260 165
414 80
345 209
460 196
454 381
13 150
385 281
178 217
467 91
150 155
477 284
263 32
172 173
226 150
350 445
248 397
303 104
234 270
55 2
476 32
206 171
247 209
407 161
63 388
238 389
145 161
324 392
150 276
277 51
48 228
153 281
345 451
116 399
312 45
148 351
27 61
486 346
305 271
269 348
57 169
351 387
442 276
180 276
326 330
97 241
391 459
14 472
229 397
210 118
248 410
243 66
416 223
182 56
113 222
434 277
252 300
85 123
131 239
217 279
117 341
310 470
337 344
497 333
87 169
395 56
78 120
102 477
298 123
325 226
129 351
261 470
27 303
168 13
173 357
44 243
197 485
448 67
11 66
57 182
425 349
208 351
147 75
119 13
399 296
499 5
110 193
344 131
256 247
187 413
305 405
379 354
332 242
392 293
478 67
409 233
224 416
397 344
3 188
402 422
295 67
308 6
84 298
337 478
332 134
207 368
133 190
413 473
251 411
232 132
430 413
256 489
265 80
471 185
154 249
29 483
478 309
216 309
101 93
106 437
257 81
279 365
91 314
383 422
336 81
52 322
396 132
203 491
304 314
266 22
491 140
207 381
174 204
191 373
36 499
466 312
447 70
359 186
433 135
471 427
457 492
3 322
456 267
165 91
65 153
151 156
426 132
381 389
408 492
463 199
347 253
89 446
306 215
359 78
89 217
474 28
457 384
3 443
135 333
295 322
33 322
248 210
146 199
10 338
285 277
101 456
436 446
425 28
26 282
260 449
463 320
359 199
364 277
446 87
162 328
33 443
179 268
247 143
371 438
407 95
390 451
352 159
321 92
305 84
384 377
329 441
384 148
62 97
488 205
273 280
70 217
42 384
345 156
231 283
231 54
281 400
14 56
19 400
280 441
132 277
305 205
260 462
67 333
134 94
273 401
218 465
328 108
419 226
190 403
143 291
229 102
13 218
285 411
178 285
35 465
21 338
117 275
351 213
241 341
411 227
423 52
218 357
345 398
460 385
110 6
127 175
113 277
416 49
421 393
500 457
145 229
117 167
199 465
92 110
215 409
289 358
251 103
409 396
207 181
59 54
471 227
8 237
173 304
401 168
291 296
406 246
258 119
277 361
334 114
408 63
210 78
75 119
302 310
11 363
448 364
341 9
492 407
98 22
103 366
244 76
376 232
221 358
216 14
54 181
243 376
490 482
242 417
283 418
283 189
470 15
423 428
161 428
472 61
397 412
256 436
466 17
75 132
314 377
429 364
281 200
434 479
107 84
181 33
368 125
63 243
390 372
18 500
348 375
422 361
463 362
463 133
480 302
366 429
28 141
195 318
286 436
52 269
19 92
93 41
373 95
156 326
150 23
119 444
100 202
91 382
361 206
70 259
58 205
232 92
111 31
245 31
262 200
410 98
281 213
327 329
79 264
65 329
68 334
123 41
73 449
458 260
274 439
403 324
218 278
326 77
259 87
56 216
359 25
429 498
74 270
363 144
79 385
165 388
225 439
238 378
417 380
155 380
342 206
361 219
414 311
218 399
447 259
273 335
89 285
28 275
50 34
415 455
14 111
229 36
454 383
44 219
123 283
403 337
475 442
81 286
483 37
268 112
97 230
245 165
243 55
275 273
435 225
297 32
388 150
35 291
291 217
461 399
175 42
56 350
345 224
231 351
377 176
330 101
27 63
407 284
71 106
150 399
48 351
263 276
230 99
92 165
367 104
157 294
289 184
434 279
164 418
38 50
411 295
103 179
483 171
92 286
45 174
275 407
108 230
127 243
113 345
471 53
402 182
168 15
159 461
198 123
387 59
309 405
243 310
129 474
466 59
302 365
333 469
462 354
11 418
85 367
90 482
346 179
43 370
478 69
20 423
450 236
23 428
353 303
284 469
31 23
499 128
196 356
471 295
190 16
388 297
281 134
202 26
59 243
193 435
193 206
480 236
17 246
3 311
435 493
149 136
355 241
253 193
220 16
170 195
426 121
500 70
161 375
202 376
21 72
482 430
463 188
353 316
361 140
350 18
179 365
156 381
500 191
235 445
486 27
417 422
381 499
274 373
40 206
119 499
241 196
45 321
191 375
185 35
498 266
281 268
437 27
404 375
445 376
385 96
178 32
447 422
37 29
457 386
56 42
157 94
107 273
79 440
404 496
500 433
101 458
183 497
90 40
477 220
67 322
141 271
287 325
447 314
419 215
326 24
364 279
377 218
69 102
129 153
107 394
313 499
41 40
151 400
123 338
16 212
310 164
359 322
130 499
185 169
171 271
97 56
262 389
248 454
36 46
316 100
476 89
335 113
351 323
53 400
208 45
199 225
143 293
25 274
192 451
35 467
420 49
222 293
411 229
442 333
409 156
235 3
78 56
490 229
104 459
406 6
208 287
411 121
115 59
309 339
428 290
483 226
15 121
226 341
367 280
105 51
14 421
430 336
110 129
399 3
349 411
99 236
314 124
145 352
150 467
310 419
444 419
235 245
367 401
23 362
279 59
297 342
187 470
435 306
321 470
135 14
355 54
470 4
76 373
404 175
464 226
211 9
1 199
92 354
367 293
306 17
209 350
283 70
420 304
492 409
290 194
17 301
42 65
295 245
407 486
451 4
258 363
387 248
65 197
197 87
40 140
119 433
114 89
67 14
17 422
251 360
292 132
383 479
204 248
116 135
424 251
126 328
38 481
368 356
57 494
371 361
271 194
412 133
439 7
40 261
458 20
381 325
320 315
251 481
163 368
144 89
121 371
401 425
234 248
43 451
294 33
211 264
362 433
16 25
35 38
260 385
475 310
315 92
67 256
17 435
452 326
493 364
278 210
336 151
74 151
146 256
266 92
407 31
197 221
183 323
128 387
169 388
164 44
334 492
458 33
488 141
452 447
223 395
369 449
190 218
410 221
220 326
385 393
63 379
426 202
467 203
40 395
26 460
136 103
34 92
361 221
378 390
278 452
37 97
83 213
102 226
14 342
281 457
421 208
407 44
494 457
194 165
254 216
199 280
138 270
418 324
358 44
242 98
467 445
236 283
361 463
485 206
270 281
456 471
275 396
294 409
335 410
32 409
247 334
16 401
11 57
453 173
53 468
413 222
129 463
215 466
209 163
200 343
24 117
450 225
125 465
482 177
418 458
430 283
237 117
27 307
242 232
421 463
295 58
2 479
198 125
318 227
230 114
188 117
152 423
348 69
105 348
482 69
86 69
284 350
163 289
416 240
481 369
85 369
33 179
365 423
189 426
4 417
45 418
119 367
408 241
422 176
339 370
320 128
480 117
466 182
163 410
3 192
223 195
295 300
300 415
355 122
464 294
395 423
128 79
274 133
353 426
361 21
311 429
306 85
121 305
186 434
79 308
49 136
436 316
100 367
67 190
394 319
232 257
204 195
79 429
46 252
244 496
137 141
49 257
436 437
348 324
260 211
208 21
26 44
433 139
149 380
176 483
369 383
498 268
396 486
451 193
349 145
406 450
5 106
170 439
244 388
192 198
266 147
299 324
65 157
229 201
324 88
95 265
329 203
463 432
494 499
262 378
80 401
262 149
