0
1 10
10 21
21 9
9 1
14 37
37 29
29 6
6 8
8 40
40 10
10 25
25 9
9 57
57 11
11 7
7 5
5 20
20 14
3 34
34 8
8 20
20 13
13 30
30 28
28 3
35 8
8 36
36 3
3 35
31 23
23 4
4 35
35 7
7 16
16 25
25 14
14 26
26 2
2 31
35 38
38 28
28 36
36 30
30 15
15 44
44 16
16 35
22 35
35 31
31 27
27 22
44 58
58 9
9 34
34 45
45 3
3 54
54 8
8 41
41 40
40 12
12 20
20 18
18 17
17 26
26 44
54 33
33 25
25 53
53 7
7 54
47 10
10 54
54 18
18 26
26 55
55 2
2 47
6 49
49 23
23 42
42 6
17 59
59 10
10 51
51 27
27 35
35 37
37 17
48 17
17 34
34 15
15 48
48 39
39 14
14 67
67 26
26 48
30 48
48 19
19 54
54 24
24 5
5 68
68 6
6 47
47 30
49 21
21 72
72 17
17 49
44 41
41 32
32 49
49 30
30 44
1 69
69 26
26 94
94 11
11 66
66 19
19 56
56 14
14 57
57 16
16 51
51 36
36 46
46 34
34 47
47 32
32 43
43 49
49 44
44 22
22 1
34 73
73 16
16 112
112 15
15 62
62 2
2 77
77 9
9 64
64 5
5 70
70 25
25 54
54 69
69 46
46 57
57 34
20 83
83 8
8 80
80 19
19 67
67 20
24 70
70 13
13 68
68 24
24 101
101 5
5 85
85 9
9 81
81 24
52 32
32 102
102 3
3 77
77 6
6 110
110 24
24 59
59 54
54 40
40 62
62 75
75 20
20 52
31 68
68 35
35 109
109 2
2 91
91 23
23 64
64 40
40 55
55 29
29 52
52 31
51 41
41 93
93 9
9 97
97 39
39 70
70 31
31 84
84 34
34 50
50 38
38 51
63 18
18 89
89 6
6 98
98 47
47 49
49 125
125 33
33 59
59 67
67 51
51 30
30 56
56 45
45 60
60 14
14 92
92 26
26 71
71 7
7 63
95 16
16 74
74 7
7 90
90 6
6 95
79 57
57 84
84 32
32 78
78 45
45 81
81 30
30 90
90 14
14 97
97 10
10 98
98 7
7 79
61 48
48 94
94 31
31 79
79 21
21 76
76 28
28 95
95 36
36 53
53 63
63 27
27 61
1 103
103 5
5 111
111 3
3 130
130 35
35 74
74 38
38 110
110 25
25 72
72 37
37 42
42 56
56 52
52 61
61 1
27 99
99 4
4 103
103 11
11 96
96 38
38 77
77 55
55 44
44 72
72 27
97 44
44 70
70 49
49 78
78 56
56 73
73 42
42 65
65 40
40 76
76 27
27 97
80 42
42 114
114 30
30 101
101 48
48 97
97 37
37 80
22 100
100 45
45 80
80 20
20 89
89 22
98 40
40 90
90 34
34 98
9 153
153 44
44 118
118 21
21 108
108 10
10 123
123 7
7 126
126 5
5 106
106 13
13 96
96 16
16 132
132 9
111 14
14 182
182 9
9 111
90 62
62 52
52 85
85 41
41 90
66 90
90 70
70 58
58 53
53 106
106 27
27 86
86 12
12 105
105 8
8 163
163 11
11 111
111 54
54 88
88 19
19 92
92 34
34 102
102 76
76 66
87 51
51 93
93 60
60 81
81 78
78 66
66 77
77 61
61 68
68 43
43 112
112 20
20 87
42 104
104 32
32 87
87 42
72 101
101 59
59 74
74 52
52 83
83 57
57 80
80 68
68 72
109 80
80 61
61 85
85 56
56 107
107 19
19 91
91 77
77 72
72 58
58 87
87 49
49 109
46 104
104 58
58 83
83 68
68 106
106 71
71 46
13 124
124 14
14 137
137 25
25 119
119 13
15 121
121 18
18 165
165 3
3 120
120 13
13 150
150 5
5 130
130 46
46 128
128 29
29 91
91 90
90 89
89 51
51 109
109 42
42 98
98 22
22 116
116 15
84 83
83 66
66 84
131 21
21 124
124 71
71 119
119 41
41 100
100 68
68 96
96 26
26 123
123 18
18 131
8 136
136 7
7 129
129 16
16 133
133 24
24 117
117 20
20 131
131 8
120 27
27 148
148 8
8 126
126 17
17 120
23 140
140 2
2 164
164 37
37 139
139 6
6 134
134 36
36 108
108 59
59 115
115 34
34 120
120 23
105 53
53 100
100 51
51 105
28 121
121 20
20 143
143 18
18 133
133 17
17 163
163 19
19 179
179 33
33 137
137 70
70 107
107 67
67 65
65 81
81 75
75 105
105 31
31 111
111 12
12 103
103 28
40 140
140 28
28 126
126 14
14 135
135 23
23 132
132 40
122 67
67 113
113 45
45 110
110 87
87 66
66 86
86 91
91 56
56 97
97 62
62 133
133 30
30 116
116 34
34 189
189 12
12 159
159 4
4 167
167 6
6 174
174 13
13 168
168 36
36 164
164 26
26 146
146 25
25 156
156 38
38 137
137 40
40 99
99 63
63 73
73 88
88 84
84 69
69 127
127 15
15 122
99 89
89 95
95 73
73 99
135 63
63 120
120 78
78 85
85 69
69 102
102 98
98 92
92 84
84 107
107 81
81 79
79 93
93 74
74 88
88 99
99 43
43 170
170 30
30 135
7 186
186 33
33 181
181 7
141 24
24 169
169 5
5 190
190 7
7 145
145 2
2 141
1 144
144 15
15 141
141 48
48 143
143 84
84 97
97 57
57 112
112 115
115 135
135 52
52 111
111 90
90 122
122 1
136 76
76 121
121 49
49 136
138 69
69 86
86 96
96 106
106 74
74 111
111 55
55 124
124 39
39 141
141 28
28 148
148 52
52 136
136 14
14 144
144 32
32 131
131 27
27 138
1 149
149 31
31 123
123 41
41 142
142 20
20 157
157 35
35 138
138 1
128 100
100 79
79 128
66 163
163 76
76 141
141 40
40 144
144 39
39 126
126 66
160 107
107 86
86 177
177 51
51 125
125 54
54 129
129 66
66 104
104 128
128 65
65 153
153 24
24 160
132 60
60 117
117 80
80 114
114 89
89 108
108 57
57 109
109 94
94 50
50 132
1 199
199 6
6 172
172 8
8 190
190 28
28 151
151 53
53 116
116 81
81 137
137 41
41 146
146 54
54 131
131 58
58 132
132 49
49 188
188 3
3 166
166 32
32 160
160 1
150 42
42 134
134 10
10 130
130 61
61 110
110 47
47 118
118 50
50 149
149 23
23 150
27 155
155 16
16 182
182 24
24 158
158 48
48 146
146 49
49 142
142 56
56 129
129 65
65 140
140 58
58 150
150 27
4 166
166 27
27 161
161 4
3 262
262 4
4 211
211 3
157 57
57 125
125 55
55 139
139 45
45 160
160 35
35 169
169 53
53 159
159 54
54 157
201 14
14 171
171 11
11 186
186 37
37 167
167 21
21 147
147 60
60 144
144 58
58 157
157 23
23 152
152 25
25 168
168 15
15 204
204 5
5 201
112 77
77 111
111 99
99 102
102 72
72 124
124 68
68 112
175 42
42 165
165 31
31 172
172 34
34 130
130 62
62 138
138 72
72 134
134 87
87 112
112 59
59 125
125 64
64 103
103 75
75 147
147 40
40 156
156 41
41 186
186 25
25 154
154 60
60 162
162 16
16 190
190 9
9 183
183 27
27 185
185 23
23 174
174 10
10 145
145 18
18 176
176 17
17 175
92 122
122 98
98 104
104 92
7 210
210 35
35 185
185 38
38 167
167 40
40 154
154 29
29 145
145 86
86 127
127 88
88 101
101 109
109 116
116 92
92 110
110 75
75 113
113 125
125 95
95 111
111 91
91 139
139 64
64 180
180 20
20 183
183 22
22 175
175 15
15 201
201 7
192 8
8 195
195 28
28 212
212 16
16 187
187 22
22 202
202 7
7 230
230 3
3 192
1 193
193 13
13 192
192 1
18 215
215 5
5 206
206 11
11 197
197 18
56 186
186 48
48 200
200 12
12 203
203 7
7 217
217 5
5 216
216 18
18 182
182 30
30 174
174 32
32 178
178 56
34 182
182 56
56 183
183 51
51 181
181 34
199 37
37 192
192 34
34 193
193 50
50 171
171 21
21 199
17 228
228 7
7 213
213 10
10 196
196 33
33 199
199 17
62 132
132 81
81 144
144 89
89 120
120 79
79 117
117 75
75 119
119 85
85 118
118 59
59 131
131 62
145 73
73 123
123 47
47 170
170 45
45 155
155 29
29 187
187 76
76 165
165 46
46 145
40 169
169 47
47 194
194 51
51 197
197 41
41 187
187 44
44 164
164 58
58 145
145 63
63 152
152 64
64 146
146 81
81 142
142 74
74 143
143 87
87 141
141 97
97 106
106 122
122 118
118 91
91 126
126 68
68 138
138 66
66 136
136 62
62 149
149 52
52 168
168 40
156 69
69 166
166 49
49 156
156 104
104 111
111 124
124 85
85 123
123 128
128 150
150 62
62 170
170 67
67 173
173 43
43 169
169 57
57 167
167 60
60 156
105 112
112 110
110 111
111 105
82 144
144 105
105 82
93 175
175 61
61 229
229 36
36 174
174 45
45 196
196 23
23 203
203 66
66 167
167 82
82 129
129 120
120 119
119 101
101 93
250 7
7 249
249 10
10 224
224 8
8 218
218 18
18 235
235 3
3 250
40 192
192 48
48 207
207 37
37 234
234 28
28 204
204 24
24 230
230 8
8 241
241 2
2 242
242 13
13 218
218 30
30 250
250 6
6 226
226 49
49 172
172 62
62 160
160 54
54 164
164 97
97 144
144 91
91 134
134 101
101 141
141 106
106 131
131 93
93 136
136 71
71 154
154 115
115 123
123 114
114 109
109 149
149 77
77 148
148 96
96 127
127 133
133 65
65 157
157 83
83 145
145 59
59 168
168 55
55 151
151 74
74 156
156 52
52 182
182 40
9 216
216 12
12 227
227 11
11 248
248 13
13 249
249 8
8 237
237 43
43 195
195 22
22 208
208 21
21 179
179 67
67 183
183 64
64 204
204 31
31 176
176 42
42 212
212 38
38 203
203 40
40 211
211 9
17 246
246 22
22 235
235 34
34 209
209 37
37 210
210 15
15 242
242 9
9 221
221 17
206 42
42 209
209 70
70 172
172 60
60 171
171 57
57 221
221 37
37 216
216 14
14 218
218 15
15 223
223 5
5 219
219 23
23 202
202 26
26 206
16 222
222 40
40 206
206 24
24 220
220 16
165 92
92 145
145 89
89 148
148 120
120 155
155 91
91 165
138 128
128 131
131 117
117 110
110 165
165 100
100 138
75 166
166 79
79 121
121 138
138 98
98 130
130 75
54 181
181 57
57 182
182 85
85 143
143 78
78 172
172 133
133 147
147 88
88 129
129 125
125 135
135 116
116 132
132 75
75 178
178 54
200 54
54 190
190 71
71 157
157 73
73 146
146 187
187 53
53 200
129 137
137 141
141 162
162 102
102 129
98 161
161 63
63 213
213 32
32 176
176 114
114 126
126 103
103 136
136 129
129 110
110 127
127 109
109 122
122 148
148 98
92 184
184 46
46 191
191 57
57 202
202 45
45 193
193 56
56 189
189 59
59 164
164 103
103 144
144 110
110 139
139 111
111 166
166 92
156 151
151 80
80 157
157 119
119 156
208 75
75 189
189 63
63 196
196 51
51 210
210 78
78 182
182 73
73 159
159 146
146 125
125 156
156 81
81 169
169 74
74 153
153 89
89 192
192 44
44 211
211 106
106 168
168 87
87 158
158 93
93 188
188 52
52 206
206 67
67 190
190 61
61 195
195 82
82 171
171 68
68 170
170 92
92 167
167 118
118 140
140 112
112 152
152 98
98 200
200 115
115 186
186 84
84 214
214 26
26 208
1 257
257 12
12 217
217 19
19 224
224 37
37 300
300 27
27 208
208 24
24 237
237 16
16 274
274 3
3 245
245 11
11 261
261 17
17 225
225 1
55 203
203 80
80 163
163 77
77 173
173 89
89 190
190 68
68 174
174 55
18 251
251 5
5 252
252 38
38 219
219 47
47 199
199 62
62 211
211 51
51 253
253 26
26 264
264 23
23 239
239 30
30 226
226 40
40 235
235 24
24 265
265 2
2 257
257 28
28 249
249 18
267 14
14 233
233 19
19 262
262 6
6 267
266 30
30 241
241 95
95 180
180 79
79 182
182 83
83 181
181 60
60 236
236 19
19 267
267 7
7 266
25 228
228 40
40 232
232 21
21 266
266 8
8 257
257 18
18 256
256 15
15 227
227 57
57 215
215 55
55 210
210 56
56 201
201 25
216 51
51 212
212 69
69 195
195 63
63 194
194 48
48 223
223 31
31 208
208 52
52 217
217 33
33 230
230 35
35 240
240 24
24 238
238 39
39 216
218 41
41 216
216 46
46 193
193 73
73 202
202 79
79 189
189 88
88 160
160 65
65 179
179 29
29 218
231 35
35 267
267 21
21 247
247 32
32 225
225 53
53 219
219 44
44 209
209 54
54 205
205 58
58 218
218 25
25 231
77 219
219 85
85 212
212 60
60 203
203 84
84 191
191 77
197 105
105 153
153 99
99 169
169 87
87 197
103 197
197 65
65 193
193 76
76 198
198 77
77 179
179 103
91 192
192 97
97 170
170 124
124 143
143 90
90 171
171 107
107 189
189 81
81 182
182 86
86 179
179 129
129 153
153 110
110 190
190 103
103 175
175 96
96 167
167 117
117 174
174 91
223 134
134 94
94 157
157 99
99 164
164 111
111 175
175 116
116 158
158 108
108 181
181 91
91 172
172 101
101 215
215 59
59 223
139 135
135 157
157 123
123 139
127 200
200 107
107 179
179 101
101 180
180 104
104 195
195 100
100 171
171 152
152 165
165 122
122 138
138 130
130 127
126 143
143 127
127 126
149 147
147 135
135 160
160 108
108 169
169 131
131 138
138 126
126 132
132 149
226 55
55 234
234 56
56 216
216 65
65 206
206 61
61 228
228 48
48 224
224 60
60 217
217 70
70 213
213 77
77 199
199 63
63 239
239 37
37 238
238 69
69 220
220 105
105 219
219 81
81 202
202 98
98 188
188 117
117 171
171 109
109 169
169 136
136 149
149 139
139 142
142 164
164 140
140 128
128 191
191 86
86 223
223 51
51 226
83 202
202 101
101 199
199 83
64 217
217 89
89 228
228 62
62 203
203 64
211 119
119 163
163 127
127 154
154 120
120 218
218 64
64 211
79 211
211 83
83 204
204 79
208 79
79 234
234 65
65 222
222 107
107 205
205 66
66 216
216 59
59 226
226 58
58 230
230 50
50 232
232 45
45 208
1 272
272 14
14 294
294 7
7 268
268 2
2 275
275 28
28 288
288 16
16 260
260 71
71 224
224 80
80 222
222 93
93 211
211 84
84 207
207 76
76 208
208 73
73 225
225 47
47 231
231 1
52 232
232 51
51 231
231 52
263 9
9 252
252 52
52 242
242 20
20 270
270 4
4 263
260 64
64 247
247 65
65 268
268 37
37 260
130 156
156 145
145 143
143 154
154 137
137 144
144 138
138 153
153 130
176 130
130 150
150 139
139 188
188 128
128 205
205 121
121 167
167 110
110 176
193 110
110 182
182 108
108 189
189 118
118 197
197 109
109 193
180 137
137 182
182 130
130 180
159 153
153 180
180 114
114 194
194 111
111 193
193 99
99 198
198 125
125 158
158 147
147 150
150 143
143 166
166 132
132 173
173 90
90 159
235 83
83 213
213 84
84 226
226 88
88 222
222 113
113 159
159 123
123 167
167 127
127 169
169 146
146 161
161 145
145 176
176 131
131 192
192 104
104 196
196 82
82 233
233 42
42 235
59 258
258 19
19 245
245 31
31 243
243 59
40 261
261 26
26 254
254 40
38 265
265 40
40 245
245 59
59 235
235 41
41 269
269 23
23 274
274 25
25 256
256 38
276 25
25 305
305 7
7 317
317 14
14 287
287 3
3 304
304 38
38 260
260 20
20 263
263 32
32 272
272 5
5 276
5 303
303 3
3 307
307 29
29 255
255 31
31 249
249 34
34 264
264 32
32 299
299 5
2 308
308 5
5 281
281 2
1 311
311 3
3 332
332 11
11 273
273 17
17 309
309 2
2 284
284 4
4 306
306 7
7 333
333 8
8 276
276 1
20 303
303 13
13 276
276 20
37 275
275 35
35 257
257 52
52 281
281 20
20 271
271 37
30 330
330 2
2 325
325 13
13 307
307 27
27 303
303 30
17 301
301 4
4 304
304 21
21 277
277 19
19 307
307 30
30 293
293 23
23 276
276 28
28 296
296 17
26 291
291 24
24 331
331 23
23 306
306 17
17 286
286 40
40 282
282 26
52 299
299 40
40 296
296 39
39 259
259 70
70 237
237 76
76 266
266 22
22 263
263 48
48 331
331 30
30 320
320 26
26 270
270 36
36 243
243 44
44 250
250 47
47 240
240 74
74 209
209 63
63 248
248 42
42 241
241 43
43 260
260 52
51 256
256 41
41 288
288 32
32 293
293 34
34 255
255 69
69 244
244 88
88 229
229 81
81 249
249 74
74 275
275 43
43 243
243 63
63 235
235 61
61 284
284 53
53 240
240 51
203 160
160 144
144 141
141 168
168 138
138 191
191 130
130 203
73 242
242 79
79 220
220 91
91 185
185 124
124 171
171 127
127 175
175 133
133 197
197 139
139 155
155 150
150 148
148 156
156 188
188 143
143 193
193 122
122 195
195 116
116 198
198 108
108 211
211 112
112 177
177 132
132 203
203 92
92 225
225 98
98 235
235 73
246 73
73 236
236 66
66 246
51 280
280 18
18 302
302 39
39 306
306 68
68 246
246 51
313 41
41 273
273 31
31 308
308 6
6 313
54 263
263 58
58 306
306 40
40 300
300 53
53 289
289 22
22 285
285 19
19 297
297 24
24 313
313 46
46 252
252 57
57 231
231 54
243 75
75 221
221 96
96 185
185 102
102 240
240 54
54 250
250 66
66 243
216 78
78 256
256 67
67 217
217 94
94 250
250 60
60 232
232 72
72 241
241 77
77 216
149 192
192 143
143 189
189 128
128 200
200 136
136 186
186 140
140 179
179 135
135 177
177 149
111 253
253 62
62 238
238 120
120 184
184 154
154 179
179 149
149 156
156 165
165 173
173 162
162 158
158 195
195 161
161 150
150 172
172 127
127 206
206 109
109 234
234 81
81 236
236 103
103 210
210 102
102 229
229 96
96 222
222 126
126 199
199 111
175 171
171 144
144 175
159 177
177 147
147 168
168 164
164 159
194 159
159 157
157 194
188 194
194 165
165 169
169 188
178 156
156 180
180 188
188 175
175 146
146 178
111 217
217 128
128 206
206 155
155 179
179 162
162 182
182 178
178 127
127 201
201 111
55 255
255 111
111 235
235 106
106 213
213 90
90 202
202 87
87 216
216 84
84 243
243 55
251 55
55 227
227 33
33 277
277 69
69 260
260 51
51 251
42 262
262 66
66 265
265 118
118 210
210 184
184 168
168 169
169 167
167 151
151 206
206 143
143 247
247 112
112 258
258 103
103 251
251 42
283 70
70 268
268 74
74 270
270 44
44 288
288 42
42 264
264 52
52 290
290 37
37 283
279 48
48 298
298 28
28 292
292 44
44 283
283 15
15 312
312 5
5 310
310 10
10 279
86 230
230 97
97 202
202 99
99 207
207 87
87 208
208 140
140 211
211 115
115 225
225 116
116 212
212 86
254 91
91 238
238 90
90 261
261 61
61 254
264 79
79 265
265 80
80 272
272 49
49 257
257 89
89 230
230 98
98 254
254 86
86 319
319 14
14 342
342 37
37 304
304 12
12 278
278 45
45 264
322 31
31 274
274 54
54 286
286 19
19 334
334 3
3 322
47 313
313 29
29 321
321 5
5 322
322 6
6 343
343 15
15 287
287 63
63 264
264 47
59 289
289 88
88 249
249 110
110 215
215 117
117 196
196 123
123 198
198 130
130 201
201 172
172 173
173 167
167 170
170 145
145 222
222 143
143 226
226 102
102 257
257 81
81 267
267 61
61 285
285 33
33 294
294 54
54 276
276 56
56 305
305 49
49 277
277 51
51 274
274 57
57 269
269 52
52 315
315 9
9 341
341 22
22 297
297 32
32 303
303 47
47 283
283 59
7 356
356 12
12 333
333 20
20 314
314 10
10 332
332 14
14 323
323 7
322 24
24 326
326 7
7 322
50 322
322 33
33 340
340 69
69 278
278 25
25 309
309 35
35 291
291 45
45 304
304 42
42 294
294 91
91 269
269 71
71 286
286 56
56 283
283 50
277 52
52 293
293 50
50 277
87 239
239 92
92 232
232 93
93 223
223 87
74 305
305 62
62 276
276 85
85 243
243 87
87 236
236 101
101 208
208 99
99 221
221 94
94 302
302 74
122 223
223 105
105 261
261 100
100 202
202 122
104 231
231 105
105 224
224 104
75 260
260 84
84 233
233 97
97 248
248 83
83 245
245 75
87 268
268 77
77 270
270 90
90 243
243 96
96 241
241 101
101 242
242 98
98 236
236 94
94 245
245 120
120 256
256 105
105 266
266 92
92 262
262 75
75 280
280 82
82 209
209 136
136 210
210 124
124 234
234 113
113 232
232 104
104 237
237 117
117 228
228 99
99 230
230 119
119 212
212 139
139 218
218 122
122 207
207 108
108 259
259 87
76 273
273 98
98 248
248 130
130 215
215 137
137 234
234 134
134 233
233 128
128 232
232 119
119 251
251 120
120 267
267 112
112 272
272 87
87 244
244 76
1 324
324 6
6 345
345 7
7 328
328 17
17 310
310 48
48 297
297 58
58 295
295 16
16 312
312 18
18 287
287 36
36 323
323 34
34 309
309 76
76 303
303 72
72 311
311 74
74 277
277 60
60 306
306 59
59 279
279 1
351 23
23 354
354 20
20 338
338 10
10 329
329 5
5 339
339 40
40 310
310 47
47 318
318 9
9 351
6 348
348 19
19 327
327 24
24 336
336 16
16 335
335 6
6 388
388 16
16 358
358 5
5 337
337 6
1 371
371 33
33 344
344 6
6 355
355 9
9 359
359 15
15 350
350 18
18 351
351 1
73 282
282 57
57 281
281 55
55 263
263 83
83 255
255 73
292 73
73 279
279 67
67 298
298 64
64 308
308 42
42 317
317 56
56 300
300 51
51 292
325 36
36 309
309 53
53 334
334 21
21 338
338 28
28 393
393 4
4 325
309 54
54 322
322 52
52 309
318 63
63 290
290 77
77 282
282 78
78 246
246 93
93 238
238 102
102 263
263 66
66 264
264 81
81 298
298 75
75 277
277 87
87 275
275 95
95 265
265 96
96 310
310 58
58 309
309 38
38 348
348 69
69 364
364 5
5 405
405 35
35 325
325 49
49 318
45 312
312 38
38 321
321 66
66 295
295 67
67 318
318 65
65 276
276 80
80 292
292 45
98 292
292 88
88 296
296 93
93 273
273 90
90 276
276 71
71 285
285 89
89 281
281 79
79 270
270 81
81 286
286 98
341 57
57 293
293 71
71 304
304 90
90 274
274 110
110 296
296 98
98 278
278 87
87 291
291 85
85 277
277 95
95 349
349 10
10 359
359 11
11 341
2 363
363 7
7 368
368 3
3 457
457 29
29 336
336 41
41 355
355 28
28 342
342 22
22 358
358 34
34 326
326 27
27 366
366 15
15 377
377 24
24 329
329 32
32 350
350 31
31 341
341 38
38 320
320 58
58 312
312 76
76 324
324 59
59 321
321 45
45 347
347 2
49 361
361 21
21 353
353 69
69 360
360 10
10 389
389 27
27 335
335 49
7 374
374 3
3 371
371 13
13 365
365 7
17 356
356 40
40 363
363 11
11 376
376 7
7 383
383 14
14 339
339 17
190 215
215 152
152 199
199 146
146 196
196 174
174 141
141 163
163 186
186 149
149 216
216 144
144 189
189 162
162 204
204 114
114 185
185 157
157 207
207 129
129 190
217 178
178 211
211 150
150 200
200 142
142 242
242 123
123 227
227 132
132 183
183 141
141 190
190 133
133 229
229 108
108 237
237 131
131 217
210 165
165 240
240 131
131 239
239 136
136 225
225 146
146 228
228 127
127 254
254 99
99 236
236 124
124 213
213 133
133 208
208 154
154 193
193 158
158 200
200 195
195 170
170 181
181 171
171 191
191 156
156 185
185 169
169 214
214 138
138 210
210 153
153 163
163 176
176 151
151 210
55 299
299 73
73 294
294 89
89 287
287 55
62 325
325 44
44 329
329 50
50 301
301 106
106 257
257 126
126 227
227 148
148 245
245 107
107 238
238 104
104 278
278 121
121 241
241 97
97 289
289 86
86 297
297 67
67 322
322 55
55 326
326 77
77 312
312 60
60 307
307 83
83 271
271 101
101 268
268 96
96 275
275 110
110 286
286 92
92 319
319 87
87 324
324 99
99 276
276 120
120 255
255 123
123 261
261 115
115 221
221 129
129 213
213 166
166 192
192 181
181 210
210 140
140 209
209 147
147 187
187 164
164 223
223 139
139 235
235 152
152 217
217 159
159 279
279 80
80 309
309 62
387 32
32 384
384 8
8 369
369 21
21 386
386 31
31 367
367 6
6 387
39 344
344 50
50 335
335 42
42 370
370 10
10 374
374 19
19 400
400 4
4 406
406 12
12 404
404 7
7 387
387 36
36 332
332 44
44 338
338 56
56 320
320 88
88 315
315 68
68 308
308 89
89 309
309 111
111 271
271 84
84 343
343 39
44 350
350 61
61 344
344 44
128 252
252 109
109 260
260 104
104 285
285 130
130 281
281 134
134 248
248 128
230 122
122 244
244 139
139 231
231 108
108 230
145 229
229 173
173 176
176 216
216 153
153 221
221 137
137 225
225 143
143 269
269 114
114 230
230 141
141 218
218 190
190 182
182 167
167 207
207 163
163 189
189 145
236 132
132 232
232 129
129 236
230 177
177 176
176 192
192 203
203 191
191 175
175 197
197 162
162 200
200 161
161 224
224 135
135 236
236 108
108 276
276 140
140 230
145 233
233 141
141 291
291 112
112 268
268 139
139 258
258 119
119 263
263 116
116 237
237 155
155 218
218 161
161 231
231 153
153 230
230 145
192 212
212 183
183 192
151 209
209 202
202 151
196 215
215 203
203 196
150 229
229 163
163 209
209 189
189 171
171 206
206 196
196 149
149 226
226 150
151 229
229 201
201 171
171 220
220 144
144 232
232 159
159 226
226 156
156 234
234 161
161 236
236 150
150 225
225 151
243 135
135 246
246 127
127 243
262 113
113 277
277 118
118 283
283 100
100 270
270 109
109 262
141 271
271 129
129 267
267 123
123 262
262 141
125 297
297 101
101 273
273 123
123 283
283 141
141 243
243 125
145 256
256 142
142 227
227 144
144 260
260 147
147 237
237 191
191 226
226 162
162 218
218 169
169 199
199 167
167 234
234 159
159 243
243 160
160 233
233 170
170 222
222 171
171 208
208 205
205 187
187 157
157 261
261 124
124 251
251 125
125 264
264 152
152 242
242 151
151 198
198 192
192 182
182 231
231 168
168 193
193 239
239 172
172 219
219 176
176 235
235 145
328 67
67 331
331 64
64 301
301 107
107 273
273 105
105 282
282 80
80 300
300 114
114 275
275 122
122 266
266 133
133 268
268 119
119 265
265 159
159 258
258 162
162 241
241 149
149 262
262 145
145 259
259 128
128 250
250 138
138 288
288 92
92 290
290 79
79 353
353 41
41 346
346 44
44 341
341 90
90 312
312 83
83 337
337 42
42 384
384 33
33 391
391 5
5 382
382 39
39 339
339 74
74 321
321 60
60 334
334 62
62 328
70 317
317 83
83 335
335 113
113 280
280 97
97 299
299 116
116 282
282 123
123 298
298 84
84 284
284 70
70 320
320 96
96 293
293 70
79 370
370 43
43 332
332 79
48 350
350 79
79 308
308 94
94 294
294 81
81 306
306 85
85 304
304 75
75 314
314 48
48 351
351 58
58 329
329 51
51 313
313 72
72 369
369 11
11 382
382 45
45 332
332 63
63 342
342 48
204 179
179 208
208 181
181 207
207 182
182 200
200 164
164 204
249 171
171 223
223 166
166 232
232 154
154 249
137 281
281 133
133 274
274 127
127 264
264 145
145 267
267 170
170 243
243 173
173 249
249 200
200 198
198 157
157 217
217 174
174 204
204 244
244 137
182 230
230 210
210 209
209 212
212 195
195 204
204 185
185 213
213 182
128 278
278 161
161 238
238 148
148 248
248 172
172 242
242 182
182 254
254 173
173 256
256 146
146 251
251 136
136 270
270 117
117 275
275 137
137 273
273 128
316 78
78 330
330 66
66 347
347 60
60 336
336 46
46 332
332 54
54 316
341 72
72 316
316 80
80 317
317 106
106 312
312 93
93 301
301 126
126 277
277 128
128 292
292 122
122 290
290 105
105 284
284 115
115 350
350 56
56 341
358 89
89 314
314 86
86 313
313 75
75 352
352 74
74 379
379 63
63 341
341 67
67 333
333 51
51 358
339 88
88 324
324 122
122 295
295 100
100 309
309 98
98 305
305 84
84 321
321 81
81 336
336 66
66 339
304 126
126 306
306 92
92 321
321 102
102 304
123 300
300 129
129 294
294 110
110 284
284 123
144 291
291 143
143 246
246 144
338 65
65 329
329 118
118 284
284 139
139 272
272 125
125 253
253 148
148 247
247 150
150 252
252 151
151 265
265 144
144 250
250 132
132 275
275 124
124 286
286 127
127 290
290 123
123 304
304 108
108 339
339 52
52 358
358 44
44 367
367 48
48 338
320 78
78 378
378 10
10 372
372 64
64 342
342 67
67 347
347 91
91 314
314 98
98 326
326 87
87 334
334 68
68 333
333 75
75 320
328 81
81 330
330 82
82 316
316 97
97 303
303 104
104 305
305 100
100 311
311 84
84 325
325 85
85 320
320 117
117 301
301 114
114 338
338 70
70 328
320 143
143 293
293 121
121 305
305 105
105 320
186 256
256 183
183 222
222 207
207 196
196 224
224 194
194 216
216 181
181 246
246 180
180 228
228 158
158 227
227 176
176 232
232 186
188 233
233 186
186 231
231 188
186 238
238 164
164 217
217 192
192 235
235 186
274 150
150 276
276 136
136 266
266 146
146 267
267 159
159 302
302 140
140 281
281 153
153 245
245 175
175 199
199 222
222 195
195 221
221 181
181 218
218 192
192 242
242 186
186 236
236 196
196 248
248 188
188 234
234 169
169 229
229 179
179 243
243 178
178 272
272 142
142 274
251 208
208 204
204 255
255 163
163 252
252 188
188 250
250 154
154 247
247 149
149 251
206 214
214 193
193 206
260 190
190 223
223 199
199 225
225 216
216 206
206 187
187 229
229 198
198 258
258 160
160 273
273 178
178 251
251 180
180 305
305 130
130 295
295 146
146 274
274 135
135 307
307 124
124 309
309 120
120 303
303 110
110 322
322 129
129 320
320 128
128 280
280 145
145 268
268 167
167 253
253 157
157 260
260 166
166 270
270 138
138 294
294 134
134 299
299 131
131 277
277 147
147 266
266 168
168 245
245 165
165 260
17 392
392 22
22 359
359 87
87 347
347 82
82 352
352 83
83 336
336 97
97 318
318 94
94 329
329 155
155 271
271 157
157 268
268 156
156 284
284 174
174 260
260 162
162 315
315 92
92 316
316 95
95 308
308 101
101 328
328 26
26 375
375 17
49 374
374 37
37 381
381 17
17 345
345 47
47 355
355 49
368 44
44 362
362 23
23 368
363 61
61 354
354 65
65 357
357 28
28 403
403 22
22 433
433 7
7 415
415 20
20 389
389 24
24 382
382 26
26 372
372 48
48 368
368 52
52 363
390 69
69 362
362 56
56 367
367 85
85 327
327 86
86 345
345 71
71 363
363 49
49 385
385 2
2 390
390 14
14 395
395 5
5 397
397 32
32 398
398 3
3 396
396 10
10 390
3 407
407 31
31 399
399 3
418 11
11 394
394 30
30 388
388 9
9 380
380 6
6 406
406 16
16 401
401 17
17 435
435 7
7 437
437 3
3 418
340 117
117 341
341 73
73 332
332 134
134 318
318 107
107 344
344 62
62 358
358 74
74 356
356 25
25 359
359 53
53 340
373 65
65 359
359 58
58 361
361 53
53 374
374 70
70 340
340 55
55 373
390 34
34 366
366 54
54 355
355 68
68 373
373 40
40 377
377 37
37 418
418 2
2 416
416 21
21 390
147 283
283 156
156 278
278 137
137 277
277 132
132 263
263 151
151 288
288 154
154 280
280 147
316 156
156 288
288 177
177 260
260 180
180 262
262 188
188 256
256 187
187 218
218 202
202 232
232 184
184 253
253 216
216 234
234 192
192 237
237 176
176 281
281 147
147 289
289 150
150 327
327 103
103 314
314 100
100 316
104 328
328 114
114 310
310 119
119 314
314 124
124 316
316 109
109 311
311 110
110 308
308 104
220 231
231 202
202 220
221 220
220 197
197 221
222 213
213 209
209 214
214 221
221 211
211 222
250 196
196 241
241 185
185 253
253 186
186 247
247 214
214 222
222 205
205 227
227 181
181 257
257 164
164 269
269 167
167 271
271 194
194 250
371 52
52 380
380 40
40 389
389 56
56 384
384 43
43 391
391 42
42 371
30 429
429 24
24 400
400 53
53 371
371 112
112 365
365 106
106 321
321 144
144 286
286 152
152 267
267 182
182 243
243 193
193 223
223 207
207 250
250 192
192 272
272 184
184 273
273 183
183 263
263 172
172 282
282 153
153 298
298 158
158 301
301 142
142 304
304 139
139 317
317 126
126 310
310 127
127 297
297 138
138 343
343 90
90 342
342 102
102 326
326 104
104 332
332 96
96 331
331 101
101 330
330 84
84 346
346 46
46 412
412 26
26 401
401 32
32 410
410 5
5 396
396 30
413 31
31 416
416 19
19 408
408 73
73 351
351 51
51 372
372 54
54 403
403 30
30 404
404 14
14 413
413 75
75 373
373 76
76 360
360 122
122 355
355 66
66 348
348 47
47 388
388 41
41 395
395 40
40 426
426 6
6 409
409 32
32 413
38 400
400 36
36 413
413 15
15 405
405 17
17 402
402 45
45 383
383 38
420 10
10 417
417 4
4 420
79 362
362 96
96 357
357 79
79 377
377 58
58 371
371 79
85 403
403 58
58 384
384 72
72 359
359 88
88 358
358 81
81 340
340 84
84 378
378 79
79 354
354 80
80 379
379 85
381 70
70 384
384 98
98 379
379 87
87 382
382 28
28 401
401 85
85 369
369 89
89 367
367 77
77 415
415 9
9 420
420 5
5 423
423 38
38 381
407 44
44 430
430 9
9 422
422 17
17 417
417 13
13 406
406 8
8 407
49 431
431 36
36 404
404 55
55 387
387 52
52 412
412 61
61 380
380 60
60 397
397 25
25 407
407 14
14 421
421 22
22 409
409 30
30 432
432 39
39 399
399 40
40 410
410 48
48 381
381 49
54 388
388 68
68 380
380 84
84 374
374 54
49 416
416 46
46 389
389 64
64 381
381 54
54 426
426 43
43 398
398 49
18 467
467 3
3 443
443 6
6 452
452 7
7 439
439 5
5 454
454 11
11 453
453 14
14 422
422 34
34 406
406 49
49 390
390 18
286 186
186 301
301 159
159 280
280 157
157 286
309 151
151 307
307 154
154 304
304 147
147 297
297 173
173 266
266 160
160 292
292 132
132 285
285 178
178 291
291 157
157 294
294 198
198 257
257 191
191 246
246 215
215 223
223 195
195 229
229 227
227 230
230 203
203 247
247 202
202 286
286 162
162 308
308 130
130 309
411 33
33 393
393 70
70 385
385 79
79 392
392 93
93 345
345 100
100 334
334 110
110 330
330 128
128 329
329 124
124 324
324 142
142 309
309 158
158 314
314 125
125 311
311 153
153 295
295 135
135 296
296 133
133 333
333 103
103 366
366 83
83 388
388 63
63 408
408 51
51 395
395 56
56 391
391 52
52 414
414 35
35 407
407 45
45 405
405 18
18 411
201 259
259 164
164 293
293 148
148 289
289 163
163 278
278 176
176 270
270 192
192 253
253 193
193 254
254 201
171 271
271 172
172 290
290 194
194 273
273 188
188 270
270 191
191 264
264 201
201 243
243 209
209 237
237 204
204 218
218 229
229 217
217 222
222 219
219 265
265 171
323 115
115 321
321 107
107 342
342 123
123 338
338 118
118 350
350 146
146 296
296 164
164 300
300 135
135 325
325 95
95 407
407 86
86 348
348 105
105 323
411 59
59 387
387 60
60 399
399 52
52 401
401 78
78 359
359 113
113 345
345 124
124 331
331 145
145 303
303 149
149 338
338 127
127 347
347 92
92 360
360 158
158 332
332 109
109 323
323 148
148 312
312 137
137 287
287 171
171 261
261 181
181 280
280 168
168 322
322 121
121 371
371 80
80 385
385 71
71 402
402 28
28 411
1 419
419 37
37 411
411 1
419 49
49 411
411 41
41 493
493 16
16 419
203 241
241 211
211 264
264 226
226 232
232 203
218 225
225 213
213 235
235 245
245 206
206 218
207 258
258 211
211 261
261 214
214 253
253 207
132 350
350 127
127 362
362 94
94 337
337 132
339 125
125 336
336 107
107 348
348 116
116 313
313 136
136 321
321 131
131 344
344 121
121 339
326 156
156 325
325 137
137 339
339 110
110 403
403 103
103 346
346 101
101 351
351 97
97 404
404 84
84 381
381 67
67 372
372 132
132 326
328 196
196 254
254 205
205 272
272 211
211 260
260 189
189 278
278 187
187 303
303 163
163 326
326 111
111 323
323 138
138 311
311 167
167 319
319 151
151 316
316 135
135 306
306 176
176 298
298 165
165 268
268 179
179 276
276 207
207 252
252 222
222 218
218 221
221 238
238 203
203 267
267 175
175 271
271 181
181 340
340 126
126 328
328 138
138 333
333 135
135 328
62 391
391 99
99 367
367 104
104 387
387 62
27 437
437 10
10 446
446 4
4 470
470 15
15 464
464 17
17 425
425 35
35 445
445 9
9 449
449 64
64 391
391 67
67 410
410 62
62 433
433 51
51 421
421 40
40 438
438 21
21 420
420 18
18 424
424 66
66 398
398 57
57 405
405 114
114 334
334 144
144 328
328 108
108 359
359 81
81 383
383 54
54 413
413 60
60 419
419 30
30 436
436 20
20 423
423 27
25 457
457 13
13 439
439 8
8 428
428 28
28 425
425 25
33 437
437 37
37 429
429 33
443 41
41 442
442 35
35 450
450 24
24 447
447 26
26 417
417 23
23 428
428 18
18 458
458 33
33 443
248 218
218 259
259 210
210 248
91 353
353 146
146 362
362 147
147 309
309 187
187 298
298 183
183 280
280 199
199 256
256 195
195 239
239 223
223 243
243 220
220 248
248 204
204 257
257 200
200 251
251 202
202 276
276 180
180 311
311 162
162 304
304 163
163 338
338 155
155 354
354 92
92 376
376 90
90 380
380 80
80 373
373 95
95 352
352 91
166 294
294 174
174 314
314 163
163 310
310 172
172 277
277 169
169 296
296 175
175 268
268 166
283 223
223 264
264 221
221 228
228 237
237 231
231 232
232 243
243 255
255 215
215 268
268 197
197 263
263 216
216 254
254 240
240 234
234 224
224 244
244 219
219 246
246 209
209 247
247 256
256 208
208 270
270 193
193 281
281 200
200 262
262 203
203 279
279 166
166 283
271 203
203 288
288 181
181 289
289 191
191 274
274 179
179 283
283 189
189 271
182 305
305 193
193 271
271 182
324 148
148 328
328 167
167 327
327 165
165 304
304 173
173 316
316 166
166 295
295 182
182 284
284 160
160 323
323 136
136 356
356 101
101 360
360 140
140 324
217 303
303 198
198 329
329 148
148 339
339 145
145 333
333 191
191 290
290 247
247 242
242 232
232 252
252 217
204 295
295 169
169 293
293 226
226 270
270 222
222 286
286 224
224 273
273 195
195 271
271 213
213 300
300 211
211 277
277 217
217 263
263 208
208 266
266 204
382 137
137 346
346 130
130 320
320 149
149 313
313 200
200 291
291 202
202 275
275 228
228 262
262 206
206 278
278 210
210 271
271 204
204 326
326 168
168 292
292 161
161 324
324 131
131 382
96 383
383 89
89 399
399 100
100 367
367 123
123 361
361 97
97 368
368 105
105 351
351 111
111 330
330 119
119 364
364 96
395 71
71 408
408 72
72 454
454 23
23 422
422 40
40 461
461 9
9 452
452 32
32 423
423 42
42 406
406 56
56 425
425 45
45 418
418 61
61 428
428 34
34 449
449 101
101 378
378 97
97 369
369 105
105 387
387 108
108 337
337 129
129 351
351 107
107 373
373 112
112 384
384 77
77 429
429 47
47 400
400 67
67 401
401 54
54 395
434 53
53 438
438 47
47 442
442 49
49 420
420 63
63 395
395 96
96 385
385 117
117 349
349 115
115 335
335 138
138 331
331 143
143 321
321 154
154 320
320 133
133 382
382 91
91 375
375 65
65 396
396 74
74 443
443 25
25 446
446 27
27 434
465 10
10 479
479 2
2 498
498 5
5 466
466 7
7 465
1 448
448 35
35 465
465 51
51 469
469 21
21 490
490 22
22 435
435 43
43 456
456 57
57 434
434 1
451 19
19 478
478 3
3 483
483 9
9 476
476 30
30 422
422 46
46 423
423 55
55 447
447 27
27 448
448 4
4 451
14 482
482 4
4 463
463 28
28 474
474 15
15 487
487 30
30 491
491 3
3 485
485 7
7 472
472 14
390 115
115 358
358 127
127 360
360 102
102 363
363 107
107 394
394 95
95 381
381 111
111 393
393 65
65 390
52 421
421 75
75 443
443 77
77 417
417 48
48 474
474 50
50 411
411 52
440 44
44 409
409 84
84 423
423 52
52 427
427 42
42 440
12 489
489 2
2 497
497 7
7 486
486 12
55 497
497 12
12 483
483 34
34 441
441 36
36 445
445 38
38 424
424 55
376 130
130 353
353 144
144 348
348 109
109 376
170 321
321 153
153 360
360 144
144 355
355 125
125 372
372 124
124 352
352 131
131 336
336 151
151 330
330 141
141 285
285 199
199 287
287 179
179 308
308 169
169 306
306 183
183 299
299 164
164 310
310 170
419 70
70 413
413 65
65 419
74 419
419 69
69 396
396 79
79 400
400 88
88 377
377 104
104 383
383 102
102 404
404 152
152 330
330 170
170 328
328 162
162 334
334 135
135 337
337 119
119 376
376 106
106 437
437 55
55 440
440 59
59 461
461 56
56 414
414 74
420 74
74 416
416 54
54 420
239 264
264 233
233 236
236 227
227 235
235 244
244 239
309 214
214 271
271 252
252 239
239 212
212 251
251 218
218 266
266 215
215 276
276 216
216 313
313 173
173 317
317 150
150 341
341 142
142 346
346 154
154 345
345 129
129 342
342 162
162 339
339 157
157 309
149 362
362 166
166 336
336 149
186 336
336 189
189 312
312 181
181 308
308 182
182 320
320 171
171 296
296 192
192 304
304 264
264 240
240 259
259 229
229 294
294 186
309 192
192 306
306 186
186 302
302 177
177 317
317 179
179 339
339 173
173 347
347 134
134 350
350 142
142 344
344 149
149 381
381 121
121 349
349 119
119 357
357 128
128 363
363 141
141 359
359 139
139 331
331 164
164 309
370 128
128 377
377 107
107 370
458 46
46 432
432 60
60 418
418 118
118 400
400 113
113 384
384 134
134 351
351 136
136 365
365 116
116 393
393 126
126 352
352 133
133 364
364 171
171 370
370 150
150 355
355 153
153 344
344 155
155 342
342 160
160 333
333 175
175 314
314 178
178 296
296 201
201 289
289 184
184 308
308 221
221 280
280 208
208 267
267 237
237 253
253 262
262 238
238 243
243 260
260 242
242 265
265 234
234 248
248 244
244 236
236 251
251 225
225 283
283 216
216 309
309 188
188 285
285 203
203 358
358 120
120 379
379 106
106 436
436 61
61 431
431 54
54 430
430 73
73 427
427 81
81 420
420 82
82 389
389 87
87 390
390 68
68 401
401 80
80 405
405 76
76 446
446 39
39 450
450 63
63 453
453 24
24 458
460 25
25 477
477 39
39 458
458 20
20 492
492 14
14 481
481 21
21 471
471 18
18 488
488 11
11 460
1 473
473 36
36 460
460 26
26 451
451 1
17 479
479 23
23 459
459 6
6 498
498 10
10 466
466 17
91 405
405 95
95 401
401 104
104 392
392 91
438 69
69 456
456 54
54 442
442 76
76 455
455 24
24 486
486 27
27 473
473 13
13 470
470 25
25 468
468 53
53 458
458 40
40 435
435 62
62 438
353 149
149 346
346 145
145 349
349 143
143 361
361 140
140 388
388 142
142 353
91 399
399 116
116 368
368 148
148 351
351 143
143 356
356 162
162 353
353 135
135 374
374 92
92 395
395 90
90 411
411 87
87 402
402 79
79 442
442 71
71 418
418 65
65 438
438 160
160 372
372 127
127 397
397 91
65 433
433 108
108 399
399 93
93 421
421 65
97 390
390 130
130 383
383 122
122 375
375 112
112 380
380 97
386 97
97 398
398 89
89 391
391 83
83 386
94 411
411 121
121 386
386 94
323 192
192 343
343 177
177 361
361 197
197 315
315 187
187 317
317 182
182 323
218 282
282 190
190 298
298 237
237 269
269 227
227 267
267 218
281 231
231 272
272 245
245 241
241 248
248 246
246 232
232 257
257 263
263 229
229 295
295 210
210 279
279 240
240 268
268 218
218 276
276 220
220 249
249 271
271 219
219 254
254 239
239 286
286 223
223 289
289 213
213 281
156 352
352 145
145 384
384 148
148 369
369 109
109 404
404 105
105 378
378 110
110 405
405 119
119 367
367 187
187 316
316 219
219 274
274 232
232 258
258 262
262 295
295 245
245 277
277 228
228 281
281 243
243 310
310 183
183 323
323 163
163 342
342 176
176 377
377 157
157 357
357 151
151 364
364 161
161 337
337 156
331 198
198 315
315 199
199 305
305 205
205 284
284 185
185 332
332 159
159 341
341 156
156 345
345 167
167 331
258 255
255 272
272 248
248 258
266 258
258 254
254 260
260 246
246 270
270 234
234 266
261 266
266 263
263 261
242 268
268 281
281 248
248 277
277 261
261 242
275 273
273 269
269 268
268 254
254 275
165 342
342 206
206 334
334 201
201 319
319 183
183 320
320 275
275 250
250 235
235 276
276 242
242 282
282 225
225 280
280 274
274 222
222 293
293 223
223 298
298 215
215 331
331 165
306 223
223 300
300 251
251 271
271 288
288 218
218 278
278 207
207 307
307 205
205 308
308 222
222 304
304 211
211 306
123 380
380 149
149 376
376 220
220 326
326 207
207 317
317 224
224 301
301 190
190 297
297 202
202 315
315 215
215 306
306 210
210 339
339 181
181 337
337 174
174 338
338 165
165 388
388 150
150 387
387 128
128 373
373 123
132 379
379 124
124 398
398 123
123 368
368 125
125 375
375 132
395 134
134 415
415 93
93 423
423 114
114 424
424 72
72 418
418 79
79 433
433 124
124 386
386 133
133 375
375 138
138 365
365 151
151 379
379 145
145 359
359 182
182 356
356 196
196 344
344 156
156 362
362 168
168 394
394 132
132 395
383 149
149 389
389 137
137 383
94 417
417 89
89 422
422 86
86 408
408 106
106 391
391 145
145 383
383 139
139 395
395 94
55 479
479 56
56 465
465 41
41 449
449 94
94 409
409 67
67 428
428 65
65 430
430 58
58 475
475 55
15 480
480 55
55 439
439 31
31 467
467 91
91 464
464 32
32 476
476 15
31 468
468 40
40 460
460 43
43 451
451 31
459 35
35 472
472 75
75 441
441 48
48 445
445 62
62 491
491 31
31 459
98 422
422 117
117 404
404 129
129 403
403 111
111 401
401 116
116 407
407 98
83 416
416 150
150 399
399 125
125 398
398 126
126 409
409 98
98 410
410 96
96 414
414 80
80 426
426 70
70 428
428 105
105 412
412 83
17 495
495 13
13 483
483 51
51 470
470 49
49 473
473 37
37 463
463 64
64 453
453 77
77 446
446 87
87 413
413 83
83 427
427 78
78 465
465 61
61 449
449 73
73 457
457 71
71 459
459 58
58 466
466 24
24 480
480 18
18 496
496 16
16 498
498 15
15 489
489 17
5 500
500 54
54 485
485 24
24 478
478 44
44 451
451 98
98 455
455 97
97 418
418 83
83 443
443 76
76 462
462 20
20 494
494 17
17 499
499 5
447 78
78 451
451 62
62 447
18 500
500 28
28 486
486 34
34 484
484 70
70 447
447 85
85 406
406 100
100 429
429 79
79 444
444 80
80 438
438 89
89 433
433 158
158 386
386 162
162 442
442 82
82 487
487 18
74 481
481 38
38 463
463 45
45 476
476 49
49 478
478 29
29 483
483 40
40 480
480 97
97 461
461 74
66 450
450 92
92 441
441 81
81 432
432 66
468 95
95 426
426 106
106 411
411 127
127 459
459 104
104 438
438 84
84 453
453 93
93 431
431 67
67 470
470 60
60 468
52 472
472 61
61 468
468 33
33 467
467 66
66 448
448 52
52 496
496 38
38 490
490 52
500 34
34 494
494 26
26 500
217 291
291 208
208 287
287 230
230 279
279 217
203 333
333 178
178 347
347 194
194 297
297 306
306 217
217 329
329 203
401 184
184 342
342 173
173 345
345 203
203 316
316 199
199 327
327 188
188 337
337 183
183 350
350 174
174 360
360 155
155 380
380 143
143 396
396 132
132 397
397 128
128 401
200 342
342 199
199 350
350 234
234 303
303 231
231 283
283 233
233 312
312 208
208 328
328 179
179 346
346 183
183 345
345 186
186 314
314 200
320 237
237 319
319 202
202 320
323 240
240 297
297 235
235 287
287 232
232 299
299 218
218 320
320 185
185 345
345 229
229 334
334 247
247 298
298 225
225 317
317 226
226 341
341 204
204 323
257 285
285 238
238 293
293 233
233 299
299 241
241 267
267 276
276 263
263 277
277 294
294 236
236 283
283 261
261 287
287 282
282 254
254 279
279 268
268 295
295 278
278 266
266 286
286 244
244 257
156 382
382 141
141 371
371 151
151 387
387 157
157 391
391 143
143 404
404 135
135 363
363 147
147 368
368 163
163 357
357 218
218 311
311 213
213 290
290 242
242 280
280 252
252 300
300 232
232 296
296 230
230 331
331 253
253 256
256 272
272 271
271 257
257 297
297 245
245 323
323 190
190 346
346 208
208 321
321 200
200 372
372 180
180 348
348 172
172 352
352 159
159 365
365 155
155 381
381 156
153 389
389 156
156 376
376 153
125 414
414 153
153 359
359 154
154 367
367 136
136 401
401 112
112 430
430 102
102 432
432 105
105 452
452 76
76 460
460 84
84 470
470 82
82 454
454 94
94 453
453 113
113 405
405 125
431 135
135 411
411 123
123 407
407 131
131 393
393 148
148 396
396 154
154 395
395 175
175 360
360 189
189 369
369 171
171 402
402 115
115 419
419 132
132 403
403 136
136 417
417 125
125 465
465 90
90 406
406 107
107 378
378 109
109 431
352 178
178 349
349 207
207 340
340 226
226 325
325 193
193 355
355 173
173 371
371 182
182 373
373 144
144 363
363 146
146 383
383 198
198 345
345 188
188 388
388 169
169 318
318 195
195 335
335 164
164 351
351 176
176 352
311 231
231 305
305 230
230 311
392 183
183 368
368 165
165 367
367 164
164 363
363 179
179 360
360 205
205 324
324 195
195 330
330 222
222 322
322 213
213 340
340 256
256 311
311 223
223 321
321 209
209 350
350 226
226 352
352 181
181 393
393 149
149 392
163 403
403 157
157 405
405 137
137 390
390 110
110 438
438 140
140 401
401 178
178 379
379 163
96 443
443 126
126 407
407 164
164 384
384 163
163 391
391 176
176 359
359 159
159 392
392 130
130 412
412 120
120 435
435 107
107 421
421 116
116 431
431 100
100 416
416 119
119 433
433 96
448 126
126 455
455 101
101 456
456 93
93 464
464 96
96 448
35 471
471 48
48 484
484 66
66 469
469 107
107 448
448 67
67 494
494 57
57 467
467 35
19 489
489 64
64 471
471 53
53 480
480 43
43 490
490 44
44 483
483 37
37 477
477 35
35 499
499 36
36 500
500 49
49 495
495 22
22 492
492 52
52 463
463 74
74 474
474 58
58 482
482 19
495 66
66 496
496 57
57 495
59 482
482 63
63 466
466 59
473 59
59 477
477 84
84 469
469 71
71 463
463 62
62 495
495 53
53 473
418 142
142 390
390 151
151 383
383 166
166 387
387 171
171 408
408 138
138 419
419 131
131 410
410 122
122 433
433 128
128 428
428 110
110 427
427 125
125 418
41 489
489 58
58 493
493 79
79 440
440 136
136 407
407 139
139 411
411 148
148 418
418 103
103 463
463 72
72 473
473 67
67 490
490 48
48 488
488 41
336 193
193 338
338 190
190 336
365 191
191 348
348 195
195 336
336 192
192 380
380 172
172 370
370 179
179 365
213 350
350 211
211 324
324 219
219 356
356 208
208 351
351 186
186 359
359 193
193 369
369 191
191 373
373 194
194 364
364 217
217 365
365 201
201 345
345 209
209 333
333 213
115 462
462 83
83 420
420 127
127 454
454 109
109 452
452 119
119 444
444 122
122 451
451 111
111 416
416 112
112 421
421 143
143 398
398 174
174 374
374 181
181 378
378 186
186 385
385 163
163 401
401 205
205 363
363 195
195 364
364 197
197 368
368 207
207 355
355 204
204 344
344 238
238 304
304 297
297 261
261 289
289 257
257 308
308 216
216 302
302 212
212 327
327 202
202 342
342 213
213 360
360 188
188 397
397 161
161 375
375 146
146 390
390 144
144 413
413 115
426 174
174 399
399 163
163 396
396 168
168 401
401 208
208 359
359 199
199 390
390 156
156 409
409 162
162 427
427 141
141 416
416 115
115 426
80 489
489 82
82 495
495 74
74 467
467 80
488 97
97 496
496 67
67 478
478 75
75 474
474 76
76 491
491 70
70 500
500 62
62 488
471 122
122 488
488 72
72 471
151 420
420 142
142 425
425 144
144 423
423 132
132 433
433 135
135 438
438 149
149 400
400 151
464 101
101 458
458 98
98 487
487 105
105 434
434 127
127 457
457 78
78 449
449 148
148 419
419 151
151 406
406 147
147 429
429 106
106 475
475 93
93 483
483 94
94 471
471 81
81 447
447 102
102 440
440 99
99 464
145 438
438 151
151 430
430 114
114 440
440 124
124 464
464 104
104 466
466 77
77 480
480 80
80 476
476 89
89 446
446 121
121 426
426 116
116 436
436 145
50 499
499 128
128 456
456 157
157 413
413 155
155 389
389 165
165 406
406 166
166 429
429 178
178 412
412 133
133 435
435 127
127 455
455 131
131 454
454 145
145 441
441 110
110 450
450 69
69 477
477 73
73 486
486 50
468 78
78 477
477 102
102 474
474 77
77 468
86 490
490 81
81 497
497 73
73 479
479 86
59 498
498 90
90 482
482 69
69 478
478 71
71 500
500 86
86 470
470 98
98 468
468 106
106 443
443 103
103 445
445 65
65 499
499 127
127 444
444 129
129 426
426 132
132 484
484 59
227 322
322 224
224 346
346 212
212 307
307 227
313 255
255 270
270 265
265 315
315 251
251 318
318 227
227 309
309 232
232 305
305 242
242 301
301 244
244 290
290 267
267 249
249 320
320 225
225 313
239 316
316 246
246 293
293 292
292 239
327 244
244 307
307 233
233 339
339 216
216 327
351 231
231 327
327 224
224 326
326 232
232 322
322 245
245 304
304 239
239 283
283 313
313 221
221 362
362 167
167 376
376 202
202 354
354 209
209 351
283 277
277 280
280 273
273 283
260 285
285 284
284 260
302 254
254 305
305 292
292 340
340 228
228 302
348 227
227 363
363 215
215 348
235 349
349 222
222 348
348 219
219 345
345 250
250 310
310 302
302 235
249 344
344 216
216 342
342 235
235 331
331 239
239 329
329 225
225 330
330 248
248 299
299 259
259 290
290 265
265 304
304 268
268 309
309 241
241 322
322 261
261 312
312 260
260 303
303 249
399 198
198 392
392 176
176 422
422 177
177 383
383 195
195 399
370 189
189 382
382 187
187 370
197 373
373 219
219 361
361 206
206 370
370 197
263 331
331 241
241 355
355 229
229 347
347 185
185 389
389 171
171 398
398 197
197 399
399 196
196 367
367 173
173 357
357 238
238 362
362 268
268 307
307 249
249 296
296 257
257 291
291 262
262 308
308 283
283 252
252 301
301 263
286 287
287 279
279 291
291 269
269 286
281 286
286 270
270 281
303 294
294 305
305 271
271 326
326 242
242 328
328 210
210 343
343 200
200 337
337 243
243 329
329 280
280 300
300 270
270 301
301 278
278 308
308 279
279 321
321 237
237 347
347 261
261 348
348 235
235 360
360 223
223 350
350 227
227 358
358 221
221 333
333 260
260 319
319 252
252 310
310 265
265 298
298 281
281 327
327 249
249 325
325 251
251 344
344 267
267 304
304 293
293 274
274 303
285 291
291 296
296 289
289 276
276 285
314 271
271 312
312 269
269 309
309 285
285 277
277 304
304 287
287 308
308 286
286 327
327 303
303 263
263 314
359 218
218 370
370 229
229 361
361 221
221 369
369 225
225 335
335 240
240 339
339 243
243 338
338 270
270 309
309 272
272 330
330 249
249 329
329 291
291 311
311 283
283 314
314 214
214 351
351 213
213 359
359 224
224 345
345 230
230 333
333 246
246 355
355 256
256 350
350 232
232 372
372 229
229 390
390 202
202 379
379 199
199 371
371 200
200 353
353 185
185 366
366 222
222 359
375 189
189 394
394 181
181 402
402 182
182 375
410 168
168 400
400 163
163 410
375 193
193 382
382 209
209 377
377 204
204 373
373 201
201 391
391 200
200 393
393 202
202 422
422 186
186 410
410 191
191 375
215 382
382 221
221 371
371 206
206 364
364 214
214 332
332 242
242 342
342 269
269 333
333 262
262 299
299 295
295 336
336 246
246 385
385 194
194 375
375 215
162 437
437 134
134 424
424 137
137 454
454 133
133 433
433 153
153 439
439 170
170 400
400 173
173 403
403 215
215 379
379 210
210 374
374 227
227 359
359 236
236 401
401 203
203 404
404 175
175 421
421 162
461 159
159 428
428 162
162 426
426 147
147 461
100 467
467 109
109 475
475 126
126 452
452 121
121 448
448 149
149 461
461 100
100 471
471 104
104 470
470 88
88 469
469 100
499 81
81 492
492 113
113 474
474 125
125 446
446 130
130 458
458 110
110 476
476 100
100 481
481 75
75 499
494 101
101 473
473 96
96 499
499 85
85 494
307 293
293 309
309 281
281 307
263 323
323 297
297 307
307 292
292 314
314 287
287 319
319 263
237 363
363 256
256 356
356 237
417 183
183 396
396 171
171 413
413 199
199 380
380 237
237 332
332 257
257 317
317 283
283 353
353 252
252 335
335 273
273 344
344 263
263 316
316 264
264 348
348 269
269 343
343 258
258 337
337 259
259 364
364 228
228 373
373 207
207 432
432 137
137 450
450 147
147 460
460 146
146 449
449 168
168 417
152 423
423 169
169 426
426 183
183 421
421 201
201 378
378 206
206 386
386 190
190 381
381 185
185 400
400 192
192 417
417 164
164 418
418 152
483 122
122 486
486 121
121 479
479 108
108 473
473 110
110 483
139 433
433 184
184 420
420 155
155 414
414 138
138 443
443 115
115 475
475 130
130 483
483 124
124 453
453 118
118 440
440 152
152 424
424 139
452 167
167 435
435 139
139 452
116 470
470 141
141 433
433 164
164 465
465 140
140 452
452 136
136 462
462 116
114 481
481 140
140 491
491 82
82 492
492 84
84 480
480 91
91 495
495 112
112 476
476 116
116 466
466 114
109 473
473 114
114 463
463 129
129 469
469 109
400 228
228 378
378 220
220 389
389 204
204 402
402 200
200 400
207 400
400 188
188 376
376 207
381 213
213 383
383 206
206 381
187 413
413 179
179 411
411 163
163 416
416 156
156 395
395 187
195 442
442 163
163 457
457 160
160 445
445 199
199 416
416 176
176 424
424 169
169 427
427 181
181 408
408 189
189 412
412 193
193 395
395 202
202 394
394 195
406 195
195 398
398 190
190 396
396 187
187 403
403 211
211 381
381 207
207 387
387 194
194 406
463 142
142 462
462 154
154 455
455 133
133 463
161 446
446 134
134 463
463 167
167 460
460 196
196 405
405 214
214 376
376 239
239 362
362 243
243 406
406 173
173 419
419 161
175 430
430 177
177 423
423 173
173 465
465 172
172 384
384 210
210 428
428 161
161 407
407 175
117 480
480 89
89 500
500 91
91 489
489 93
93 497
497 106
106 472
472 83
83 493
493 138
138 467
467 150
150 466
466 120
120 431
431 175
175 441
441 152
152 456
456 144
144 443
443 153
153 470
470 123
123 447
447 117
494 117
117 481
481 115
115 496
496 103
103 499
499 99
99 477
477 158
158 458
458 136
136 471
471 109
109 494
247 351
351 235
235 361
361 242
242 334
334 253
253 345
345 247
289 308
308 290
290 277
277 312
312 276
276 299
299 289
265 345
345 280
280 350
350 275
275 346
346 266
266 347
347 253
253 335
335 282
282 310
310 300
300 295
295 301
301 288
288 339
339 265
264 355
355 265
265 337
337 264
305 312
312 306
306 309
309 305
307 308
308 299
299 338
338 251
251 360
360 238
238 359
359 231
231 354
354 274
274 337
337 304
304 314
314 305
305 298
298 307
320 307
307 301
301 356
356 264
264 320
296 342
342 249
249 341
341 241
241 352
352 253
253 357
357 246
246 369
369 252
252 359
359 271
271 317
317 296
380 225
225 387
387 229
229 397
397 230
230 405
405 268
268 364
364 273
273 343
343 277
277 331
331 298
298 330
330 309
309 339
339 308
308 311
311 312
312 316
316 290
290 337
337 281
281 341
341 272
272 328
328 296
296 310
310 294
294 315
315 285
285 318
318 292
292 320
320 276
276 333
333 289
289 353
353 303
303 349
349 247
247 374
374 212
212 380
366 217
217 400
400 216
216 366
376 233
233 368
368 235
235 379
379 231
231 366
366 223
223 365
365 251
251 351
351 260
260 361
361 245
245 352
352 250
250 358
358 249
249 380
380 226
226 404
404 222
222 367
367 232
232 376
218 377
377 241
241 379
379 243
243 376
376 218
367 274
274 370
370 251
251 390
390 242
242 367
393 241
241 423
423 200
200 408
408 219
219 393
455 182
182 411
411 227
227 393
393 217
217 384
384 213
213 386
386 247
247 362
362 245
245 367
367 266
266 359
359 262
262 365
365 236
236 382
382 218
218 391
391 237
237 403
403 190
190 425
425 156
156 455
72 498
498 120
120 500
500 108
108 495
495 95
95 490
490 118
118 472
472 119
119 475
475 220
220 388
388 207
207 402
402 208
208 407
407 254
254 367
367 262
262 394
394 225
225 392
392 218
218 399
399 202
202 409
409 188
188 411
411 195
195 458
458 163
163 445
445 185
185 414
414 179
179 455
455 170
170 464
464 133
133 473
473 111
111 499
499 130
130 476
476 146
146 494
494 72
421 203
203 415
415 223
223 395
395 210
210 429
429 197
197 410
410 187
187 421
125 486
486 143
143 485
485 125
499 125
125 498
498 119
119 499
161 461
461 153
153 475
475 170
170 489
489 166
166 467
467 163
163 494
494 151
151 469
469 132
132 447
447 155
155 498
498 133
133 495
495 134
134 499
499 123
123 481
481 126
126 479
479 129
129 474
474 135
135 477
477 156
156 431
431 161
173 453
453 161
161 459
459 149
149 452
452 209
209 441
441 208
208 421
421 228
228 408
408 225
225 407
407 211
211 419
419 180
180 437
437 169
169 470
470 181
181 436
436 173
444 176
176 440
440 162
162 461
461 196
196 469
469 153
153 466
466 194
194 454
454 164
164 450
450 152
152 444
433 188
188 461
461 165
165 418
418 207
207 410
410 217
217 438
438 171
171 444
444 189
189 426
426 180
180 470
470 173
173 434
434 186
186 433
210 415
415 222
222 413
413 210
193 426
426 200
200 444
444 210
210 409
409 233
233 417
417 193
96 497
497 152
152 481
481 153
153 471
471 183
183 435
435 193
193 427
427 187
187 433
433 177
177 482
482 102
102 478
478 96
135 493
493 149
149 496
496 156
156 483
483 141
141 488
488 135
439 201
201 453
453 174
174 448
448 184
184 434
434 214
214 440
440 197
197 439
145 468
468 206
206 430
430 191
191 412
412 213
213 439
439 171
171 463
463 145
148 480
480 163
163 472
472 148
474 165
165 499
499 148
148 474
471 185
185 451
451 179
179 449
449 188
188 434
434 204
204 411
411 229
229 446
446 175
175 459
459 162
162 466
466 182
182 462
462 159
159 471
169 479
479 150
150 492
492 165
165 477
477 159
159 483
483 160
160 471
471 157
157 468
468 161
161 474
474 169
452 177
177 456
456 168
168 467
467 176
176 452
207 468
468 178
178 464
464 179
179 452
452 180
180 431
431 198
198 425
425 225
225 412
412 202
202 426
426 212
212 454
454 207
369 296
296 329
329 297
297 326
326 330
330 299
299 324
324 305
305 362
362 264
264 369
276 328
328 285
285 333
333 286
286 322
322 276
224 399
399 221
221 411
411 236
236 375
375 270
270 345
345 276
276 368
368 257
257 358
358 275
275 396
396 256
256 381
381 267
267 369
369 265
265 365
365 278
278 325
325 283
283 383
383 231
231 408
408 241
241 404
404 234
234 371
371 232
232 407
407 226
226 391
391 224
485 206
206 478
478 159
159 484
484 179
179 467
467 174
174 473
473 172
172 480
480 175
175 475
475 157
157 486
486 181
181 485
496 197
197 485
485 202
202 416
416 224
224 449
449 191
191 431
431 195
195 460
460 207
207 482
482 189
189 447
447 193
193 496
240 388
388 244
244 379
379 250
250 382
382 240
215 421
421 226
226 419
419 215
431 221
221 410
410 218
218 430
430 215
215 409
409 231
231 405
405 243
243 408
408 240
240 415
415 211
211 444
444 208
208 442
442 203
203 431
371 271
271 360
360 310
310 329
329 323
323 279
279 365
365 276
276 366
366 245
245 371
253 404
404 269
269 355
355 282
282 371
371 235
235 384
384 257
257 380
380 253
410 253
253 363
363 264
264 377
377 238
238 387
387 248
248 410
387 263
263 374
374 251
251 385
385 255
255 388
388 249
249 386
386 250
250 387
314 355
355 277
277 377
377 278
278 387
387 257
257 393
393 242
242 391
391 283
283 334
334 293
293 327
327 314
291 366
366 281
281 344
344 337
337 314
314 325
325 287
287 347
347 284
284 350
350 291
363 272
272 388
388 278
278 384
384 285
285 360
360 280
280 367
367 260
260 385
385 273
273 381
381 271
271 375
375 246
246 406
406 274
274 373
373 299
299 353
353 291
291 354
354 261
261 363
322 295
295 320
320 317
317 288
288 319
319 313
313 327
327 345
345 298
298 343
343 294
294 322
322 320
320 315
315 322
238 389
389 259
259 358
358 289
289 352
352 279
279 328
328 327
327 324
324 325
325 322
322 359
359 275
275 363
363 258
258 378
378 238
252 398
398 242
242 407
407 237
237 395
395 252
420 248
248 397
397 261
261 398
398 267
267 413
413 252
252 400
400 238
238 399
399 230
230 422
422 254
254 410
410 240
240 431
431 225
225 439
439 222
222 420
486 210
210 460
460 212
212 445
445 205
205 435
435 218
218 416
416 240
240 420
420 192
192 451
451 190
190 486
448 227
227 442
442 211
211 448
216 448
448 214
214 437
437 236
236 450
450 225
225 435
435 217
217 434
434 228
228 428
428 247
247 405
405 256
256 436
436 224
224 429
429 216
497 183
183 489
489 180
180 455
455 227
227 462
462 205
205 469
469 208
208 457
457 168
168 481
481 201
201 452
452 188
188 463
463 216
216 471
471 167
167 472
472 193
193 451
451 199
199 475
475 191
191 486
486 163
163 497
165 497
497 175
175 500
500 160
160 484
484 198
198 474
474 171
171 483
483 176
176 488
488 202
202 496
496 165
145 487
487 213
213 426
426 219
219 445
445 228
228 441
441 222
222 467
467 203
203 447
447 217
217 443
443 200
200 458
458 211
211 484
484 171
171 491
491 158
158 492
492 179
179 490
490 166
166 499
499 178
178 480
480 190
190 465
465 229
229 455
455 188
188 498
498 165
165 493
493 169
169 476
476 145
199 488
488 188
188 456
456 215
215 498
498 206
206 494
494 201
201 493
493 172
172 483
483 189
189 499
499 182
182 480
480 194
194 477
477 217
217 463
463 199
171 497
497 186
186 470
470 187
187 492
492 191
191 500
500 190
190 483
483 199
199 465
465 216
216 489
489 192
192 495
495 171
306 357
357 313
313 353
353 319
319 306
315 356
356 305
305 338
338 326
326 315
235 459
459 195
195 433
433 219
219 434
434 266
266 382
382 264
264 386
386 304
304 348
348 286
286 344
344 295
295 346
346 332
332 315
315 349
349 306
306 321
321 312
312 378
378 262
262 389
389 258
258 415
415 268
268 425
425 234
234 418
418 239
239 414
414 261
261 409
409 235
218 456
456 233
233 441
441 237
237 421
421 240
240 445
445 235
235 454
454 218
246 444
444 223
223 416
416 242
242 403
403 246
309 338
338 314
314 339
339 315
315 335
335 309
343 308
308 346
346 320
320 335
335 375
375 289
289 369
369 291
291 368
368 284
284 365
365 301
301 343
379 325
325 333
333 302
302 365
365 286
286 367
367 287
287 361
361 277
277 358
358 318
318 316
316 321
321 331
331 312
312 328
328 311
311 343
343 336
336 345
345 344
344 293
293 352
352 315
315 341
341 309
309 363
363 282
282 379
270 397
397 255
255 401
401 277
277 364
364 292
292 379
379 270
391 299
299 387
387 280
280 364
364 279
279 391
407 257
257 400
400 260
260 372
372 308
308 348
348 341
341 338
338 312
312 358
358 302
302 391
391 275
275 390
390 270
270 418
418 250
250 407
251 406
406 255
255 399
399 251
464 226
226 432
432 240
240 433
433 232
232 412
412 231
231 446
446 262
262 421
421 241
241 411
411 251
251 407
407 243
243 417
417 242
242 430
430 246
246 474
474 209
209 469
469 211
211 465
465 218
218 464
480 209
209 477
477 223
223 464
464 222
222 452
452 224
224 470
470 208
208 480
257 429
429 244
244 427
427 257
243 428
428 239
239 426
426 287
287 384
384 296
296 399
399 305
305 382
382 281
281 373
373 290
290 370
370 276
276 491
491 203
203 490
490 192
192 500
500 224
224 467
467 249
249 414
414 253
253 442
442 261
261 431
431 264
264 436
436 257
257 419
419 243
187 497
497 221
221 468
468 214
214 457
457 253
253 422
422 243
243 438
438 230
230 476
476 218
218 484
484 235
235 452
452 225
225 458
458 219
219 487
487 212
212 480
480 187
306 379
379 307
307 386
386 301
301 373
373 308
308 414
414 311
311 365
365 306
200 497
497 202
202 493
493 218
218 490
490 229
229 470
470 261
261 454
454 248
248 434
434 245
245 417
417 252
252 452
452 256
256 411
411 285
285 388
388 297
297 342
342 317
317 383
383 306
306 389
389 303
303 380
380 279
279 394
394 284
284 407
407 275
275 426
426 250
250 439
439 236
236 475
475 219
219 481
481 200
267 410
410 260
260 402
402 265
265 406
406 267
385 276
276 421
421 280
280 393
393 273
273 401
401 304
304 388
388 288
288 347
347 316
316 353
353 321
321 339
339 349
349 317
317 363
363 314
314 350
350 361
361 310
310 419
419 269
269 413
413 282
282 398
398 300
300 402
402 277
277 436
436 274
274 416
416 268
268 429
429 311
311 433
433 241
241 489
489 222
222 473
473 250
250 428
428 251
251 424
424 242
242 455
455 252
252 456
456 267
267 400
400 272
272 385
271 403
403 286
286 398
398 283
283 417
417 270
270 395
395 271
412 292
292 411
411 271
271 409
409 288
288 406
406 278
278 426
426 306
306 385
385 281
281 412
216 482
482 223
223 480
480 216
232 447
447 259
259 408
408 273
273 400
400 297
297 390
390 298
298 347
347 322
322 334
334 333
333 446
446 232
448 240
240 472
472 227
227 471
471 236
236 453
453 231
231 448
448 246
246 440
440 242
242 448
238 449
449 242
242 451
451 251
251 437
437 244
244 496
496 230
230 463
463 243
243 435
435 306
306 438
438 282
282 430
430 269
269 448
448 232
232 487
487 223
223 498
498 216
216 485
485 248
248 455
455 289
289 412
412 238
205 492
492 243
243 481
481 251
251 453
453 245
245 443
443 238
238 462
462 254
254 479
479 205
483 238
238 498
498 228
228 471
471 231
231 467
467 226
226 483
208 492
492 212
212 495
495 207
207 499
499 211
211 486
486 208
500 232
232 469
469 245
245 476
476 234
234 460
460 255
255 452
452 278
278 420
420 265
265 422
422 268
268 442
442 260
260 485
485 226
226 494
494 208
208 500
500 249
249 499
499 229
229 500
205 488
488 220
220 477
477 237
237 463
463 242
242 462
462 255
255 490
490 225
225 473
473 231
231 500
500 227
227 480
480 236
236 483
483 205
369 310
310 373
373 327
327 329
329 365
365 316
316 364
364 302
302 387
387 313
313 379
379 312
312 362
362 352
352 347
347 320
320 418
418 283
283 442
442 276
276 409
409 294
294 369
328 397
397 296
296 412
412 297
297 430
430 283
283 428
428 285
285 422
422 299
299 396
396 290
290 403
403 279
279 415
415 334
334 323
323 353
353 341
341 357
357 319
319 356
356 322
322 368
368 315
315 362
362 328
331 348
348 324
324 331
309 370
370 326
326 374
374 331
331 346
346 367
367 293
293 403
403 301
301 394
394 319
319 364
364 322
322 387
387 328
328 360
360 333
333 366
366 316
316 369
369 309
371 324
324 372
372 309
309 371
320 376
376 364
364 336
336 346
346 339
339 365
365 348
348 375
375 344
344 357
357 349
349 355
355 320
280 441
441 312
312 385
385 318
318 383
383 325
325 381
381 308
308 428
428 290
290 401
401 314
314 377
377 324
324 395
395 284
284 404
404 295
295 351
351 345
345 338
338 358
358 320
320 371
371 291
291 423
423 270
270 434
434 280
392 293
293 426
426 295
295 411
411 296
296 499
499 257
257 439
439 263
263 392
447 276
276 469
469 275
275 464
464 244
244 475
475 241
241 447
465 269
269 447
447 247
247 458
458 260
260 449
449 293
293 400
400 281
281 405
405 309
309 388
388 328
328 391
391 310
310 392
392 329
329 373
373 352
352 365
365 374
374 327
327 381
381 331
331 385
385 353
353 347
347 390
390 303
303 393
393 315
315 378
378 317
317 350
350 323
323 343
343 342
342 425
425 271
271 437
437 280
280 457
457 256
256 465
256 480
480 237
237 494
494 263
263 456
456 281
281 463
463 246
246 462
462 256
434 279
279 408
408 309
309 424
424 294
294 440
440 265
265 439
439 266
266 450
450 277
277 434
291 437
437 285
285 457
457 281
281 458
458 283
283 432
432 291
302 448
448 291
291 405
405 305
305 403
403 314
314 409
409 308
308 420
420 304
304 434
434 302
323 404
404 298
298 407
407 340
340 343
343 371
371 359
359 330
330 395
395 380
380 323
300 415
415 308
308 434
434 318
318 405
405 310
310 396
396 319
319 398
398 323
323 351
351 339
339 362
362 320
320 401
401 313
313 392
392 324
324 411
411 307
307 447
447 287
287 432
432 295
295 429
429 294
294 443
443 302
302 406
406 300
396 336
336 427
427 309
309 414
414 317
317 396
431 316
316 421
421 296
296 426
426 313
313 408
408 310
310 448
448 320
320 396
396 325
325 416
416 300
300 431
256 486
486 241
241 494
494 239
239 484
484 253
253 474
474 265
265 451
451 262
262 449
449 295
295 436
436 286
286 442
442 304
304 431
431 273
273 475
475 256
260 470
470 282
282 451
451 273
273 472
472 262
262 462
462 260
500 298
298 430
430 303
303 417
417 305
305 413
413 284
284 474
474 260
260 471
471 233
233 495
495 250
250 500
215 466
466 267
267 462
462 268
268 479
479 265
265 500
500 240
240 467
467 246
246 489
489 256
256 477
477 270
270 465
465 215
473 273
273 460
460 266
266 459
459 294
294 463
463 293
293 461
461 247
247 473
495 254
254 481
481 258
258 453
453 295
295 496
496 246
246 495
264 495
495 272
272 456
456 311
311 466
466 264
368 366
366 342
342 383
383 337
337 395
395 349
349 400
400 319
319 420
420 322
322 378
378 345
345 356
356 332
332 373
373 365
365 372
372 369
369 333
333 368
321 384
384 345
345 381
381 389
389 332
332 360
360 355
355 373
373 354
354 367
367 350
350 401
401 335
335 411
411 342
342 394
394 341
341 363
363 321
368 363
363 351
351 376
376 326
326 396
396 332
332 392
392 321
321 443
443 312
312 449
449 285
285 458
458 290
290 432
432 300
300 429
429 310
310 442
442 303
303 440
440 317
317 439
439 274
274 460
460 280
280 481
481 265
265 486
486 323
323 421
421 327
327 388
388 356
356 368
244 487
487 274
274 445
445 279
279 453
453 276
276 490
490 291
291 467
467 271
271 452
452 308
308 475
475 299
299 482
482 319
319 402
402 324
324 415
415 359
359 375
375 350
350 382
382 347
347 383
383 369
369 386
386 326
326 379
379 333
333 397
397 344
344 394
394 368
368 435
435 309
309 455
455 259
259 484
484 252
252 478
478 245
245 483
483 275
275 471
471 264
264 454
454 278
278 497
497 266
266 473
473 244
370 355
355 367
367 383
383 350
350 428
428 321
321 399
399 329
329 418
418 324
324 403
403 337
337 404
404 361
361 371
371 358
358 395
395 351
351 387
387 339
339 370
338 406
406 336
336 430
430 314
314 407
407 331
331 402
402 352
352 381
381 358
358 387
387 363
363 378
378 370
370 396
396 354
354 379
379 338
391 373
373 376
376 367
367 374
374 405
405 326
326 420
420 342
342 413
413 328
328 399
399 358
358 391
338 411
411 365
365 407
407 339
339 388
388 369
369 391
391 357
357 392
392 338
384 377
377 364
364 431
431 326
326 416
416 343
343 393
393 346
346 394
394 353
353 388
388 345
345 385
385 333
333 384
330 415
415 341
341 416
416 344
344 402
402 430
430 340
340 412
412 329
329 437
437 296
296 441
441 314
314 447
447 315
315 436
436 335
335 410
410 383
383 387
387 370
370 384
384 330
483 261
261 489
489 255
255 468
468 307
307 429
429 331
331 414
414 330
330 399
399 338
338 422
422 288
288 450
450 285
285 470
470 267
267 494
494 251
251 483
498 267
267 480
480 315
315 452
452 302
302 500
500 266
266 498
247 492
492 275
275 494
494 276
276 480
480 278
278 456
456 288
288 451
451 305
305 441
441 329
329 420
420 334
334 434
434 332
332 455
455 318
318 468
468 301
301 423
423 324
324 436
436 316
316 445
445 322
322 473
473 290
290 464
464 285
285 484
484 268
268 498
498 273
273 485
485 269
269 483
483 247
366 378
378 390
390 372
372 381
381 382
382 386
386 376
376 379
379 371
371 366
408 337
337 415
415 333
333 409
409 325
325 408
461 312
312 462
462 284
284 454
454 304
304 461
408 399
399 370
370 391
391 446
446 341
341 417
417 373
373 402
402 389
389 388
388 385
385 350
350 418
418 352
352 406
406 349
349 397
397 354
354 401
401 367
367 419
419 328
328 447
447 330
330 461
461 336
336 410
410 353
353 400
400 374
374 408
471 324
324 424
424 339
339 426
426 348
348 409
409 355
355 393
393 385
385 408
408 386
386 394
394 407
407 366
366 487
487 286
286 471
264 492
492 283
283 493
493 296
296 467
467 295
295 471
471 280
280 477
477 264
360 401
401 382
382 405
405 381
381 435
435 377
377 393
393 360
420 351
351 410
410 337
337 429
429 364
364 412
412 350
350 479
479 280
280 489
489 282
282 483
483 278
278 498
498 287
287 454
454 300
300 467
467 334
334 442
442 333
333 420
308 484
484 342
342 424
424 328
328 457
457 308
464 336
336 476
476 309
309 478
478 279
279 491
491 294
294 464
367 464
464 308
308 470
470 297
297 458
458 292
292 469
469 284
284 477
477 285
285 483
483 346
346 420
420 353
353 413
413 360
360 395
395 362
362 392
392 409
409 367
321 450
450 303
303 456
456 367
367 411
411 349
349 425
425 344
344 448
448 331
331 432
432 321
277 486
486 307
307 474
474 306
306 463
463 320
320 462
462 321
321 459
459 277
465 308
308 483
483 289
289 465
481 322
322 449
449 348
348 438
438 310
310 444
444 325
325 450
450 326
326 452
452 338
338 423
423 363
363 395
395 388
388 397
397 368
368 400
400 385
385 420
420 369
369 434
434 351
351 460
460 303
303 465
465 292
292 481
326 462
462 329
329 444
444 328
328 463
463 311
311 458
458 331
331 456
456 326
480 326
326 496
496 302
302 480
278 490
490 290
290 495
495 316
316 467
467 318
318 497
497 280
280 494
494 319
319 483
483 312
312 466
466 317
317 480
480 300
300 482
482 301
301 469
469 335
335 439
439 339
339 432
432 350
350 445
445 349
349 414
414 337
337 421
421 359
359 481
481 304
304 488
488 278
391 396
396 390
390 405
405 418
418 395
395 371
371 392
392 391
343 462
462 344
344 426
426 352
352 433
433 362
362 427
427 343
375 404
404 358
358 437
437 359
359 440
440 357
357 445
445 352
352 443
443 370
370 453
453 332
332 457
457 343
343 421
421 371
371 436
436 340
340 447
447 345
345 398
398 391
391 375
489 299
299 486
486 342
342 496
496 375
375 411
411 385
385 414
414 360
360 422
422 369
369 441
441 339
339 472
472 288
288 489
285 493
493 324
324 489
489 285
291 498
498 306
306 482
482 317
317 477
477 309
309 490
490 304
304 500
500 311
311 494
494 291
358 428
428 390
390 416
416 358
469 345
345 451
451 310
310 469
469 333
333 497
497 320
320 469
358 467
467 321
321 490
490 325
325 480
480 330
330 489
489 331
331 459
459 343
343 469
469 363
363 455
455 353
353 426
426 358
314 458
458 332
332 454
454 314
465 353
353 463
463 332
332 465
378 423
423 365
365 465
465 350
350 442
442 337
337 478
478 328
328 452
452 387
387 403
403 380
380 417
417 378
449 378
378 419
419 373
373 422
422 361
361 466
466 314
314 494
494 321
321 470
470 310
310 475
475 336
336 468
468 329
329 471
471 313
313 499
499 341
341 449
366 429
429 395
395 423
423 384
384 415
415 424
424 366
458 348
348 496
496 389
389 425
425 380
380 428
428 382
382 411
411 379
379 426
426 383
383 422
422 376
376 476
476 338
338 454
454 356
356 489
489 345
345 480
480 344
344 474
474 318
318 495
495 329
329 499
499 342
342 497
497 335
335 484
484 332
332 477
477 327
327 458
394 426
426 388
388 402
402 405
405 391
391 401
401 394
449 369
369 429
429 376
376 438
438 371
371 440
440 373
373 432
432 355
355 463
463 357
357 447
447 364
364 448
448 414
414 394
394 416
416 404
404 442
442 351
351 458
458 372
372 406
406 374
374 451
451 366
366 449
401 409
409 396
396 400
400 401
377 490
490 339
339 450
450 377
301 493
493 303
303 486
486 317
317 498
498 330
330 499
499 377
377 436
436 382
382 429
429 379
379 419
419 398
398 407
407 401
401 410
410 449
449 358
358 485
485 301
318 498
498 337
337 491
491 318
376 440
440 374
374 434
434 385
385 447
447 391
391 419
419 401
401 425
425 394
394 428
428 397
397 412
412 411
411 396
396 413
413 400
400 426
426 431
431 376
360 463
463 356
356 469
469 348
348 471
471 343
343 473
473 350
350 478
478 368
368 468
468 392
392 433
433 360
354 480
480 360
360 443
443 371
371 445
445 376
376 439
439 361
361 462
462 354
402 422
422 417
417 402
442 450
450 406
406 441
441 373
373 455
455 371
371 470
470 372
372 467
467 365
365 448
448 383
383 439
439 419
419 393
393 420
420 402
402 434
434 397
397 436
436 385
385 445
445 380
380 438
438 404
404 428
428 410
410 442
443 404
404 444
444 411
411 426
426 416
416 420
420 434
434 442
442 433
433 412
412 437
437 405
405 430
430 413
413 399
399 443
362 463
463 361
361 495
495 346
346 486
486 398
398 436
436 410
410 443
443 362
362 474
474 396
396 486
486 353
353 491
491 355
355 471
471 362
492 357
357 482
482 366
366 475
475 361
361 478
478 362
362 484
484 356
356 477
477 354
354 461
461 340
340 494
494 331
331 500
500 335
335 499
499 334
334 492
453 418
418 420
420 430
430 437
437 488
488 371
371 464
464 374
374 471
471 373
373 466
466 393
393 421
421 381
381 438
438 388
388 439
439 386
386 440
440 419
419 444
444 408
408 456
456 382
382 453
378 468
468 385
385 460
460 378
349 472
472 407
407 438
438 445
445 399
399 461
461 378
378 462
462 412
412 453
453 380
380 452
452 376
376 459
459 351
351 454
454 349
323 498
498 332
332 493
493 349
349 494
494 343
343 500
500 368
368 492
492 323
451 404
404 461
461 414
414 455
455 390
390 451
394 480
480 363
363 474
474 367
367 475
475 385
385 491
491 358
358 482
482 361
361 497
497 349
349 500
500 366
366 483
483 380
380 492
492 379
379 463
463 405
405 448
448 384
384 457
457 386
386 468
468 402
402 446
446 394
336 499
499 355
355 494
494 352
352 454
454 369
369 478
478 416
416 428
428 423
423 440
440 388
388 485
485 387
387 460
460 394
394 458
458 408
408 451
451 400
400 465
465 413
413 473
473 365
365 496
496 354
354 498
498 336
454 383
383 481
481 369
369 499
499 381
381 454
382 499
499 406
406 459
459 391
391 467
467 382
359 498
498 382
382 462
462 384
384 452
452 417
417 428
428 432
432 454
454 359
436 440
440 429
429 401
401 436
448 465
465 437
437 436
436 431
431 444
444 430
430 427
427 448
446 448
448 415
415 446
453 444
444 449
449 430
430 453
390 485
485 393
393 469
469 394
394 481
481 390
489 412
412 468
468 388
388 496
496 390
390 463
463 432
432 438
438 440
440 453
453 436
436 446
446 424
424 422
422 476
476 378
378 489
383 497
497 363
363 484
484 388
388 474
474 391
391 462
462 400
400 460
460 431
431 461
461 411
411 457
457 399
399 471
471 427
427 456
456 418
418 458
458 404
404 452
452 401
401 475
475 373
373 478
478 383
422 469
469 408
408 491
491 396
396 482
482 407
407 483
483 403
403 460
460 410
410 459
459 425
425 443
443 426
426 434
434 422
359 494
494 399
399 492
492 409
409 439
439 441
441 422
422 466
466 386
386 500
500 390
390 499
499 405
405 479
479 383
383 489
489 359
364 494
494 373
373 477
477 395
395 489
489 436
436 461
461 435
435 493
493 364
404 475
475 402
402 471
471 442
442 438
438 462
462 411
411 467
467 404
492 408
408 477
477 401
401 492
494 432
432 468
468 440
440 457
457 454
454 485
485 403
403 492
492 404
404 463
463 400
400 494
380 498
498 400
400 500
500 397
397 484
484 392
392 490
490 411
411 477
477 454
454 459
459 415
415 455
455 419
419 467
467 429
429 464
464 433
433 451
451 423
423 480
480 395
395 497
497 466
466 430
430 469
469 465
465 456
456 434
434 479
479 410
410 470
470 384
384 495
495 409
409 494
494 380
494 448
448 451
451 439
439 458
458 438
438 472
472 413
413 491
491 410
410 494
463 462
462 468
468 434
434 471
471 439
439 489
489 414
414 494
494 425
425 463
492 441
441 453
453 464
464 435
435 463
463 421
421 447
447 422
422 492
407 497
497 413
413 481
481 424
424 484
484 418
418 494
494 436
436 492
492 407
403 496
496 407
407 486
486 403
429 495
495 423
423 477
477 420
420 483
483 422
422 486
486 429
471 461
461 438
438 460
460 417
417 470
470 434
434 473
473 452
452 447
447 428
428 467
467 431
431 480
480 451
451 453
453 471
471 493
493 463
463 445
445 472
472 456
456 471
481 434
434 475
475 431
431 481
494 450
450 481
481 427
427 499
499 408
408 497
497 420
420 494
435 474
474 419
419 491
491 414
414 497
497 421
421 494
494 460
460 471
471 435
458 470
470 459
459 458
480 437
437 469
469 474
474 484
484 453
453 473
473 483
483 452
452 489
489 447
447 499
499 442
442 475
475 443
443 467
467 430
430 494
494 433
433 480
482 431
431 497
497 456
456 480
480 458
458 477
477 435
435 498
498 429
429 482
482 455
455 449
449 490
490 430
430 482
492 462
462 470
470 469
469 438
438 492
476 483
483 492
492 457
457 482
482 426
426 476
467 446
446 479
479 445
445 467
404 500
500 433
433 495
495 446
446 488
488 468
468 480
480 465
465 470
470 467
467 449
449 476
476 496
496 404
475 477
477 467
467 472
472 478
478 469
469 475
491 467
467 490
490 461
461 495
495 437
437 498
498 444
444 494
494 451
451 491
464 491
491 485
485 464
470 487
487 498
498 464
464 497
497 472
472 470
428 500
500 480
480 473
473 481
481 469
469 482
482 470
470 475
475 486
486 428
457 500
500 477
477 486
486 483
483 488
488 475
475 491
491 471
471 479
479 494
494 457
491 492
492 495
495 489
489 491
476 490
490 482
482 500
500 496
496 491
491 493
493 485
485 494
494 499
499 479
479 476

