499 9999
280 203
247 26
197 397
467 29
431 335
150 93
359 203
212 153
93 461
344 43
368 437
421 263
412 214
150 214
62 330
21 329
34 268
194 220
89 463
326 147
56 286
345 160
245 222
465 454
437 392
468 496
481 169
30 233
305 209
250 273
122 236
282 225
433 394
138 217
105 40
490 110
8 107
302 59
145 112
310 408
236 230
84 102
483 336
464 94
249 169
268 182
199 348
345 402
446 454
372 276
377 354
499 51
17 48
251 215
330 279
25 397
187 230
314 5
252 359
2 184
43 185
423 177
20 467
450 51
348 3
78 179
207 64
242 287
401 51
487 54
225 54
464 336
404 56
340 300
455 287
124 416
339 75
182 357
300 349
305 464
346 465
304 239
271 62
395 357
408 296
67 3
325 298
297 236
402 481
302 314
214 430
88 62
170 360
280 3
323 373
307 365
458 9
67 124
461 14
158 13
424 132
429 476
484 183
162 132
454 11
404 419
459 126
137 75
87 483
161 432
271 75
257 140
458 130
389 296
482 258
72 94
163 478
94 378
350 304
283 314
9 11
336 140
415 433
267 306
47 37
371 363
82 260
439 9
389 417
81 35
282 25
72 215
77 330
121 373
126 451
234 250
308 199
179 314
426 191
197 102
269 207
403 207
315 323
130 314
92 22
111 35
264 277
377 154
107 330
148 102
239 449
234 142
294 156
187 30
211 387
197 223
491 441
122 49
20 38
226 143
231 221
484 438
262 325
13 264
261 100
178 331
252 280
233 38
324 156
7 220
296 94
375 387
461 390
226 264
171 328
298 103
451 382
363 498
437 447
418 205
160 398
330 92
132 336
137 451
250 328
351 151
122 291
37 449
111 398
171 449
303 339
270 162
485 87
476 267
385 408
393 498
214 1
38 41
243 409
50 51
430 272
110 65
96 167
349 347
297 157
113 336
462 224
453 404
448 60
164 301
291 342
117 455
346 278
319 175
406 63
134 395
106 67
152 183
311 176
2 360
304 173
298 358
432 358
394 66
91 65
330 347
311 68
374 124
200 237
198 127
487 1
406 76
225 1
478 181
464 283
92 411
389 109
334 173
447 50
144 12
25 357
322 55
401 119
332 248
10 197
371 176
404 124
82 73
274 243
45 420
482 192
399 423
336 74
327 254
387 305
1 498
450 361
1 269
431 82
343 235
375 187
494 138
292 418
292 189
378 192
363 69
19 30
184 363
5 95
354 20
431 203
417 305
399 436
204 426
70 197
438 364
66 492
317 74
93 329
437 139
46 254
390 323
351 72
475 367
292 431
466 318
264 332
231 155
264 103
179 490
234 197
437 31
294 211
151 162
197 278
202 393
255 485
439 77
122 104
139 44
78 34
97 47
129 265
129 36
294 332
280 434
247 28
178 157
305 198
309 88
347 380
6 50
83 270
229 324
93 463
453 217
420 40
222 55
414 262
218 350
326 149
240 109
28 455
97 60
358 330
224 101
214 56
379 389
250 275
21 452
111 345
212 397
152 117
50 106
485 263
289 122
113 391
435 405
453 459
145 343
236 232
392 220
43 66
230 158
221 109
69 240
36 63
471 220
256 295
435 297
272 276
219 184
115 292
230 50
450 282
175 114
92 345
331 361
36 413
284 286
289 364
130 48
383 228
393 458
489 395
43 308
134 463
445 59
422 341
477 11
298 305
31 190
196 294
163 117
242 410
22 141
302 424
448 478
281 72
286 187
175 356
216 128
357 67
133 359
169 16
457 419
223 252
443 292
350 64
135 139
33 128
267 66
186 370
253 131
368 118
266 70
249 426
395 480
68 85
155 10
232 193
292 244
457 311
479 70
267 416
239 88
51 37
142 421
357 80
257 142
114 93
26 209
408 311
296 70
466 252
56 88
465 27
38 485
308 309
363 16
258 488
459 478
165 31
478 491
54 429
100 316
208 78
241 26
158 257
364 325
364 96
418 73
253 265
473 268
373 330
445 435
257 384
439 132
95 322
141 209
442 137
213 314
466 494
361 212
326 191
383 496
424 497
451 371
129 320
437 207
41 207
335 159
459 491
247 83
338 430
379 202
250 317
155 494
12 445
172 397
56 451
97 223
245 158
138 32
88 440
239 343
113 204
178 333
338 322
384 438
21 386
273 341
42 445
83 217
410 346
160 400
261 223
462 213
44 225
407 48
357 456
104 276
384 330
310 115
304 41
414 438
254 220
433 451
469 108
460 325
331 403
9 389
157 287
275 279
44 346
57 285
384 451
269 464
2 349
90 233
7 464
263 161
304 162
92 279
340 115
18 64
94 59
168 8
407 290
11 290
16 405
319 177
310 357
217 166
175 398
337 231
249 347
483 285
29 115
188 108
18 185
402 296
90 475
346 401
360 70
217 287
420 121
84 401
258 59
48 478
244 124
423 126
288 167
224 411
91 67
292 57
200 468
52 304
112 126
387 65
65 14
189 309
194 424
395 414
381 250
482 302
191 355
50 416
256 255
283 358
149 129
314 196
300 298
429 183
121 67
38 298
79 299
290 253
202 140
21 65
427 487
210 489
499 363
223 428
176 353
295 304
47 202
280 181
404 476
459 183
244 258
40 199
241 189
153 76
287 76
70 78
283 371
489 476
167 425
327 377
24 376
456 33
230 481
304 430
426 127
101 330
338 14
109 191
150 192
21 307
348 207
81 92
356 31
218 326
204 428
457 379
135 328
372 12
322 191
286 497
247 17
357 377
412 84
180 192
89 333
326 17
284 20
449 87
487 379
280 315
431 447
109 433
398 270
324 92
236 208
458 321
134 197
208 146
488 200
493 315
42 379
358 90
196 28
308 269
252 337
169 339
34 380
97 170
372 146
243 224
102 285
231 170
284 33
430 87
201 264
132 164
219 281
272 144
2 283
458 334
26 411
222 57
340 49
455 36
28 457
143 407
196 270
399 104
382 460
110 1
220 398
187 450
467 275
164 237
34 393
290 53
221 219
372 388
490 343
335 469
490 114
388 332
159 280
420 284
29 399
203 57
227 414
408 166
465 471
325 168
397 273
471 222
154 286
85 415
324 468
376 335
309 345
469 297
334 109
394 123
75 114
388 345
24 68
464 340
161 302
109 112
147 367
307 356
257 10
191 181
110 256
466 120
378 7
462 415
407 479
295 9
415 74
456 75
10 254
323 485
483 474
408 300
274 71
325 302
347 61
292 125
237 189
471 356
94 369
61 192
267 297
454 123
63 9
290 429
1 326
431 139
68 87
491 190
18 495
31 434
494 195
210 436
246 130
58 308
359 7
144 82
89 146
295 480
415 316
79 367
313 305
239 319
307 490
255 300
213 303
361 201
172 36
125 190
292 367
424 257
190 90
198 439
148 93
371 367
352 88
431 152
202 329
155 254
12 434
81 39
191 436
149 439
405 365
190 440
231 212
396 316
129 201
341 380
440 322
335 40
44 93
49 437
21 375
62 147
81 160
208 201
273 330
273 101
190 332
9 257
446 258
336 386
162 499
32 389
338 432
412 381
352 101
238 494
491 445
255 434
241 499
310 104
29 91
141 332
326 314
273 222
42 326
102 340
418 88
41 101
435 220
132 219
32 281
118 284
319 45
153 278
326 435
240 166
133 40
432 336
437 451
377 171
215 109
294 402
25 214
333 101
118 176
175 158
213 450
488 389
87 45
245 402
231 467
28 404
105 99
358 279
349 459
66 107
214 5
30 184
286 110
122 416
48 238
249 228
1 126
50 284
427 5
413 107
168 239
13 402
228 290
388 279
319 408
286 2
203 233
271 108
166 351
78 467
325 344
113 461
457 234
71 464
415 8
360 72
464 395
244 126
334 285
325 236
177 72
283 239
99 418
190 11
38 408
387 67
404 236
10 80
290 363
376 403
307 303
158 180
232 129
149 131
154 475
484 350
283 360
415 250
179 239
308 124
146 62
211 191
147 435
357 16
384 119
458 68
174 309
475 237
210 491
190 253
10 322
211 83
109 72
496 481
477 202
100 252
191 370
176 476
470 428
303 22
165 88
192 191
390 435
183 371
68 155
114 271
274 260
494 492
191 491
34 19
245 202
382 436
239 158
475 371
315 153
494 384
480 486
409 17
56 158
157 210
231 159
146 317
335 216
371 435
49 384
357 271
35 220
255 489
7 387
213 492
409 138
39 339
125 379
106 100
70 443
138 89
83 153
456 398
242 146
416 33
393 315
252 339
159 148
219 162
439 431
16 99
117 151
29 38
249 41
28 338
231 172
25 40
219 54
346 95
76 234
62 336
296 274
203 46
404 36
469 165
226 444
119 52
413 41
325 157
397 33
495 339
154 46
448 227
458 457
282 460
455 388
240 463
240 234
18 121
8 342
457 168
223 1
300 221
258 224
43 299
84 337
134 454
208 403
249 404
175 226
469 407
1 73
367 396
105 167
229 462
127 414
77 68
278 58
283 173
140 353
481 417
195 60
85 188
300 113
131 304
337 409
459 106
202 184
78 414
293 302
91 353
347 50
256 191
300 463
374 412
118 486
415 184
112 183
423 304
194 481
109 114
235 253
496 294
40 14
293 194
50 473
480 286
210 425
375 4
246 119
397 288
256 312
77 81
176 60
267 178
341 127
126 202
327 192
456 77
98 369
203 422
79 127
161 425
197 82
147 490
422 466
176 181
98 490
277 492
115 430
404 304
54 420
128 369
362 307
150 128
207 433
334 474
494 197
12 194
394 259
295 482
262 305
74 254
74 25
51 270
371 248
16 20
301 418
86 493
301 189
130 307
226 15
148 324
468 302
338 192
290 444
370 144
7 92
342 311
227 95
292 490
72 221
460 303
424 380
138 23
391 203
28 151
19 331
220 321
60 103
123 388
68 452
269 213
169 275
122 163
213 318
180 141
23 157
312 31
289 47
467 319
472 434
431 396
272 80
398 219
269 334
236 157
20 273
414 200
92 149
171 442
111 162
247 437
266 450
440 337
44 337
164 402
35 288
351 265
39 407
328 281
133 42
102 463
485 201
209 37
178 458
71 332
434 155
492 96
194 173
276 212
499 220
380 40
182 284
108 106
187 399
388 389
321 399
85 351
214 7
337 343
268 472
82 53
464 155
417 43
59 335
133 284
185 474
147 182
119 120
243 415
438 102
44 471
154 114
333 345
481 472
71 345
374 117
30 307
217 399
492 338
459 161
249 351
483 289
18 418
205 281
339 15
210 130
77 244
8 410
168 362
94 184
140 300
456 11
492 459
387 177
198 12
239 13
65 126
304 408
450 462
106 423
491 234
298 364
399 416
339 136
77 136
383 408
22 200
204 177
130 228
154 356
176 115
454 59
427 370
380 295
3 308
366 131
108 361
378 185
264 83
295 187
479 8
281 252
112 480
19 252
354 242
244 370
63 295
188 475
307 426
315 21
347 239
190 255
451 296
484 244
437 132
24 488
132 21
285 263
477 204
293 383
172 322
17 485
70 311
144 260
460 237
479 250
314 442
28 85
465 86
415 494
468 357
46 368
146 77
373 268
321 78
123 93
348 440
81 325
329 198
53 34
264 446
331 207
9 193
322 424
308 489
426 481
53 155
273 158
262 494
468 370
220 268
280 319
393 196
178 271
379 261
324 96
122 110
276 25
92 204
83 384
424 448
430 199
289 223
330 32
416 35
388 202
44 392
250 497
233 99
81 459
301 499
15 105
249 43
199 451
268 56
59 148
18 110
124 277
105 35
143 290
251 89
110 113
330 382
154 156
104 335
250 389
324 338
272 148
282 341
423 51
1 62
460 384
4 104
119 54
279 43
193 3
298 56
237 46
448 229
489 267
381 175
119 175
339 178
75 105
149 54
168 67
462 285
71 400
126 70
2 300
332 175
408 170
17 285
143 424
17 56
471 226
443 393
487 170
179 54
131 306
404 401
51 17
161 414
101 134
436 124
23 480
475 52
457 412
490 360
140 476
295 121
181 248
470 122
107 70
38 236
179 175
225 62
81 17
246 350
292 237
311 250
264 138
350 178
184 411
10 258
101 376
431 251
45 481
370 12
447 3
259 181
248 22
456 200
24 314
459 242
271 420
95 194
169 143
384 68
246 363
177 492
447 124
306 148
471 481
361 84
223 379
364 318
283 430
116 253
168 443
126 446
418 66
294 30
371 250
156 325
288 481
141 431
259 194
171 81
331 33
451 364
50 20
330 74
220 202
299 495
109 371
494 441
48 95
497 187
292 492
70 379
452 444
221 23
369 446
248 385
284 79
418 79
321 375
335 44
63 376
495 33
178 326
2 100
136 329
136 100
134 256
194 41
144 449
433 323
449 267
41 213
27 278
146 266
113 318
151 344
104 498
90 334
175 149
56 457
345 331
207 101
229 385
275 272
154 211
443 85
448 163
398 342
284 213
36 111
316 165
333 334
233 396
11 54
43 235
337 453
208 339
337 224
15 173
59 216
289 412
182 286
22 68
8 170
154 224
429 163
420 343
258 281
87 170
496 338
152 299
17 340
316 407
140 181
38 399
38 170
473 61
103 299
464 278
268 366
417 166
147 305
288 52
496 230
91 181
204 58
364 10
350 112
173 479
220 2
258 294
244 359
82 68
290 246
6 487
307 415
207 477
205 404
494 241
447 166
36 366
75 294
300 412
360 426
470 69
487 238
412 64
235 431
257 190
334 410
7 15
283 364
195 480
484 354
195 251
181 316
126 380
19 254
63 297
151 144
49 133
202 375
458 72
274 251
463 416
315 23
342 126
245 193
181 208
308 249
382 198
113 10
459 418
247 10
357 141
431 90
342 18
287 82
414 123
273 147
245 85
295 431
231 150
317 190
88 367
181 329
93 445
198 498
473 437
65 383
261 29
247 131
49 146
379 21
398 34
136 34
461 319
20 88
254 26
37 28
498 386
336 324
308 491
437 147
440 381
151 278
486 268
49 267
164 217
40 447
425 29
367 24
331 101
71 147
379 34
370 214
139 281
414 257
240 333
111 219
224 96
196 263
233 330
355 27
305 435
300 91
145 217
338 383
2 168
29 42
340 163
391 394
298 166
215 397
402 223
283 43
352 402
112 161
134 445
115 166
400 335
381 56
191 161
480 35
330 276
108 163
365 462
360 118
340 405
106 238
400 456
50 343
177 118
330 397
217 456
126 72
368 100
492 395
24 290
131 416
404 282
230 395
115 179
404 53
15 241
106 359
18 246
110 478
399 352
163 341
256 303
259 49
283 406
388 459
498 65
448 473
176 51
30 485
33 2
420 411
57 359
406 247
225 172
183 175
431 11
257 124
417 113
348 242
408 293
100 177
256 424
452 70
135 134
429 352
369 72
484 59
319 480
184 292
10 139
390 131
431 132
128 131
477 248
31 427
251 467
144 75
168 432
424 129
93 29
81 140
246 473
246 244
320 193
158 360
163 475
378 363
452 83
264 261
171 70
140 491
267 303
19 201
332 432
288 362
458 19
62 19
34 186
53 199
72 212
466 368
359 242
414 178
428 76
400 14
47 384
470 487
317 16
14 207
368 476
473 492
187 135
99 22
128 494
40 381
141 433
134 16
306 271
273 323
460 186
138 135
50 22
391 86
69 35
55 100
5 279
113 78
252 385
371 373
407 30
16 145
458 261
208 86
227 99
20 35
226 140
42 319
440 328
421 86
38 25
117 89
296 320
497 81
359 376
92 32
405 492
23 161
97 110
215 331
397 79
297 141
256 103
13 382
440 449
27 51
407 272
300 146
16 387
365 46
29 97
409 318
304 36
428 331
254 215
469 103
97 231
205 30
243 285
27 401
182 46
302 111
333 215
489 203
337 334
103 167
497 323
392 41
268 234
312 277
83 454
212 339
380 152
292 39
113 333
44 462
295 44
90 349
217 390
186 57
313 98
258 162
392 162
10 60
43 8
111 408
59 218
215 465
210 121
490 404
435 468
349 465
195 227
66 342
448 178
319 293
346 167
337 347
409 452
249 234
395 288
59 339
381 124
73 8
114 9
45 175
480 103
466 168
378 55
223 181
443 221
489 337
217 403
24 237
404 229
170 62
276 458
376 167
496 461
188 345
169 66
362 232
348 68
174 181
394 184
52 420
341 294
186 420
253 181
103 422
230 463
68 135
73 250
255 227
174 302
64 430
339 369
306 192
223 423
350 235
479 120
165 189
290 369
54 358
315 133
3 312
364 254
405 63
121 304
429 420
267 358
220 246
201 4
261 18
431 200
158 307
361 141
488 182
438 361
474 18
116 310
405 184
195 374
88 248
14 33
234 302
220 138
349 23
266 254
247 12
123 205
403 488
342 20
254 136
433 367
400 190
130 366
116 431
345 25
386 26
231 152
465 90
415 498
289 93
242 18
462 21
150 200
136 36
227 154
309 193
433 488
199 321
359 310
391 262
157 95
124 147
212 31
451 313
96 85
275 316
27 214
454 318
225 495
206 216
137 382
305 195
269 272
2 157
7 272
48 273
474 381
199 213
56 393
372 141
105 26
74 447
251 80
330 144
349 157
154 147
13 208
407 98
319 214
90 391
164 340
250 380
90 162
134 434
337 268
395 209
328 219
111 450
78 273
124 160
325 150
495 332
13 329
401 145
310 286
222 173
326 496
23 458
224 219
124 281
243 232
297 209
429 99
434 214
365 343
117 278
323 346
106 348
450 158
152 464
400 337
422 96
185 412
205 98
210 176
325 163
237 50
94 230
402 346
297 101
443 155
484 156
173 294
300 106
482 231
119 179
55 423
416 402
176 161
121 225
415 177
267 50
43 305
10 128
82 4
18 248
58 61
256 305
107 182
52 246
327 185
280 110
10 249
216 354
1 429
221 469
343 166
246 233
168 313
209 351
167 354
33 125
456 191
341 241
327 77
368 115
5 26
18 490
315 188
375 239
141 72
433 180
366 190
149 421
419 16
280 123
385 139
118 24
252 24
472 64
128 254
329 244
457 429
171 72
121 480
195 429
245 21
179 421
354 193
478 488
247 67
51 155
472 414
257 489
255 416
370 137
428 78
116 486
116 257
157 258
102 322
9 131
96 19
449 137
352 204
384 422
21 370
81 384
141 435
461 376
309 19
359 365
254 83
452 327
382 497
99 145
425 315
458 263
461 497
72 456
323 38
309 140
153 152
455 194
326 80
465 387
64 43
50 145
377 274
60 338
206 392
495 266
261 99
291 207
458 384
263 145
39 400
254 325
395 35
185 454
455 86
56 340
138 379
9 265
229 268
182 156
476 145
421 209
333 325
154 94
489 84
398 454
319 161
145 274
131 110
296 443
492 89
53 456
180 497
87 40
340 220
171 448
191 97
143 349
270 161
201 327
71 217
117 333
409 441
323 401
249 223
409 212
188 213
377 408
36 344
96 395
416 336
242 220
295 46
319 403
131 352
392 393
387 49
337 457
189 293
318 215
491 106
1 13
312 400
307 56
12 108
432 465
380 275
325 339
91 172
265 288
36 236
223 62
388 395
492 223
428 467
298 357
284 459
163 169
383 401
195 350
228 298
286 468
401 455
98 188
436 412
491 119
183 3
133 411
348 299
274 121
403 6
389 108
413 465
339 250
347 111
278 240
94 419
116 178
314 422
451 168
234 170
387 183
137 8
422 406
241 65
466 183
237 360
364 135
479 122
74 73
327 253
308 11
65 253
250 6
458 184
202 258
174 425
114 145
193 438
315 135
444 20
31 376
12 363
306 315
3 314
446 66
9 65
451 181
14 143
327 374
456 259
368 412
280 299
473 199
385 86
491 482
90 138
477 318
155 304
475 245
26 153
414 235
144 374
144 145
9 186
229 189
426 245
431 323
362 489
95 374
241 428
81 210
296 135
356 149
34 135
409 12
53 148
361 264
488 76
367 15
317 423
331 92
437 259
253 438
344 31
418 17
46 374
266 377
385 328
486 380
338 253
35 215
62 318
318 15
50 200
247 485
247 256
99 92
90 272
250 261
497 367
199 444
143 283
363 323
11 100
497 259
230 144
227 398
139 285
1 55
166 388
166 159
386 391
446 442
146 446
237 39
462 157
272 33
425 275
189 227
478 101
240 229
138 447
105 270
243 234
471 98
319 229
286 52
217 218
117 280
24 52
277 232
43 65
203 283
279 278
353 227
298 291
499 281
325 394
261 409
443 157
489 273
52 6
24 173
4 460
436 117
298 412
413 399
279 170
91 348
320 171
182 466
369 63
181 12
387 346
198 181
299 233
459 222
478 235
285 69
301 50
210 420
466 117
314 248
341 351
267 173
341 122
179 289
308 174
112 299
478 356
440 64
290 305
123 128
54 294
320 413
433 61
295 356
262 179
470 357
47 25
126 318
253 359
93 141
189 374
82 248
271 184
357 187
486 72
403 303
334 469
301 292
461 244
153 128
292 243
278 308
405 120
350 184
429 477
262 71
377 21
354 303
280 125
269 195
21 130
375 362
34 69
139 85
144 200
89 264
171 303
9 241
195 431
14 90
467 72
123 262
90 85
164 34
21 251
274 431
95 200
48 88
254 193
39 268
326 69
171 195
124 83
143 96
5 391
206 152
371 485
319 29
439 131
34 311
227 211
172 275
268 212
328 34
405 483
479 432
432 91
303 206
471 19
416 83
421 198
27 42
99 147
458 494
255 431
460 311
331 160
102 337
14 453
14 224
308 442
349 443
220 329
476 255
486 448
448 156
291 209
310 222
411 274
304 148
226 494
221 150
353 40
303 448
270 271
36 104
297 145
429 35
387 38
370 394
170 40
194 397
180 499
53 458
469 336
276 207
87 42
240 284
56 463
59 209
246 35
105 96
91 161
449 394
397 204
344 112
247 445
443 91
291 451
203 338
29 451
84 158
299 46
43 120
323 403
103 400
268 467
409 214
230 212
175 276
376 37
386 459
18 63
408 218
224 397
427 231
334 40
320 105
97 356
209 274
195 110
319 405
415 113
52 61
346 279
186 290
381 236
147 69
133 171
212 464
193 185
45 58
353 174
196 456
265 61
85 359
145 410
186 411
332 465
492 454
165 59
280 46
189 416
299 59
271 226
422 395
436 64
133 292
251 284
75 287
314 303
295 61
162 175
33 61
401 228
24 470
115 359
216 182
257 183
491 121
260 188
86 301
213 113
416 472
204 64
168 370
303 6
107 131
468 110
65 134
412 178
1 378
104 62
40 306
141 129
213 5
273 19
56 21
405 175
66 480
234 293
151 258
192 67
104 183
49 247
467 6
357 134
153 75
70 77
9 67
148 145
349 135
65 376
49 139
53 258
264 441
264 212
465 202
93 330
330 14
473 322
335 92
123 438
412 312
343 478
16 83
320 494
199 433
326 16
284 19
308 376
449 86
352 382
333 140
338 484
310 156
318 17
282 323
120 261
70 440
14 279
229 204
215 269
215 40
443 133
206 220
462 146
145 210
38 84
453 97
323 216
488 320
221 205
372 374
465 336
413 146
215 390
201 492
55 172
397 138
256 162
32 454
200 38
57 218
236 220
318 30
483 326
243 344
224 102
279 38
377 344
228 221
407 452
462 159
104 451
140 108
379 390
112 275
112 46
244 165
15 342
142 154
276 154
6 293
18 347
22 237
369 52
448 345
195 165
319 460
286 283
52 116
401 41
487 44
230 159
404 46
395 455
469 404
183 47
265 345
430 449
292 219
163 105
436 119
205 223
334 108
251 339
17 172
493 101
130 49
89 11
283 291
295 345
176 165
484 52
162 1
19 181
387 348
266 58
216 466
269 63
477 12
12 178
461 4
77 307
466 119
149 412
493 222
369 415
66 414
451 225
181 364
410 187
65 189
495 2
189 484
390 474
371 232
137 65
417 119
384 171
100 412
255 57
155 119
26 197
475 289
163 468
414 50
144 189
419 128
405 1
391 66
336 130
229 4
454 122
5 30
473 135
32 133
280 235
82 250
211 135
257 251
31 433
199 17
83 71
396 302
327 431
41 74
238 359
164 144
491 310
16 17
463 477
236 20
86 490
301 415
494 315
134 9
12 312
309 10
433 305
479 421
111 25
312 15
262 423
262 194
33 371
377 144
179 425
468 299
373 439
495 136
151 326
178 200
491 431
164 36
72 447
447 361
433 426
70 374
144 323
39 41
240 31
185 95
138 249
23 33
470 493
162 377
418 74
368 482
44 321
462 80
486 437
379 311
238 372
291 198
21 374
444 211
208 200
180 367
39 162
204 495
78 90
353 29
298 93
83 205
358 144
303 437
391 321
206 275
453 381
150 380
21 495
169 393
29 90
120 208
409 82
4 262
28 390
205 23
402 42
489 196
200 93
184 85
120 329
6 227
474 332
386 448
460 434
312 270
372 321
210 222
55 348
201 439
127 224
335 402
316 160
85 227
434 152
2 458
392 384
483 273
469 338
87 44
92 388
340 224
367 327
193 174
246 37
14 468
435 461
489 209
225 99
263 391
340 345
240 407
224 399
124 461
36 348
311 287
478 400
404 222
464 273
276 451
188 338
334 392
413 456
394 177
344 356
443 335
52 184
267 109
291 466
280 48
170 176
329 169
119 359
447 161
148 13
385 185
211 298
161 477
59 466
149 359
493 169
278 244
424 298
364 18
176 233
262 236
121 297
451 172
479 5
167 413
186 426
68 370
486 129
417 295
274 246
141 360
389 233
361 134
180 59
273 21
400 62
424 419
61 367
56 23
148 26
280 411
421 121
321 183
244 488
371 300
436 429
12 367
34 126
232 370
204 308
75 423
418 8
349 137
242 11
192 419
60 34
128 434
169 435
117 16
134 185
447 416
34 18
424 432
190 265
446 191
262 370
107 496
294 322
60 155
261 145
495 83
178 376
333 21
145 199
250 252
21 429
57 86
48 266
207 30
336 440
331 96
41 263
113 139
321 317
137 496
211 445
458 322
337 261
411 210
213 491
455 253
405 432
78 37
124 153
69 217
196 29
449 209
27 220
247 489
495 325
104 440
434 86
351 317
136 392
208 268
153 332
175 91
92 322
326 260
185 284
64 223
138 209
358 212
251 86
330 379
435 166
443 256
388 91
126 54
425 387
203 274
406 108
43 56
340 279
78 279
100 38
427 167
8 220
286 164
179 38
459 92
103 228
483 449
105 274
256 406
108 279
264 1
173 408
214 180
415 170
24 56
285 60
73 177
288 102
191 398
251 449
246 105
91 231
397 274
127 413
383 339
374 290
203 408
115 295
445 170
395 349
431 6
4 464
293 301
408 288
427 301
53 60
91 352
75 115
80 422
295 118
195 180
451 106
181 245
456 184
148 68
253 121
487 288
98 247
84 349
371 113
101 252
458 1
40 13
394 245
347 170
218 248
433 173
199 6
438 288
116 237
121 352
80 314
410 189
401 406
321 117
404 411
156 309
285 194
390 247
123 132
136 71
477 135
141 186
53 73
177 368
488 1
75 357
190 307
341 476
281 196
74 132
327 312
459 468
440 189
137 188
101 494
338 178
128 368
250 65
260 487
287 132
218 261
185 84
369 430
410 202
456 318
294 256
299 371
32 256
255 301
26 212
20 138
259 420
135 384
451 361
284 184
363 248
129 81
382 261
388 12
407 25
104 253
417 484
95 433
169 382
359 250
226 364
205 12
331 151
358 254
248 382
399 26
275 256
132 436
407 146
324 377
76 275
141 441
120 318
139 331
70 497
488 256
92 256
56 333
386 208
353 31
146 492
421 202
228 36
412 382
76 167
29 92
268 108
6 337
18 162
56 454
171 441
212 213
45 36
413 203
69 393
325 90
27 396
173 221
448 160
406 163
48 455
404 90
120 331
409 205
221 383
455 321
367 208
152 283
386 221
119 106
105 208
143 463
399 160
416 329
44 457
233 393
407 280
1 235
1 6
6 350
422 36
499 219
168 348
154 450
407 401
228 170
122 417
271 217
422 386
31 6
237 340
383 394
402 407
195 114
327 4
445 225
390 289
371 47
156 122
472 99
207 353
334 165
91 407
265 294
311 410
8 409
149 119
80 248
107 122
5 74
170 407
478 294
265 415
172 187
278 354
424 179
314 307
14 15
354 120
54 353
21 176
174 418
475 117
172 79
158 181
204 297
70 68
226 56
264 82
465 72
181 313
167 415
368 405
349 126
60 23
459 294
321 64
63 294
178 15
417 297
68 143
114 488
153 187
361 365
461 74
306 200
259 354
111 190
278 367
405 408
273 23
498 370
456 373
382 195
299 426
266 249
357 367
417 418
458 190
315 141
34 128
292 423
378 426
493 413
438 477
410 378
344 24
35 208
389 477
315 491
144 380
254 23
418 360
363 424
215 260
344 145
36 29
25 136
16 316
324 432
453 88
241 434
342 486
153 321
361 499
29 26
20 206
240 209
23 211
275 432
168 40
462 258
228 91
393 424
137 498
233 206
233 435
277 212
351 198
406 97
433 496
92 432
455 255
64 104
298 42
344 158
96 93
489 253
324 445
2 165
263 435
34 383
194 335
328 335
340 160
469 45
23 453
441 212
231 402
499 153
210 50
495 448
402 220
13 445
154 155
233 448
300 209
200 271
11 106
425 389
15 225
161 50
246 94
191 158
237 45
94 225
402 112
415 51
401 153
455 389
152 351
205 443
380 215
110 354
108 281
470 108
258 454
156 177
427 411
110 475
127 415
448 470
267 395
167 228
313 282
387 231
473 234
24 179
170 233
115 297
478 349
235 362
114 301
255 48
375 113
311 357
297 459
300 464
33 120
198 416
65 301
478 470
426 280
266 62
109 344
54 408
271 177
95 180
315 183
347 401
158 236
77 311
493 226
171 175
424 355
424 126
80 316
354 296
225 411
280 118
49 185
338 59
453 9
155 352
375 355
265 483
158 357
204 473
493 347
451 121
363 237
151 317
104 242
472 409
477 258
62 16
144 314
369 432
88 419
437 307
468 411
19 319
234 244
60 91
280 360
145 135
431 263
246 483
139 91
378 373
229 250
113 304
250 309
71 78
439 245
87 22
70 378
166 315
312 140
157 266
358 256
41 320
476 248
25 83
250 430
238 376
67 494
395 30
23 158
330 315
60 454
118 395
159 433
352 333
16 384
57 156
497 428
194 390
309 377
376 138
106 48
326 317
133 151
152 164
138 266
45 38
284 320
270 385
335 285
283 95
200 326
57 277
291 215
208 446
459 28
478 41
376 259
288 146
413 326
432 339
339 111
22 175
94 51
219 460
198 108
365 285
277 401
409 328
491 101
474 457
367 331
188 100
482 281
91 167
154 452
457 224
302 350
66 339
107 111
368 152
320 111
251 277
3 175
149 229
168 242
140 409
43 476
198 121
244 237
216 404
100 229
499 463
210 360
77 245
61 237
33 404
368 165
492 460
84 406
290 245
417 286
307 414
67 173
17 352
366 240
75 293
264 192
336 297
107 474
181 423
239 364
357 356
338 114
155 407
158 412
447 286
153 68
378 415
278 477
149 363
83 9
363 63
179 242
206 79
197 259
398 20
153 189
461 305
232 253
254 12
56 256
465 195
215 20
201 122
435 23
445 482
68 495
296 359
236 79
100 484
194 82
218 439
414 122
185 262
345 251
474 136
152 85
229 305
303 254
220 256
481 31
250 364
180 305
347 482
268 152
185 154
212 257
465 437
358 311
262 374
17 18
25 138
252 329
338 369
305 192
164 216
236 321
411 322
400 200
275 434
335 448
421 259
118 450
338 490
379 262
16 210
395 206
4 321
152 219
372 488
298 273
119 42
339 45
3 96
283 150
443 139
481 394
462 152
214 50
112 268
24 155
409 491
87 211
408 37
210 281
418 496
435 399
295 96
448 338
84 327
115 165
409 383
175 216
445 40
428 396
142 39
243 350
325 389
284 388
397 265
108 162
154 278
448 230
286 397
420 397
373 56
445 161
381 405
105 278
72 64
52 351
313 392
332 405
454 102
299 228
450 397
49 53
290 179
293 184
67 107
475 161
259 48
383 343
314 472
28 115
415 295
186 472
487 400
170 464
244 413
189 477
137 287
106 479
307 469
202 187
114 303
100 405
81 126
334 343
482 241
141 177
315 64
91 356
278 411
479 172
498 185
465 8
470 123
313 405
349 62
216 472
450 410
431 131
95 182
7 69
158 467
153 123
125 61
493 228
498 306
9 115
377 16
234 233
74 244
220 69
412 239
324 126
463 470
144 424
259 411
364 427
474 70
223 488
350 300
336 365
262 187
432 73
368 354
63 472
132 77
238 473
352 80
257 486
155 475
122 32
177 493
350 421
97 204
83 77
124 78
303 309
47 383
449 134
454 249
266 427
385 378
352 201
439 355
398 88
277 27
315 319
136 88
356 320
392 14
199 373
144 437
92 247
474 312
125 195
42 426
152 32
83 198
251 11
19 442
234 367
275 368
27 266
316 140
495 371
27 37
476 129
60 214
44 206
252 384
407 29
416 78
257 499
209 14
291 83
315 440
81 273
106 37
190 445
451 486
248 386
55 220
443 73
402 35
462 86
57 37
282 384
404 81
423 94
39 397
326 427
427 213
279 86
353 35
418 430
110 277
160 394
96 150
220 445
490 269
113 319
228 269
302 218
84 261
464 253
464 24
441 269
91 156
397 199
311 159
132 453
388 379
203 333
225 92
423 107
469 452
64 403
325 444
265 164
480 89
448 285
11 284
186 285
291 338
258 161
101 177
496 447
422 269
114 116
152 408
91 398
347 95
471 390
108 338
256 465
306 57
3 56
311 401
405 36
327 116
5 65
373 3
417 275
188 223
45 403
210 470
347 216
237 344
452 232
61 118
262 108
286 236
244 468
373 353
473 62
373 124
486 1
494 350
58 234
347 108
259 224
378 175
303 1
239 245
206 68
189 424
109 401
384 111
293 481
153 178
394 304
213 229
181 425
162 183
79 414
156 368
1 494
216 419
109 293
54 357
357 358
348 309
292 414
457 481
52 432
179 473
160 194
16 186
40 314
34 240
493 296
410 490
446 184
74 312
487 481
5 441
225 481
476 63
99 76
123 433
71 14
453 79
155 422
260 438
122 208
461 199
309 71
254 135
166 22
317 420
298 141
14 153
196 130
275 423
294 436
132 145
426 363
338 479
118 210
252 439
252 210
272 125
296 253
84 74
20 89
273 269
205 71
446 197
55 275
36 33
8 200
247 253
374 28
197 395
150 320
43 157
342 490
323 211
59 138
226 315
353 90
251 79
289 334
55 167
349 385
355 136
52 98
351 431
444 393
120 498
376 195
106 105
400 323
499 265
303 390
256 278
27 455
154 267
481 396
173 280
200 383
434 321
324 449
420 157
332 273
258 95
337 388
497 377
323 224
15 108
288 203
235 111
133 329
367 267
224 447
427 281
413 383
191 41
297 208
75 95
388 326
434 442
145 339
360 227
468 26
313 152
464 321
161 283
367 388
389 147
45 337
301 34
394 225
265 111
490 458
259 37
388 447
295 219
374 283
415 55
280 96
98 119
156 60
101 124
54 278
491 279
255 39
348 1
265 232
306 233
182 463
297 450
126 302
112 404
456 177
360 240
148 61
327 63
19 176
225 52
376 450
394 238
380 340
52 474
387 464
201 45
294 7
398 64
40 356
205 460
246 461
292 348
80 428
121 466
28 238
437 177
456 190
132 66
407 5
21 235
255 173
301 289
201 58
60 82
13 7
417 356
348 485
458 128
117 64
296 66
72 321
58 423
273 311
70 248
326 174
331 252
317 125
322 469
418 177
229 12
60 203
206 257
51 383
109 361
458 249
62 249
241 251
370 136
249 75
361 316
488 128
135 498
138 15
358 247
143 93
55 209
215 198
132 429
242 72
356 322
442 362
15 29
194 31
111 262
171 313
479 429
133 21
212 85
124 201
358 139
159 424
200 196
11 31
90 324
219 209
145 31
365 263
296 429
48 327
337 201
309 139
56 447
386 322
367 80
391 437
432 438
358 260
270 147
335 276
462 317
407 381
173 214
379 319
200 88
112 204
217 257
43 104
120 324
488 491
279 88
265 153
399 153
215 332
292 27
91 37
490 271
462 438
401 199
167 32
459 140
170 37
101 166
128 40
212 448
372 437
69 399
251 376
466 35
29 448
423 338
166 453
152 289
499 333
292 269
297 384
471 271
360 174
334 387
91 400
380 274
471 392
470 167
401 333
146 43
404 338
478 287
156 236
49 110
384 100
45 405
191 459
452 5
479 108
121 400
176 336
484 223
88 223
415 352
112 351
244 470
49 2
100 233
232 123
493 393
218 188
273 124
359 164
209 405
171 113
190 126
168 367
102 242
465 65
468 107
164 73
68 136
155 290
31 483
153 180
287 180
259 118
377 73
118 78
252 78
417 411
403 247
418 232
14 142
308 360
430 57
150 417
150 188
315 255
180 296
441 71
303 366
243 86
327 494
113 242
280 419
261 140
219 143
398 145
62 196
310 32
497 124
442 188
326 242
92 75
37 139
474 140
479 484
430 299
127 261
168 33
178 263
305 304
398 266
401 12
62 317
134 422
208 371
227 384
442 309
268 156
309 194
474 490
245 438
405 427
465 441
143 390
229 430
377 328
41 379
349 495
349 266
421 371
416 27
99 91
305 425
310 274
313 20
98 95
263 199
464 189
87 202
106 215
395 89
284 487
11 99
217 204
117 266
423 272
230 143
464 81
20 333
367 377
50 441
284 379
399 329
113 497
476 320
44 397
11 220
263 441
122 465
299 98
194 341
87 215
482 219
205 207
408 41
499 388
293 54
427 283
399 221
270 336
311 108
435 403
355 380
76 470
253 103
198 167
112 164
170 334
103 344
478 221
15 231
142 272
1 296
290 170
133 452
496 275
274 162
100 46
64 352
182 344
176 270
42 41
195 283
350 157
135 3
33 221
181 119
267 159
420 401
244 404
376 331
142 164
482 232
260 119
494 57
172 6
232 57
177 121
378 111
121 455
281 178
107 291
451 101
148 63
376 452
427 417
86 353
110 481
350 170
248 122
473 240
183 407
109 229
150 1
236 4
227 184
180 109
345 176
419 125
245 238
456 421
468 283
148 76
74 127
257 477
436 479
174 479
134 114
153 127
361 305
70 358
452 423
488 117
378 245
264 372
369 425
83 68
275 238
387 479
51 493
299 366
266 189
137 304
357 307
458 359
169 256
310 195
370 246
48 195
213 299
120 71
199 364
166 187
231 316
97 87
358 128
129 305
143 203
363 243
110 26
60 434
407 249
388 7
159 184
104 248
440 197
453 136
90 84
145 20
236 138
48 87
323 26
359 474
414 181
226 359
37 194
6 90
83 310
88 425
284 71
14 210
358 20
229 135
60 326
473 495
305 359
122 157
120 313
208 197
428 429
361 439
152 36
229 256
237 80
146 487
96 141
490 31
99 375
206 272
21 492
76 162
423 206
189 39
428 321
249 90
395 144
367 82
441 31
427 96
14 452
44 331
85 332
412 498
360 42
217 259
136 334
103 386
464 365
288 139
50 496
334 26
201 436
22 168
8 270
261 450
258 152
373 102
10 50
304 268
120 447
265 276
466 37
300 499
429 155
230 440
10 171
189 173
445 99
276 327
109 150
205 383
427 459
174 50
334 268
119 114
320 104
339 117
466 158
237 335
177 55
283 222
66 224
322 150
74 48
468 204
253 50
82 168
161 461
133 399
40 171
78 463
287 48
311 405
163 278
457 459
457 230
484 104
140 294
286 348
354 223
5 69
445 341
389 217
463 166
141 115
375 53
218 69
61 351
42 109
498 352
470 290
454 282
387 292
294 64
244 472
426 220
458 172
408 351
499 469
72 365
172 74
461 177
361 10
359 166
378 179
135 192
33 410
322 284
451 169
437 234
167 410
162 295
60 18
473 187
445 354
426 112
290 480
407 62
266 123
324 64
282 67
428 121
120 5
328 183
28 187
465 188
391 10
165 421
220 128
321 180
495 67
247 2
403 478
141 478
29 8
153 303
309 62
111 306
23 193
152 78
47 321
215 134
330 121
60 260
27 83
187 72
388 62
156 493
104 303
352 139
324 77
329 421
403 370
39 322
326 352
6 145
218 324
496 9
4 72
372 239
102 378
55 37
25 131
384 478
21 426
236 314
379 134
241 429
337 137
428 255
166 255
111 319
474 142
129 373
377 209
325 19
27 325
388 304
321 314
30 101
112 140
439 306
103 320
136 268
337 258
268 387
428 376
106 96
185 389
64 99
305 427
38 83
240 446
221 204
380 197
471 315
443 253
374 153
219 279
277 449
43 282
496 264
293 164
163 91
195 43
30 464
415 46
337 392
464 433
390 218
120 394
101 115
174 105
17 158
499 161
158 97
297 441
149 48
176 151
272 384
131 408
52 115
98 231
225 272
404 274
266 44
175 451
371 97
384 36
480 269
347 154
443 387
264 119
61 56
11 464
84 454
362 398
431 3
417 105
12 56
172 8
433 49
80 419
267 282
126 306
382 232
74 116
247 44
49 59
436 468
477 240
375 229
265 357
295 465
88 401
470 237
167 465
426 396
371 460
86 247
273 73
56 75
231 76
69 14
363 232
129 65
229 3
206 248
13 119
65 309
192 121
178 186
257 479
431 366
491 417
351 114
315 191
347 409
75 475
312 122
135 489
410 428
451 237
368 468
476 1
247 178
99 14
352 194
30 143
236 248
263 122
461 366
497 60
309 9
474 305
157 369
231 318
430 235
32 374
321 248
412 366
90 315
431 379
257 492
219 200
365 254
296 420
236 140
398 431
442 245
428 310
20 256
39 269
328 143
50 135
143 326
380 10
495 485
66 79
71 194
208 428
203 84
404 74
318 71
15 33
216 23
120 86
37 317
9 484
334 15
413 79
399 144
220 438
187 261
407 264
393 366
489 74
324 495
164 277
296 433
455 197
138 261
127 331
314 157
85 105
360 44
487 85
98 44
381 103
413 321
246 144
191 208
17 92
108 439
85 226
38 380
38 151
43 229
423 221
376 375
142 208
15 167
491 96
496 211
253 160
43 350
249 455
385 50
390 165
87 393
73 229
293 232
105 447
394 284
191 221
487 219
65 230
426 209
101 183
472 96
133 401
389 327
307 288
191 342
378 168
121 283
167 399
368 389
327 351
382 58
79 286
280 276
225 340
234 160
247 99
290 469
271 227
21 281
403 117
53 4
359 276
72 17
176 340
83 112
135 302
327 243
63 399
192 55
362 466
100 466
119 479
141 238
301 227
39 190
359 168
498 475
317 171
456 249
60 20
338 230
425 118
366 477
58 361
493 289
317 292
336 305
322 407
157 74
354 359
266 475
178 362
117 123
260 431
134 63
48 23
361 483
229 71
440 483
44 254
352 141
434 180
324 308
420 16
365 80
458 308
12 487
120 249
452 493
363 421
41 141
2 149
425 252
241 431
277 88
342 483
483 193
138 424
386 260
205 185
105 247
212 144
353 83
446 311
432 147
41 491
330 365
275 429
485 239
44 496
118 445
178 496
208 375
15 209
175 198
230 134
414 480
120 262
326 367
92 200
372 483
391 496
105 139
261 386
300 314
434 314
324 442
203 381
110 338
163 201
350 27
272 373
184 260
497 491
175 440
389 140
196 499
265 104
283 387
223 107
489 492
195 45
112 276
57 340
202 169
213 35
466 215
3 225
401 271
193 470
119 292
12 166
301 40
91 459
447 94
75 451
149 400
144 56
89 120
443 389
402 351
93 239
313 279
404 397
304 459
101 359
49 169
155 107
320 403
287 226
22 480
359 102
58 174
149 292
479 167
363 221
253 349
456 183
146 223
5 247
74 118
459 454
385 239
252 124
197 188
114 190
122 14
53 180
20 3
75 464
350 403
116 236
264 363
176 287
14 188
253 470
19 303
454 231
211 473
385 360
137 295
211 244
159 54
197 309
183 411
109 462
426 398
370 237
158 354
39 137
61 421
231 78
248 247
132 301
271 416
472 406
458 242
310 78
141 306
497 170
208 67
347 411
433 414
273 196
474 186
317 239
470 481
248 368
143 86
129 188
187 129
76 32
53 314
409 178
240 140
312 245
474 78
317 360
432 310
437 425
96 132
397 60
63 480
200 189
153 373
268 323
39 271
125 311
336 494
284 304
22 38
187 371
71 425
145 374
2 325
7 440
194 266
174 28
331 271
279 81
69 271
36 323
251 19
471 251
242 199
178 443
305 484
103 269
442 489
133 148
152 161
105 315
482 36
91 151
210 102
110 164
55 228
297 256
108 91
457 208
8 153
420 326
208 443
216 267
128 154
441 385
301 82
270 274
3 159
177 46
490 277
278 98
415 103
38 153
43 231
387 41
225 208
211 44
54 97
491 98
207 339
78 454
119 226
91 393
399 280
297 498
278 219
130 92
204 41
223 54
24 339
184 328
146 36
156 229
87 395
68 116
499 339
163 390
237 339
259 98
33 280
162 165
458 163
150 47
67 278
12 342
480 447
67 49
232 116
144 232
144 3
364 6
327 353
426 332
486 117
197 14
169 181
477 297
255 221
67 170
315 6
361 351
199 60
56 240
350 229
424 178
382 410
98 422
51 310
104 173
412 60
54 352
194 66
61 476
262 466
446 58
47 312
377 187
19 479
93 428
19 250
46 353
13 176
439 284
370 184
442 289
433 240
166 125
345 356
317 294
88 471
9 178
69 192
143 141
437 359
231 254
60 372
27 195
192 299
238 415
90 251
236 305
7 482
81 431
351 292
120 130
199 423
309 66
455 120
23 197
124 20
270 74
160 202
454 420
471 64
187 76
13 189
393 410
104 307
272 120
136 259
134 415
29 133
249 136
423 23
483 74
70 430
240 316
340 254
14 498
344 144
8 195
132 490
355 10
272 241
401 126
103 203
48 267
337 141
268 270
111 323
23 210
143 275
96 429
41 493
201 482
256 152
113 369
443 244
44 498
178 498
305 310
346 311
186 93
401 18
365 324
263 313
392 198
249 378
153 441
304 85
428 380
6 391
391 498
36 270
438 21
52 214
115 270
464 195
73 44
224 213
311 330
130 26
462 499
200 270
131 399
65 45
497 493
371 88
142 265
15 224
362 268
334 206
110 461
369 163
126 405
322 88
341 330
473 220
450 273
417 96
40 109
463 212
155 96
174 109
191 278
3 456
94 345
438 155
61 168
396 158
112 399
147 356
329 104
293 410
444 54
81 2
177 464
177 235
89 351
493 212
28 112
47 125
360 356
46 166
32 2
357 58
35 7
45 466
438 397
341 464
79 464
239 416
16 115
334 461
67 346
246 348
53 182
139 185
199 236
419 239
446 113
83 61
234 459
60 306
13 231
299 359
44 69
320 418
125 408
139 77
419 360
413 57
196 59
289 21
280 467
299 480
123 483
305 231
236 131
175 121
264 378
446 355
64 24
14 432
143 317
96 13
449 131
5 383
32 486
393 465
71 185
291 188
81 378
241 367
62 136
48 201
208 419
172 496
43 86
340 309
240 371
364 437
367 183
331 260
243 147
143 209
74 375
41 198
27 263
118 381
164 497
351 360
315 437
6 325
367 304
212 430
312 139
50 139
191 78
261 322
448 148
186 148
24 86
423 320
175 255
276 307
221 371
18 271
436 30
119 94
427 210
432 325
41 440
438 76
113 316
388 255
453 384
398 448
253 30
464 250
450 315
422 253
105 317
246 27
8 384
283 323
149 94
369 97
145 389
65 100
222 343
263 381
428 448
469 220
91 274
98 169
337 451
161 454
417 151
408 331
91 395
213 92
116 159
295 161
131 467
244 344
65 113
137 218
63 40
290 231
147 411
169 170
155 272
348 172
114 5
399 403
77 352
308 221
79 169
239 121
68 239
431 62
169 62
477 178
193 419
141 229
370 52
447 272
223 298
295 403
424 288
47 301
52 416
143 9
165 293
266 116
197 245
155 285
282 60
89 419
70 177
326 103
262 118
126 486
449 173
146 172
459 403
82 416
379 114
95 355
35 75
282 181
177 424
77 486
328 68
39 194
185 248
264 312
275 178
137 473
250 350
95 476
222 22
86 427
268 138
89 432
474 14
148 487
96 68
46 476
201 121
206 428
165 427
32 312
159 124
439 407
250 242
136 369
291 14
2 140
328 310
106 197
359 414
235 82
391 366
28 314
229 304
41 253
397 117
261 256
112 133
365 84
48 377
115 138
213 481
172 443
37 484
340 256
92 191
6 151
419 320
9 422
212 256
284 361
284 132
449 428
383 74
118 328
355 12
140 87
214 36
351 307
222 385
392 79
428 490
455 364
240 439
474 377
307 200
59 135
174 85
499 141
55 393
471 79
154 143
448 324
66 30
16 438
360 211
487 23
15 213
92 433
128 90
1 49
133 205
441 321
23 333
289 452
113 492
25 379
481 393
186 216
203 385
263 436
478 324
216 95
221 439
417 85
408 265
389 23
494 39
237 383
96 444
302 283
107 44
126 57
170 329
211 101
156 165
381 283
73 167
17 272
306 109
302 404
272 498
468 144
179 41
170 221
385 109
285 171
123 109
417 327
183 160
31 291
461 104
292 332
232 52
397 385
144 168
359 93
56 55
264 233
135 348
300 452
336 109
429 337
181 235
396 160
468 265
308 47
349 48
385 1
235 471
238 217
343 270
114 181
91 463
213 160
58 286
359 214
311 466
433 163
350 394
424 114
121 342
391 166
98 358
239 297
459 337
82 350
412 225
348 469
86 240
72 305
163 460
223 474
176 399
83 171
171 55
88 286
303 174
19 415
93 364
313 404
146 227
132 63
333 53
51 138
71 53
21 461
260 248
232 415
292 466
89 366
75 468
326 50
226 112
264 367
345 63
69 128
60 79
13 233
25 58
233 236
178 300
197 313
453 239
379 61
16 9
57 10
337 64
442 117
213 294
364 426
226 233
262 415
231 82
110 21
160 138
46 302
299 482
151 318
233 128
398 424
255 412
7 310
134 351
260 490
475 415
122 31
400 241
143 319
229 359
234 474
275 475
435 198
196 303
363 480
146 482
397 64
440 434
467 308
434 360
272 298
217 362
464 239
268 327
340 432
6 327
231 445
408 78
8 144
435 211
121 21
360 37
310 445
487 78
203 319
409 424
404 80
230 193
15 39
390 145
455 311
307 147
413 314
485 190
215 329
22 163
319 386
214 104
52 42
258 147
423 443
189 276
404 201
276 430
436 153
422 255
119 217
358 499
12 91
265 42
471 376
182 273
471 147
209 376
457 212
168 109
272 432
131 456
167 150
332 446
373 218
483 386
106 399
362 325
128 158
147 171
241 35
141 97
191 443
3 392
292 266
177 279
443 435
314 284
355 322
374 335
415 336
184 440
318 440
156 341
371 37
197 113
73 343
389 320
40 166
204 45
295 163
181 290
456 229
401 330
454 156
206 54
1 359
95 223
128 171
67 161
177 292
176 333
181 411
107 233
148 234
179 338
360 413
160 59
201 97
459 392
10 300
280 161
16 51
177 413
259 223
278 236
190 352
135 416
336 406
415 470
396 228
468 333
363 51
63 284
439 275
425 111
424 411
47 424
28 182
231 16
148 247
449 175
266 239
458 409
477 422
296 118
53 360
199 185
185 250
23 188
176 467
470 419
220 244
8 65
435 132
51 435
333 121
370 188
203 11
153 419
361 368
488 409
199 306
496 4
9 411
4 67
465 425
231 258
124 132
418 350
284 121
449 417
69 196
382 427
440 368
104 419
233 304
252 317
117 358
310 258
425 245
370 309
315 373
342 476
326 468
157 430
69 317
418 471
41 255
297 181
242 245
228 81
233 425
178 489
2 263
318 240
120 255
450 130
235 205
395 194
221 78
331 438
59 16
50 425
191 135
248 440
325 135
388 420
321 430
352 497
30 446
286 143
112 256
406 208
459 71
244 146
120 376
20 438
156 33
249 261
474 379
36 382
344 498
256 156
443 248
283 30
355 135
429 84
434 428
186 326
387 87
263 317
464 307
271 141
101 218
87 91
119 272
45 94
316 328
66 382
11 446
214 280
30 459
225 146
464 428
87 441
450 264
469 277
427 280
471 323
77 167
154 387
415 162
19 162
360 226
332 393
392 444
225 267
343 30
463 324
408 388
353 452
329 95
480 264
265 339
361 47
302 406
429 447
363 93
437 42
253 221
456 55
354 273
299 108
255 267
458 101
100 393
315 52
378 337
89 234
75 336
484 275
262 162
181 466
146 216
431 119
164 4
348 350
329 108
260 237
67 108
70 342
366 404
378 229
382 119
440 60
385 124
32 6
202 417
21 342
20 117
56 70
97 71
82 473
357 412
393 106
250 286
145 4
21 463
351 109
141 299
488 343
125 291
92 114
56 191
372 168
9 116
50 117
165 363
201 57
421 289
393 227
159 60
219 74
164 138
329 471
296 294
444 192
442 348
221 120
204 476
262 417
96 125
192 358
236 364
356 429
268 316
395 128
254 189
240 254
340 192
133 128
37 191
353 131
303 310
449 364
349 426
127 313
242 300
219 316
164 380
370 485
184 66
24 77
395 249
436 21
460 415
18 33
174 21
229 482
399 139
242 421
476 359
75 15
113 307
104 487
439 477
167 18
346 249
318 187
263 251
101 152
469 319
106 267
422 244
490 378
297 249
316 262
495 493
383 23
407 380
302 98
443 74
453 496
11 151
38 254
164 393
76 280
404 311
208 436
323 386
216 260
73 211
240 388
40 34
119 327
193 47
499 319
457 322
369 209
368 21
84 262
249 329
161 216
255 80
152 396
466 34
94 162
350 88
173 455
429 381
112 445
387 384
368 142
46 91
29 447
299 271
464 375
106 401
18 288
224 393
135 55
200 450
33 44
198 340
464 496
192 37
371 268
389 322
494 338
246 273
53 107
471 391
438 214
245 48
47 292
262 217
46 104
321 43
101 299
472 212
288 391
370 164
89 181
42 106
410 236
275 48
299 405
321 164
266 228
32 61
385 179
49 230
257 408
384 220
389 335
342 223
72 362
259 454
70 289
369 356
148 357
437 231
382 295
239 246
132 120
486 123
491 467
169 416
384 341
269 125
389 456
136 10
287 408
199 295
366 472
364 362
331 185
446 172
248 187
382 416
333 2
374 3
305 169
16 66
310 247
282 185
213 351
278 480
23 190
391 357
14 370
377 193
270 67
41 244
27 80
302 19
407 72
123 313
117 239
62 303
392 178
263 293
282 306
213 472
268 142
276 3
358 72
481 371
164 435
374 16
43 145
29 247
277 83
282 427
361 491
414 354
50 306
311 81
402 199
32 437
118 440
99 198
369 22
85 34
203 255
222 268
29 139
282 319
249 371
276 245
362 19
441 312
9 426
432 492
246 73
191 137
303 378
330 481
471 191
173 497
383 78
352 499
302 153
140 91
434 309
420 374
420 145
84 196
203 147
282 440
497 365
175 314
29 260
106 443
133 317
408 256
494 30
311 323
71 378
131 392
411 446
48 394
244 269
426 17
189 104
288 83
347 138
22 341
94 446
438 256
94 217
302 395
85 397
286 387
456 44
277 338
491 267
472 25
491 38
403 154
119 395
274 40
174 102
265 449
260 105
394 105
42 148
424 213
33 328
281 164
52 341
189 346
304 333
54 387
343 261
436 223
174 223
494 164
292 444
471 446
22 354
278 280
130 153
295 220
308 159
201 33
239 59
354 46
417 331
288 446
463 447
40 115
292 336
70 223
378 339
259 159
190 288
336 342
487 282
165 231
239 180
197 183
183 285
436 465
458 224
213 164
130 395
116 460
419 3
410 412
107 411
93 476
352 178
431 471
486 178
305 103
417 344
453 1
67 231
461 350
199 121
378 352
413 50
275 345
5 484
289 14
247 283
440 183
393 337
21 465
365 9
425 60
337 176
53 188
433 409
56 193
28 360
96 6
490 125
41 70
440 304
335 22
252 253
434 1
458 358
150 242
76 27
208 183
226 466
340 73
364 430
171 301
9 468
372 291
50 11
41 420
113 296
228 17
429 7
164 490
398 428
30 32
346 9
136 199
175 127
111 371
212 423
446 361
335 493
316 251
490 138
420 308
38 14
291 194
356 323
342 425
87 135
340 315
6 210
4 366
367 189
18 35
248 497
160 384
435 323
421 425
383 133
228 259
159 425
33 20
483 256
161 205
78 207
105 310
50 374
193 157
325 313
91 146
242 315
66 318
181 39
272 194
268 452
133 493
312 495
381 100
298 331
380 370
339 332
246 141
339 103
85 452
415 98
19 98
387 265
101 396
257 155
340 449
147 283
155 144
205 490
246 262
256 455
22 288
80 229
369 103
415 219
308 93
280 31
10 170
82 275
216 275
147 404
40 278
155 265
329 152
45 393
463 381
427 458
301 90
17 331
108 449
366 219
22 409
121 388
424 160
135 57
415 340
234 265
198 342
294 50
280 152
338 93
255 324
241 160
86 286
287 276
91 401
378 165
70 49
135 407
364 1
317 155
248 55
19 232
10 412
156 237
494 232
347 219
369 466
83 109
391 225
262 340
132 1
238 397
431 297
169 297
370 287
62 171
444 7
34 109
342 225
227 9
20 174
306 302
455 102
419 179
176 458
479 230
129 346
382 297
13 171
16 176
21 291
425 115
62 63
134 168
227 130
447 399
185 362
171 464
39 79
56 477
9 402
350 466
171 235
372 225
83 122
47 428
243 74
88 466
201 114
233 66
324 413
357 361
483 177
433 356
125 240
413 118
129 359
418 233
363 297
270 69
215 133
289 82
8 69
462 239
16 189
439 292
24 13
62 305
411 193
194 195
1 29
9 415
69 429
303 367
148 493
399 75
349 483
127 141
462 131
178 372
277 314
227 493
142 126
166 254
496 129
64 206
427 29
325 18
457 137
443 239
154 136
57 432
126 37
2 496
346 306
131 152
222 499
161 260
328 437
293 150
224 316
129 493
55 278
302 384
173 270
140 93
112 260
459 75
423 381
115 265
376 306
367 486
353 322
427 271
499 376
58 145
177 96
237 147
493 73
490 327
337 499
497 488
82 209
106 337
193 225
339 279
499 268
89 104
130 142
355 489
302 397
322 83
170 214
385 102
142 381
114 282
389 258
394 336
301 145
265 222
213 32
471 327
383 443
162 215
286 281
318 499
225 271
211 107
269 48
95 161
274 392
403 48
444 49
475 153
306 344
130 384
259 269
369 400
405 94
314 464
234 212
440 51
426 153
285 177
445 166
385 115
51 10
109 217
324 105
269 169
155 333
136 54
260 349
141 169
144 174
42 163
121 456
157 113
33 343
14 64
79 459
454 336
454 107
426 274
151 69
54 402
436 467
475 166
409 41
232 408
254 167
309 103
130 397
190 411
451 452
465 121
451 223
437 288
60 301
285 419
393 218
467 167
68 421
145 116
497 46
342 172
20 121
359 341
199 123
372 51
102 190
14 306
418 167
234 346
437 180
220 411
160 131
5 486
206 247
384 290
392 114
263 229
180 231
336 478
410 427
317 236
248 365
258 6
161 73
226 468
496 63
152 253
185 201
495 363
13 360
90 314
219 199
2 201
258 127
120 193
414 411
381 197
147 30
4 247
50 363
94 140
462 307
228 140
302 89
300 245
186 143
332 197
492 186
404 73
464 124
455 304
367 420
6 212
482 141
353 256
36 320
177 30
77 92
489 302
267 189
167 251
189 269
340 438
161 207
353 377
482 262
389 71
163 253
435 446
13 494
402 269
107 92
198 210
225 84
385 36
63 22
309 492
381 331
100 318
386 446
124 446
191 207
311 272
223 159
429 264
319 392
38 379
468 192
456 101
156 105
161 449
1 231
216 156
87 271
389 313
119 452
389 84
72 111
80 460
239 224
137 213
89 401
237 336
204 159
419 47
93 291
79 393
198 344
495 42
463 275
177 406
498 232
19 463
368 388
148 119
495 163
63 277
68 355
62 52
315 232
153 170
400 47
350 455
468 447
14 11
46 458
239 358
150 286
425 225
114 363
444 238
134 49
359 396
372 106
243 184
14 361
418 222
201 224
440 469
285 366
49 355
393 165
35 420
352 127
255 460
420 2
494 476
213 463
367 112
9 175
430 168
206 194
426 463
25 119
123 425
219 133
258 61
203 125
141 479
361 482
414 345
144 484
152 79
289 313
55 146
41 248
435 367
239 492
456 490
127 22
302 23
90 369
379 243
71 127
425 359
24 15
420 15
136 256
227 374
254 477
105 125
50 189
191 128
251 179
490 195
495 310
462 133
486 490
374 20
145 197
401 123
198 23
442 420
15 87
142 128
254 369
39 444
133 79
212 372
372 361
64 208
251 300
399 198
430 302
471 303
237 136
251 71
311 85
369 26
374 370
355 128
107 26
310 385
304 311
376 187
31 152
344 383
94 208
448 440
401 136
360 98
189 216
390 206
106 447
375 83
485 480
22 224
154 380
195 381
484 255
57 447
313 373
117 498
98 219
244 273
235 453
255 139
155 201
422 316
67 88
232 155
163 321
80 286
346 442
198 278
184 380
10 227
137 268
68 168
241 96
141 158
58 389
218 112
405 204
350 268
162 217
437 156
373 171
290 402
329 101
67 330
155 214
366 397
361 53
199 220
204 335
162 338
303 48
93 238
24 404
473 459
201 37
151 179
109 448
357 284
68 410
274 286
158 340
383 458
465 231
330 43
266 287
371 340
197 416
497 156
227 295
48 64
409 43
292 461
414 158
493 451
89 361
166 56
106 5
364 300
23 7
9 109
88 402
465 123
129 174
440 295
250 171
76 18
180 341
120 61
359 343
111 241
212 64
74 359
289 247
96 118
220 413
242 172
476 110
104 238
324 470
461 475
227 308
282 244
359 464
395 121
240 247
419 478
116 477
336 480
143 314
377 252
110 137
69 136
215 190
349 419
435 193
27 139
321 357
104 359
145 131
230 175
409 177
180 354
106 139
185 432
78 306
413 296
339 81
36 80
146 477
187 478
311 19
397 59
187 249
495 365
108 185
117 419
81 496
387 14
34 421
249 80
20 257
1 207
73 83
422 237
78 427
326 300
231 440
50 365
64 263
413 188
358 252
129 429
36 201
466 14
215 432
311 140
490 371
289 381
210 317
349 432
242 306
66 80
181 30
272 414
351 478
84 363
492 188
411 263
381 91
193 269
100 78
154 314
80 99
62 496
387 27
115 322
170 29
395 376
255 73
207 325
193 161
251 368
210 330
108 319
443 309
167 374
308 84
468 73
346 376
478 266
395 497
238 25
188 433
207 446
403 92
105 435
399 387
311 274
402 392
364 100
116 35
468 194
456 103
313 320
285 221
1 462
95 97
205 494
274 99
12 328
301 202
12 99
292 382
306 51
471 384
226 28
195 449
424 43
181 285
454 151
5 59
46 97
304 392
390 395
155 269
380 387
400 36
281 344
107 228
225 449
454 43
192 272
440 108
206 170
68 465
142 451
238 159
54 338
95 339
35 59
458 162
141 226
394 406
199 167
61 462
83 221
195 462
465 57
415 465
201 213
113 100
156 470
63 279
352 116
481 1
109 395
472 218
425 106
370 170
260 298
466 403
23 62
83 113
465 178
5 422
458 404
57 60
411 63
134 51
345 234
391 350
102 247
437 466
490 63
351 170
310 132
337 235
53 476
455 227
6 135
303 358
499 4
388 173
25 121
49 478
150 301
351 291
76 86
29 240
423 130
290 15
59 119
23 196
353 71
298 135
432 364
325 9
270 73
297 176
247 355
448 79
76 436
236 425
117 474
244 20
450 125
276 238
276 9
367 356
422 63
83 368
243 320
485 119
242 361
27 207
283 133
407 428
355 238
43 151
282 433
277 89
304 192
166 487
73 259
362 133
91 84
350 15
85 498
126 270
107 28
360 208
112 143
10 95
120 492
426 10
390 87
367 369
274 141
362 25
480 246
210 385
209 197
283 146
333 492
33 200
267 138
43 393
277 331
450 488
82 92
128 208
381 388
348 211
100 146
182 444
130 254
3 213
470 93
234 82
371 87
202 278
68 49
334 434
191 385
213 144
311 450
130 146
94 452
460 21
424 98
28 98
267 380
79 329
19 49
280 90
244 396
63 92
398 45
436 337
260 340
67 211
414 26
264 230
424 219
190 52
165 224
473 340
51 351
63 213
266 47
393 88
472 381
417 445
73 406
114 178
370 104
26 65
172 119
306 348
218 235
460 263
56 173
116 224
372 150
179 280
211 461
371 450
118 4
255 275
301 391
134 214
47 474
162 461
243 120
391 55
382 464
305 217
114 420
315 410
359 224
185 300
326 47
102 302
229 343
382 356
192 461
481 69
431 477
269 415
439 338
240 128
50 233
465 246
377 362
143 195
418 400
36 69
289 249
127 187
385 482
118 367
434 115
15 131
323 247
400 467
226 351
212 416
4 9
224 241
465 367
13 243
200 298
57 249
2 313
134 469
318 61
175 241
464 115
18 257
92 243
212 308
105 182
251 236
485 174
209 239
173 316
374 306
407 254
489 64
24 193
103 257
282 488
304 247
478 134
122 270
390 21
37 428
4 251
334 126
77 204
110 152
292 129
75 131
228 373
154 195
374 198
98 34
390 142
119 322
334 247
334 18
292 21
204 137
490 265
462 432
302 214
107 204
184 424
318 424
304 260
464 249
271 83
133 378
193 392
246 255
366 320
347 78
77 217
424 32
267 314
33 147
346 378
29 442
288 373
255 196
265 389
251 491
210 453
466 150
108 442
278 99
61 330
61 101
93 53
473 274
332 335
63 147
458 151
119 456
100 214
394 395
380 497
226 30
102 223
167 389
437 213
285 115
269 107
100 335
141 107
53 223
72 236
180 35
149 456
452 228
264 406
364 115
88 446
358 41
65 233
351 38
153 282
53 344
339 472
37 107
465 288
107 351
201 215
247 331
352 118
269 349
136 234
356 237
213 225
144 354
474 229
326 102
124 116
146 400
60 131
354 349
104 403
173 8
238 403
7 470
222 129
268 245
268 16
419 414
18 70
6 16
270 62
201 228
476 167
66 3
319 183
472 462
62 298
475 467
342 352
72 491
488 406
474 471
92 177
23 306
138 293
124 129
363 411
96 296
349 476
352 481
277 78
134 295
342 473
34 357
175 67
101 81
161 132
381 135
97 376
207 19
334 60
279 124
413 353
275 419
25 473
333 360
233 422
66 245
236 427
313 122
117 247
225 9
142 11
340 255
326 357
111 432
276 11
422 65
64 91
430 414
380 68
41 373
355 240
195 22
319 317
219 379
198 27
24 140
203 371
423 374
15 320
340 376
367 479
436 84
255 9
59 134
496 135
23 440
50 314
432 379
452 28
350 17
214 385
126 272
170 315
464 304
78 497
64 333
121 315
462 379
61 35
167 202
382 90
365 446
403 149
427 277
347 25
223 218
195 385
140 449
195 156
341 439
79 210
492 379
459 202
15 454
390 331
82 215
109 318
362 269
436 218
260 221
144 275
130 377
438 264
42 35
262 267
167 444
253 218
220 41
354 41
426 146
95 275
460 144
61 398
176 385
308 275
60 173
294 111
247 36
192 100
266 49
398 168
384 270
274 398
208 44
466 339
89 352
166 47
181 355
129 165
234 218
387 460
49 172
384 391
329 455
337 50
483 104
20 114
400 106
37 54
138 106
391 286
396 401
275 340
99 114
217 106
370 348
315 412
26 309
359 455
78 176
372 394
317 458
129 178
330 168
449 119
60 307
151 425
333 173
412 466
269 417
2 302
291 176
169 479
15 12
447 460
194 14
240 359
78 68
372 286
243 364
270 9
55 84
297 112
294 366
490 12
173 305
200 179
112 66
21 473
236 361
318 171
6 84
59 176
97 431
446 356
138 240
69 369
96 243
476 464
319 251
236 482
420 74
230 179
323 141
276 295
101 28
138 361
427 198
413 300
471 12
407 485
30 498
219 434
164 498
286 195
453 372
131 321
318 413
332 82
244 198
459 123
356 439
189 262
156 85
18 151
212 431
36 205
292 131
256 208
388 364
374 200
286 316
186 149
57 264
29 431
277 267
404 79
290 206
1 103
18 272
399 378
22 391
490 496
451 16
286 437
222 452
63 136
235 391
205 485
301 193
339 448
149 324
190 96
176 198
121 262
396 201
426 80
431 158
68 106
343 82
342 86
70 152
498 333
424 155
47 168
33 270
286 450
456 107
275 32
82 391
285 225
445 214
211 47
178 99
257 392
458 153
246 499
370 40
241 155
31 345
26 230
53 104
414 83
259 209
460 199
226 32
42 211
308 101
156 461
137 219
393 145
82 283
426 93
183 335
324 45
296 212
408 453
204 394
111 166
336 284
65 464
247 212
285 467
352 228
338 330
285 238
269 230
67 281
488 274
144 464
37 109
372 99
456 470
495 169
321 282
431 413
71 107
35 184
310 123
361 354
190 472
331 182
162 410
270 172
435 10
486 470
420 116
403 472
351 282
2 128
332 3
411 296
411 67
249 5
20 182
273 362
221 172
465 303
91 62
41 241
397 105
324 300
194 419
342 354
249 126
4 66
432 247
499 8
215 249
113 238
219 139
272 2
313 3
81 434
318 347
497 349
404 121
184 118
180 413
106 198
18 85
97 378
78 136
157 429
279 126
31 24
256 142
462 476
219 489
33 70
453 427
415 135
291 365
296 480
371 65
161 255
1 37
422 296
367 360
331 437
284 362
191 134
91 196
105 131
96 311
401 358
103 435
48 499
469 492
395 314
207 492
54 21
491 22
205 419
155 73
243 445
36 381
466 194
366 27
457 374
472 130
105 373
58 261
397 481
259 22
498 38
52 446
464 427
211 210
142 376
109 199
155 86
485 486
347 256
199 92
190 272
424 210
140 451
473 331
65 277
299 215
211 102
49 40
491 385
494 390
301 261
7 43
77 287
405 318
350 382
446 90
253 220
201 30
65 398
385 339
338 264
147 467
58 395
254 41
39 116
218 118
116 336
498 401
181 465
129 275
382 226
114 411
241 452
315 172
134 97
34 159
86 349
139 175
292 454
309 98
326 38
226 100
28 344
336 460
229 105
418 41
215 170
327 411
74 231
118 237
333 162
178 288
44 59
219 60
48 178
461 347
227 180
264 476
372 46
69 237
465 237
234 341
96 111
13 342
467 283
219 181
310 70
497 162
14 422
377 245
251 106
330 170
476 224
11 124
145 124
439 342
351 458
29 178
153 473
189 130
342 409
318 52
340 70
381 71
298 302
105 173
339 74
196 291
108 178
220 419
261 420
495 358
94 14
462 181
374 68
489 55
398 425
62 476
43 197
474 420
138 471
293 79
317 473
413 181
91 130
330 412
225 66
115 194
161 81
326 414
23 376
138 363
108 420
177 25
449 484
8 253
261 433
462 423
402 143
300 361
93 31
404 189
249 315
307 256
348 28
91 372
256 439
366 82
173 441
214 442
121 22
200 315
217 484
327 90
29 433
320 316
124 441
232 203
176 308
295 259
355 310
107 208
170 264
32 34
87 495
238 139
142 202
257 152
141 206
154 441
405 23
135 162
470 152
5 52
115 449
169 160
477 47
475 203
174 275
232 216
177 280
70 154
350 208
424 157
107 450
47 170
234 262
308 211
201 85
280 378
299 391
10 288
266 214
1 468
128 280
35 52
422 498
274 334
394 399
361 222
180 147
58 450
278 453
218 173
176 442
369 342
484 329
330 91
333 96
255 442
169 402
250 98
260 291
287 394
172 178
139 1
359 270
70 167
419 55
498 348
97 4
157 284
88 450
487 455
46 224
335 61
151 240
159 101
164 179
217 42
425 220
117 104
155 396
475 337
320 463
342 222
488 276
437 459
187 284
261 233
435 120
352 122
219 236
71 109
398 238
296 456
43 10
370 176
282 292
263 50
134 165
469 118
367 107
50 171
437 351
247 456
151 482
13 289
385 420
352 243
374 2
21 409
365 182
442 402
34 348
249 236
309 287
326 456
166 238
381 126
496 113
441 177
105 228
64 190
50 292
17 115
196 117
132 361
186 72
170 64
189 77
268 370
254 472
423 15
409 346
226 410
307 69
441 69
45 69
279 7
457 13
379 359
324 423
310 488
98 80
29 246
103 195
277 82
337 362
428 480
469 252
92 302
394 78
344 486
182 195
154 362
228 311
99 426
200 478
314 85
145 313
57 429
29 367
189 319
15 432
244 26
92 423
4 310
293 147
22 327
283 368
350 129
42 13
448 435
80 39
71 485
195 26
456 30
24 144
404 365
106 442
403 140
260 91
375 78
311 322
256 386
149 260
383 198
369 263
140 440
52 327
186 327
170 319
192 78
271 142
357 145
343 18
114 158
227 35
172 99
447 75
471 432
457 497
89 101
204 88
402 332
42 26
112 499
368 196
426 137
63 85
101 340
285 161
477 102
325 499
77 397
264 223
410 277
317 86
468 255
65 279
495 92
247 27
238 207
183 271
412 94
431 107
255 147
67 325
444 46
475 150
306 341
144 279
223 343
171 153
460 27
405 320
364 282
167 448
179 273
201 32
421 35
466 451
447 209
180 94
240 108
317 99
129 277
382 457
341 456
129 48
60 177
495 105
417 451
217 97
310 59
461 457
177 469
171 395
474 167
138 218
349 172
261 288
85 62
379 280
16 228
30 126
250 395
136 64
139 298
70 464
20 118
441 111
171 287
331 239
372 277
60 419
330 51
476 105
44 411
104 462
44 182
200 170
145 234
21 464
488 344
326 282
116 472
372 398
138 231
427 68
41 298
289 134
113 174
324 357
186 127
453 242
236 473
175 234
20 360
450 173
245 478
138 352
353 11
113 295
206 486
272 59
263 468
37 421
205 234
105 296
380 235
17 183
265 19
325 299
173 430
140 253
305 357
219 317
48 435
404 70
230 183
469 428
147 148
386 430
496 73
279 304
210 433
466 130
173 322
448 490
145 489
11 260
401 186
217 365
464 471
10 35
455 422
4 486
293 323
205 247
399 490
447 9
256 441
61 202
369 318
374 433
319 497
258 487
137 197
423 325
6 451
403 87
50 494
325 433
58 318
149 207
66 438
33 261
382 149
82 382
244 215
202 447
353 387
394 159
479 203
42 202
317 141
14 103
146 30
109 377
100 328
81 49
153 154
347 434
287 154
259 92
438 323
61 336
80 349
137 331
82 395
412 270
109 498
491 334
274 336
447 264
438 444
336 396
148 345
239 234
192 388
51 412
86 406
474 222
364 350
83 337
14 237
215 227
349 227
454 280
266 458
426 447
407 168
34 337
72 363
359 393
455 101
326 216
171 342
23 178
386 1
129 345
19 473
113 337
5 309
239 476
495 173
228 58
187 57
159 224
319 176
85 9
16 175
57 176
62 291
136 240
153 409
342 345
208 116
180 283
326 337
37 234
284 340
449 178
349 240
151 484
462 117
154 1
352 245
145 181
57 297
272 222
217 57
304 174
34 350
194 302
39 428
419 420
334 53
279 117
388 289
481 251
398 482
126 23
305 291
217 178
84 63
304 66
120 245
376 171
455 464
147 82
358 302
14 492
311 190
237 12
11 423
71 474
489 233
90 487
268 493
249 251
464 176
188 12
97 382
353 308
496 128
279 130
499 362
18 89
493 59
149 20
214 149
71 366
200 251
76 444
318 472
43 267
29 369
404 246
211 80
1 270
78 490
133 197
334 187
163 305
58 23
144 26
388 423
33 195
107 144
382 83
79 311
313 249
165 85
473 201
362 370
133 318
141 142
480 362
144 147
359 72
56 34
42 136
121 200
66 264
181 214
470 88
468 15
408 378
301 23
287 88
447 77
359 193
42 257
295 437
33 208
162 93
401 375
248 96
454 201
98 337
371 432
445 152
183 381
439 78
144 160
171 263
42 149
121 442
451 88
93 343
486 274
343 491
296 150
26 289
193 466
208 37
328 102
433 155
245 104
162 335
437 274
51 467
81 346
28 456
336 343
284 153
96 102
308 281
289 2
349 282
261 169
434 97
40 466
35 122
310 61
378 461
410 413
363 338
211 469
379 282
217 220
76 15
370 233
411 234
277 5
153 464
287 464
180 338
37 289
326 163
185 187
108 169
146 461
96 115
440 413
76 365
315 418
222 190
92 346
326 284
317 464
413 172
303 300
449 354
294 480
108 61
252 483
38 231
236 475
351 462
411 247
428 416
268 198
188 175
59 61
482 127
284 408
191 180
289 486
289 257
182 131
127 195
13 359
209 5
489 288
286 188
217 354
203 419
103 481
337 419
478 129
180 472
362 183
441 476
422 234
274 70
427 312
353 134
17 185
347 60
476 470
388 357
424 14
181 27
98 29
106 378
183 73
6 440
216 21
147 150
307 139
155 11
482 140
339 320
17 306
36 319
259 68
256 322
27 499
214 325
66 198
145 491
360 150
98 150
304 484
87 257
257 143
78 437
114 94
110 389
108 316
204 24
498 205
190 89
336 143
107 320
396 194
258 489
5 43
271 199
469 443
439 12
202 99
389 191
31 446
172 156
144 94
223 387
75 260
162 148
299 382
459 371
285 218
376 373
269 210
431 43
100 438
191 327
328 36
359 140
107 333
410 105
46 323
445 328
155 495
439 25
141 331
81 51
213 207
158 271
70 158
171 210
498 339
317 264
135 287
126 467
308 215
349 216
165 395
261 103
32 280
238 385
49 220
431 285
164 170
150 272
238 156
56 115
350 333
281 462
88 333
410 347
248 285
358 157
93 411
19 462
201 210
192 390
439 267
365 52
241 282
497 208
287 398
273 463
240 57
102 352
88 454
224 49
284 100
148 468
437 342
468 446
388 157
352 234
62 401
2 121
477 414
236 59
263 162
423 114
180 164
488 280
78 116
284 221
8 57
132 352
192 403
219 240
236 409
136 242
497 221
488 401
180 285
381 9
312 175
119 9
129 468
41 355
77 12
22 76
344 127
206 422
486 476
217 288
310 250
459 50
39 430
106 191
191 6
325 235
292 58
228 73
346 294
117 471
222 487
184 3
84 65
464 286
268 374
376 173
235 197
207 364
348 74
298 253
320 12
416 474
107 133
52 197
131 490
258 73
337 366
482 195
358 425
297 415
25 481
214 380
484 12
415 141
24 256
276 477
340 492
343 238
463 303
67 74
191 369
12 138
210 382
158 192
399 318
424 82
102 31
484 133
286 377
341 84
167 197
308 136
84 428
276 369
450 256
18 333
389 246
408 259
58 375
306 211
218 98
378 87
283 493
168 277
295 318
116 87
368 79
65 41
431 98
202 275
7 36
237 498
364 273
226 80
223 334
438 259
350 146
83 31
410 160
470 211
93 224
454 203
247 139
373 278
65 162
156 280
178 39
472 257
403 386
384 144
361 160
130 493
424 445
9 203
231 50
451 319
248 219
275 93
435 45
294 106
412 327
393 85
436 455
260 458
241 216
409 29
452 399
28 337
107 401
451 211
69 109
440 281
206 114
247 152
104 332
352 168
426 383
233 217
153 224
199 340
70 455
433 278
385 466
357 404
472 391
2 176
477 469
155 455
34 394
254 397
378 463
23 235
97 184
331 122
284 276
229 340
432 174
485 37
349 176
448 118
90 181
164 130
392 223
29 171
337 287
208 173
87 112
340 292
119 64
187 235
443 161
333 289
233 351
448 10
439 456
296 407
411 357
87 233
428 297
395 120
97 426
78 184
152 133
50 351
160 482
462 295
25 294
352 423
365 362
387 121
497 289
268 429
142 61
312 472
205 117
158 5
58 67
256 311
108 184
476 351
38 354
286 190
401 177
38 125
253 13
346 241
103 483
79 126
332 77
404 182
423 195
409 297
276 411
147 31
45 249
413 416
50 364
124 313
480 177
110 378
344 316
316 483
130 64
457 193
283 306
388 359
314 373
489 411
300 246
267 69
244 314
395 483
417 13
21 13
353 486
427 435
205 359
394 258
163 362
438 301
218 32
94 262
135 263
253 255
57 380
43 445
422 478
150 19
141 199
480 419
394 379
80 219
121 257
47 42
454 137
211 150
293 448
7 91
31 448
141 91
480 311
361 94
218 274
493 250
130 198
116 34
336 266
451 24
107 214
244 448
192 258
202 451
362 440
458 148
394 392
34 86
232 330
39 164
328 38
452 333
226 27
61 448
121 499
56 104
294 161
178 215
90 102
95 217
155 268
444 105
172 400
328 159
273 223
185 110
116 276
465 164
363 382
148 228
308 217
487 448
46 446
60 115
393 261
467 210
238 387
178 107
384 212
81 403
62 161
26 238
227 228
259 446
273 115
419 398
372 323
157 169
335 175
321 277
173 113
434 154
425 105
26 359
282 285
323 57
232 464
340 226
414 212
367 100
479 341
14 241
303 115
490 170
132 462
481 350
247 220
118 298
44 120
233 285
434 46
76 301
392 49
208 228
34 341
356 126
376 41
199 408
224 172
435 355
471 49
338 459
90 357
217 169
48 360
153 413
249 121
326 341
413 229
499 3
297 283
77 14
182 67
335 309
421 349
302 132
219 363
272 226
131 250
76 314
492 229
208 470
337 355
227 483
249 242
254 357
6 484
400 411
474 360
345 475
188 232
353 299
494 9
377 427
292 60
160 429
261 481
256 137
219 484
374 129
453 422
230 350
175 414
120 478
115 134
194 427
92 416
147 86
482 76
77 256
397 234
80 261
314 199
214 261
267 124
184 355
373 25
371 181
115 255
106 435
417 68
339 377
366 251
108 481
416 368
223 202
462 484
360 436
57 435
225 248
84 309
387 81
189 325
101 212
334 420
482 318
158 194
397 476
22 333
457 261
264 95
126 390
234 189
313 482
468 127
68 156
147 449
109 194
408 490
477 95
241 84
260 97
70 202
493 76
28 205
396 372
393 74
431 329
412 87
384 254
375 205
466 323
292 436
460 20
424 326
484 377
396 493
341 328
79 328
261 39
211 447
445 385
123 105
403 159
86 452
70 215
185 165
61 395
264 229
336 334
391 41
349 273
173 47
271 390
467 36
164 227
370 332
141 280
227 54
306 347
53 167
264 350
51 471
333 157
49 398
453 222
241 339
136 57
172 468
312 219
363 450
449 224
146 452
316 109
25 162
324 458
30 11
131 63
442 221
92 337
166 57
465 353
124 60
113 396
151 422
407 348
434 222
16 234
420 58
263 340
404 50
142 50
166 407
97 307
363 463
13 350
283 174
80 74
219 418
296 409
134 347
395 122
92 350
381 187
4 237
307 9
152 135
105 289
383 4
352 425
448 133
38 235
286 71
131 197
392 467
313 174
404 63
298 310
158 7
471 238
378 10
209 238
448 254
145 482
365 485
222 436
392 359
464 235
395 364
343 174
288 9
193 149
86 23
485 294
3 254
316 485
200 310
401 300
179 187
368 123
313 187
392 480
109 128
68 90
293 437
353 488
155 15
64 385
260 31
399 375
438 74
176 303
498 88
126 445
267 192
74 26
43 447
170 259
82 375
54 313
403 201
40 149
193 391
172 39
223 499
295 375
405 18
262 198
253 378
79 491
415 211
468 74
46 85
478 496
137 203
271 203
68 332
357 206
35 155
49 90
241 260
475 198
67 144
480 313
342 83
380 375
361 96
89 391
471 493
185 99
107 216
201 80
165 386
206 158
338 85
343 429
150 263
68 224
444 215
172 281
339 458
70 270
377 161
148 338
93 402
275 150
459 496
421 204
90 104
169 397
475 440
328 161
92 150
460 88
410 230
495 274
316 43
25 96
51 297
352 225
178 109
319 48
324 163
136 341
370 279
301 445
361 459
400 158
152 56
336 402
233 166
134 160
345 343
446 166
243 66
485 94
163 43
55 15
187 171
228 172
300 48
398 354
184 102
325 226
449 292
242 228
178 472
167 54
38 169
217 400
268 365
194 187
97 254
50 408
303 359
55 486
325 118
27 424
297 56
435 249
154 236
80 21
30 429
85 365
85 136
489 226
332 242
282 421
423 131
235 309
376 56
455 349
207 247
397 115
369 16
140 193
453 424
112 360
258 185
373 135
216 188
133 419
494 132
482 78
91 193
149 134
195 250
121 72
33 188
415 253
24 139
98 88
392 306
285 143
216 309
6 499
73 260
362 134
95 19
482 428
210 494
53 22
256 381
302 497
33 309
88 16
258 427
299 199
290 379
276 481
54 368
1 276
18 445
54 139
174 433
422 306
144 32
457 492
283 376
42 21
121 314
80 276
102 35
52 443
322 75
198 497
179 255
5 102
115 499
10 217
101 335
128 438
417 312
123 94
343 134
439 71
67 199
380 430
366 266
378 91
424 207
190 40
192 86
151 48
257 444
343 484
348 333
260 449
48 41
213 374
177 451
166 33
419 213
350 379
181 341
129 151
299 333
63 322
379 33
463 441
26 174
102 169
432 44
41 159
60 172
113 35
321 213
82 456
467 267
118 113
252 342
7 282
414 148
14 406
473 462
335 232
393 439
159 272
467 388
352 172
68 413
250 390
379 275
81 352
323 114
428 167
111 460
455 270
345 398
171 282
279 44
499 47
129 285
495 342
435 62
44 406
300 103
30 242
252 355
398 409
30 13
200 165
444 296
337 170
464 211
6 299
111 352
188 47
212 404
243 242
303 293
344 294
335 474
462 286
443 44
222 304
323 127
328 471
465 476
193 17
418 401
256 302
187 468
154 291
286 181
103 474
230 286
263 234
15 132
323 248
362 176
18 366
18 137
45 240
157 481
432 420
265 243
298 191
191 65
149 68
457 184
209 119
401 60
332 189
24 73
98 22
203 304
459 230
183 66
343 55
362 68
119 310
427 426
246 122
344 428
397 291
283 418
30 497
319 371
66 191
341 130
203 425
184 183
404 415
483 479
142 186
482 254
339 434
287 15
264 31
80 210
355 186
484 71
126 326
489 415
57 492
52 148
267 73
401 302
73 436
494 200
260 33
355 307
11 497
179 81
197 98
255 305
475 308
320 434
292 372
58 205
37 82
452 95
176 426
465 34
470 378
354 203
170 382
373 216
244 331
216 498
68 334
431 157
417 259
95 208
494 442
208 85
494 213
213 200
359 254
70 151
226 139
102 332
308 208
385 391
421 85
32 44
371 264
472 316
403 216
342 206
125 208
199 157
144 221
364 453
9 262
129 327
69 47
465 47
253 393
132 332
32 394
13 152
421 206
338 437
412 157
145 42
384 324
351 147
310 109
262 334
124 104
159 98
412 278
300 37
141 458
7 229
125 221
326 211
364 466
226 273
59 96
157 173
284 214
336 404
13 394
228 53
338 450
472 450
398 464
186 56
346 45
398 235
365 287
103 58
263 47
309 163
231 472
427 118
372 219
358 284
432 233
44 353
352 469
492 220
392 53
6 246
4 402
97 364
334 48
427 239
224 176
298 125
293 10
325 228
251 50
201 458
160 420
113 345
44 474
159 461
346 58
497 456
478 177
323 303
483 292
133 179
23 307
119 244
205 55
246 56
457 239
181 75
492 233
263 410
4 415
334 290
243 431
466 180
177 77
297 408
292 64
416 359
335 434
484 234
135 80
195 131
346 300
15 429
183 13
381 257
463 67
334 182
485 351
8 426
364 24
223 85
484 355
355 241
322 64
360 319
52 203
179 244
456 27
43 383
440 19
426 121
147 440
288 187
427 494
241 75
361 140
158 77
350 247
176 360
181 209
151 37
285 37
338 129
486 27
73 383
58 260
245 86
33 432
52 445
47 101
286 383
368 422
308 142
487 373
201 16
285 387
159 19
412 199
269 150
169 212
155 314
7 150
241 88
438 373
460 132
121 437
28 209
372 19
360 453
14 45
60 161
435 38
333 27
491 384
475 376
370 94
158 440
268 46
414 137
359 201
405 317
410 395
83 37
284 27
410 166
308 384
74 217
418 27
146 322
201 29
266 387
266 158
222 51
414 258
328 218
204 448
78 43
396 389
129 274
113 266
95 397
384 271
272 30
81 462
351 94
227 287
122 5
120 161
139 174
273 403
23 228
386 51
437 282
160 233
132 400
192 451
443 33
352 403
173 172
442 333
469 170
18 5
69 236
382 467
196 48
96 110
316 342
140 116
374 54
324 462
219 180
35 359
337 401
337 172
414 392
147 11
97 419
372 395
446 344
430 336
302 70
66 59
145 352
217 228
444 419
98 11
318 280
309 460
483 347
340 298
362 57
193 248
224 123
41 416
30 486
219 422
253 6
417 114
400 470
133 126
413 409
480 170
191 67
108 298
264 20
300 468
88 60
470 125
203 306
24 75
426 55
188 412
73 196
21 6
293 199
58 73
89 140
424 130
47 143
368 235
225 186
329 14
172 30
292 132
89 32
195 428
465 23
401 304
93 151
392 484
46 76
51 154
390 374
293 441
265 379
3 379
8 494
149 433
42 307
396 310
234 248
313 312
46 197
294 33
225 199
290 328
86 269
130 312
419 149
56 97
42 199
355 430
341 495
487 320
10 395
51 396
252 157
95 210
255 199
463 377
375 493
67 377
134 138
475 202
114 223
58 328
199 38
149 446
364 334
460 308
470 272
5 172
132 213
467 203
104 151
412 267
26 460
81 167
241 156
153 272
34 92
493 377
452 339
69 49
234 382
357 452
352 108
141 339
494 457
34 213
488 154
446 157
303 108
123 406
164 178
222 119
263 157
309 44
455 327
37 339
298 114
485 206
330 332
416 106
8 52
440 463
94 55
118 412
233 399
159 221
412 401
392 163
29 111
422 42
207 117
446 399
212 232
119 4
210 122
96 286
316 289
443 101
305 396
341 53
145 178
184 106
227 476
464 160
221 402
494 2
124 240
339 128
471 284
237 117
366 2
113 347
71 350
401 225
126 20
387 61
304 63
483 294
395 181
362 233
367 348
307 68
50 412
224 299
320 7
306 72
466 61
416 469
429 179
415 244
98 308
362 125
436 74
31 254
443 464
336 72
484 7
112 364
360 200
131 377
387 74
15 431
175 420
371 66
450 359
269 18
427 375
475 123
287 72
163 302
237 251
223 87
176 241
214 496
121 305
267 359
360 321
313 475
382 80
131 498
426 123
464 415
323 439
385 85
128 429
276 364
288 189
311 321
190 260
355 364
214 388
336 85
451 72
470 314
313 367
329 311
18 449
296 134
326 13
493 190
176 254
479 26
410 155
47 103
253 437
112 498
10 450
170 439
32 209
352 150
197 276
343 367
458 88
403 152
232 270
414 247
89 450
37 31
61 388
121 439
336 327
396 378
160 101
