256
9 11
11 14
14 38
38 22
22 53
53 4
4 9
1 29
29 26
26 5
5 18
18 63
63 9
9 16
16 6
6 1
13 21
21 6
6 32
32 2
2 33
33 18
18 17
17 16
16 20
20 3
3 56
56 12
12 15
15 7
7 13
15 33
33 14
14 15
35 20
20 33
33 23
23 7
7 35
30 19
19 34
34 18
18 35
35 10
10 50
50 6
6 31
31 11
11 30
13 30
30 5
5 43
43 8
8 29
29 15
15 24
24 13
13 42
42 21
21 54
54 11
11 50
50 20
20 38
38 84
84 6
6 52
52 5
5 59
59 16
16 51
51 10
10 43
43 7
7 36
36 45
45 14
14 40
40 13
3 67
67 4
4 66
66 3
1 37
37 31
31 24
24 52
52 8
8 57
57 10
10 60
60 18
18 64
64 14
14 90
90 6
6 135
135 3
3 96
96 13
13 1
17 56
56 23
23 48
48 17
65 14
14 77
77 12
12 91
91 7
7 69
69 5
5 65
1 62
62 16
16 66
66 30
30 32
32 34
34 53
53 71
71 14
14 69
69 8
8 65
65 9
9 85
85 28
28 37
37 27
27 51
51 17
17 81
81 2
2 49
49 1
15 76
76 27
27 42
42 26
26 65
65 21
21 56
56 34
34 40
40 25
25 38
38 41
41 39
39 15
24 64
64 43
43 56
56 24
23 62
62 19
19 49
49 67
67 9
9 83
83 16
16 88
88 20
20 60
60 23
24 86
86 23
23 58
58 25
25 47
47 37
37 51
51 50
50 22
22 68
68 24
1 73
73 24
24 75
75 15
15 55
55 1
33 61
61 32
32 44
44 33
36 63
63 22
22 76
76 18
18 70
70 33
33 36
29 42
42 35
35 52
52 62
62 63
63 40
40 49
49 53
53 60
60 34
34 69
69 36
36 29
4 97
97 54
54 37
37 82
82 4
80 27
27 83
83 25
25 74
74 5
5 95
95 10
10 80
1 110
110 21
21 80
80 36
36 104
104 4
4 72
72 64
64 48
48 41
41 42
42 52
52 61
61 35
35 59
59 49
49 90
90 29
29 38
38 45
45 94
94 14
14 103
103 1
1 150
150 7
7 92
92 22
22 87
87 15
15 105
105 26
26 74
74 48
48 95
95 19
19 98
98 11
11 89
89 20
20 126
126 1
70 68
68 49
49 70
56 70
70 41
41 65
65 45
45 58
58 61
61 56
37 91
91 29
29 93
93 31
31 83
83 61
61 59
59 44
44 69
69 35
35 75
75 56
56 55
55 37
11 106
106 5
5 102
102 35
35 81
81 51
51 94
94 55
55 84
84 65
65 43
43 66
66 80
80 39
39 79
79 60
60 57
57 37
37 78
78 34
34 85
85 18
18 121
121 2
2 100
100 11
20 118
118 4
4 145
145 6
6 96
96 25
25 111
111 35
35 105
105 40
40 87
87 45
45 69
69 47
47 42
42 106
106 37
37 83
83 38
38 125
125 33
33 120
120 5
5 114
114 20
99 16
16 117
117 20
20 124
124 11
11 99
1 214
214 7
7 158
158 5
5 122
122 14
14 99
99 12
12 108
108 15
15 132
132 1
109 42
42 87
87 44
44 73
73 8
8 107
107 26
26 110
110 18
18 89
89 32
32 76
76 46
46 91
91 64
64 99
99 22
22 98
98 28
28 101
101 61
61 118
118 24
24 77
77 68
68 78
78 43
43 86
86 34
34 109
126 79
79 66
66 59
59 96
96 19
19 159
159 3
3 144
144 12
12 138
138 23
23 126
34 164
164 4
4 119
119 59
59 94
94 72
72 17
17 92
92 34
85 63
63 84
84 102
102 31
31 122
122 32
32 92
92 29
29 98
98 34
34 126
126 30
30 101
101 41
41 74
74 67
67 58
58 73
73 53
53 82
82 68
68 87
87 48
48 88
88 62
62 85
116 39
39 81
81 77
77 70
70 78
78 71
71 83
83 68
68 85
85 46
46 112
112 28
28 107
107 37
37 109
109 9
9 116
139 24
24 140
140 2
2 128
128 34
34 116
116 35
35 113
113 10
10 139
131 63
63 92
92 75
75 114
114 9
9 131
9 134
134 16
16 115
115 9
143 30
30 147
147 11
11 142
142 14
14 143
104 53
53 93
93 44
44 120
120 43
43 104
97 46
46 104
104 64
64 117
117 50
50 106
106 48
48 129
129 36
36 111
111 29
29 97
119 13
13 148
148 53
53 107
107 44
44 98
98 80
80 74
74 73
73 82
82 60
60 88
88 56
56 97
97 47
47 143
143 9
9 119
121 21
21 133
133 42
42 119
119 25
25 131
131 15
15 138
138 20
20 121
1 154
154 46
46 100
100 38
38 169
169 16
16 145
145 31
31 147
147 33
33 128
128 10
10 136
136 25
25 121
121 22
22 166
166 12
12 181
181 27
27 139
139 1
8 170
170 10
10 155
155 24
24 144
144 8
13 158
158 17
17 115
115 29
29 139
139 50
50 135
135 34
34 136
136 42
42 145
145 20
20 149
149 2
2 165
165 31
31 152
152 13
14 197
197 10
10 171
171 13
13 183
183 3
3 175
175 9
9 178
178 12
12 188
188 14
8 168
168 2
2 157
157 23
23 198
198 12
12 194
194 14
14 153
153 8
1 207
207 14
14 209
209 5
5 172
172 8
8 137
137 18
18 162
162 1
151 28
28 115
115 40
40 109
109 69
69 49
49 81
81 101
101 47
47 183
183 17
17 172
172 6
6 151
155 15
15 167
167 18
18 151
151 11
11 155
155 73
73 83
83 112
112 66
66 107
107 71
71 97
97 60
60 91
91 65
65 110
110 49
49 122
122 35
35 155
134 63
63 132
132 21
21 130
130 49
49 134
90 85
85 96
96 68
68 90
52 115
115 56
56 104
104 62
62 91
91 67
67 88
88 98
98 52
109 83
83 77
77 92
92 114
114 93
93 96
96 111
111 72
72 109
84 91
91 87
87 112
112 109
109 71
71 127
127 22
22 175
175 16
16 186
186 9
9 193
193 3
3 184
184 2
2 176
176 21
21 174
174 20
20 182
182 44
44 139
139 37
37 126
126 54
54 119
119 52
52 116
116 74
74 84
65 137
137 39
39 142
142 50
50 161
161 23
23 158
158 84
84 90
90 78
78 113
113 65
135 80
80 99
99 76
76 86
86 57
57 126
126 65
65 100
100 55
55 135
36 172
172 30
30 146
146 36
136 69
69 128
128 40
40 149
149 48
48 130
130 26
26 153
153 38
38 151
151 37
37 170
170 29
29 133
133 32
32 152
152 36
36 136
57 156
156 33
33 166
166 40
40 133
133 49
49 139
139 54
54 136
136 57
144 56
56 186
186 34
34 159
159 54
54 149
149 42
42 148
148 26
26 144
106 100
100 78
78 116
116 68
68 106
67 108
108 61
61 125
125 47
47 103
103 60
60 115
115 101
101 89
89 104
104 90
90 102
102 96
96 106
106 67
67 121
121 72
72 126
126 70
70 107
107 67
124 78
78 118
118 74
74 127
127 79
79 133
133 112
112 126
126 81
81 92
92 99
99 91
91 130
130 64
64 119
119 94
94 114
114 116
116 87
87 97
97 95
95 75
75 131
131 60
60 124
155 60
60 159
159 41
41 141
141 22
22 195
195 8
8 173
173 15
15 178
178 29
29 171
171 50
50 145
145 43
43 146
146 62
62 136
136 100
100 113
113 83
83 124
124 67
67 144
144 32
32 138
138 25
25 177
177 46
46 166
166 57
57 135
135 59
59 134
134 51
51 155
96 115
115 75
75 105
105 96
110 113
113 118
118 96
96 110
68 153
153 83
83 122
122 110
110 97
97 134
134 65
65 129
129 81
81 140
140 87
87 135
135 68
68 156
156 60
60 161
161 62
62 147
147 63
63 136
136 68
1 225
225 3
3 213
213 5
5 214
214 25
25 162
162 19
19 150
150 47
47 173
173 24
24 179
179 38
38 170
170 64
64 136
136 85
85 105
105 131
131 110
110 137
137 75
75 144
144 82
82 92
92 107
107 133
133 126
126 142
142 61
61 120
120 86
86 143
143 68
68 155
155 53
53 223
223 1
13 189
189 16
16 176
176 13
168 40
40 170
170 62
62 169
169 49
49 146
146 55
55 192
192 37
37 191
191 6
6 199
199 42
42 163
163 22
22 168
152 79
79 169
169 66
66 132
132 74
74 157
157 43
43 151
151 70
70 152
47 202
202 42
42 217
217 10
10 254
254 3
3 229
229 7
7 220
220 2
2 201
201 36
36 164
164 39
39 162
162 111
111 107
107 122
122 104
104 117
117 89
89 120
120 71
71 136
136 78
78 152
152 56
56 166
166 47
33 188
188 23
23 178
178 39
39 172
172 60
60 173
173 56
56 158
158 70
70 154
154 51
51 138
138 89
89 140
140 93
93 123
123 109
109 114
114 99
99 105
105 125
125 96
96 132
132 77
77 139
139 85
85 152
152 110
110 164
164 73
73 161
161 67
67 170
170 47
47 168
168 33
26 209
209 15
15 225
225 9
9 203
203 11
11 190
190 23
23 197
197 46
46 182
182 28
28 174
174 26
91 140
140 94
94 123
123 105
105 106
106 108
108 91
139 113
113 157
157 95
95 98
98 119
119 120
120 130
130 92
92 150
150 109
109 128
128 90
90 138
138 59
59 165
165 85
85 156
156 105
105 139
167 55
55 177
177 30
30 181
181 19
19 176
176 51
51 222
222 22
22 200
200 8
8 220
220 11
11 242
242 18
18 185
185 17
17 193
193 23
23 205
205 12
12 229
229 4
4 201
201 32
32 167
26 212
212 6
6 210
210 23
23 196
196 28
28 187
187 30
30 184
184 35
35 180
180 53
53 167
167 103
103 58
58 145
145 99
99 178
178 48
48 151
151 104
104 124
124 101
101 134
134 114
114 119
119 106
106 139
139 91
91 163
163 43
43 197
197 26
201 30
30 205
205 28
28 209
209 32
32 213
213 15
15 224
224 14
14 210
210 16
16 201
195 27
27 207
207 19
19 201
201 37
37 194
194 31
31 190
190 40
40 171
171 55
55 172
172 49
49 230
230 26
26 195
33 201
201 29
29 196
196 62
62 171
171 70
70 167
167 54
54 179
179 41
41 198
198 27
27 220
220 49
49 185
185 43
43 195
195 33
231 16
16 228
228 17
17 199
199 38
38 200
200 33
33 208
208 13
13 231
208 44
44 206
206 20
20 236
236 4
4 237
237 14
14 241
241 9
9 227
227 6
6 246
246 29
29 240
240 34
34 213
213 35
35 208
76 167
167 73
73 183
183 66
66 184
184 52
52 148
148 76
39 189
189 65
65 162
162 76
76 153
153 75
75 181
181 39
41 204
204 24
24 193
193 56
56 191
191 41
226 30
30 207
207 41
41 194
194 39
39 190
190 64
64 208
208 37
37 209
209 55
55 205
205 36
36 214
214 27
27 226
1 276
276 25
25 238
238 28
28 226
226 15
15 231
231 1
146 91
91 141
141 72
72 186
186 57
57 176
176 78
78 184
184 106
106 138
138 135
135 134
134 115
115 165
165 88
88 136
136 77
77 146
141 96
96 143
143 93
93 141
59 160
160 81
81 167
167 77
77 158
158 97
97 141
141 107
107 131
131 128
128 123
123 117
117 152
152 101
101 183
183 104
104 173
173 67
67 168
168 61
61 148
148 59
91 193
193 47
47 188
188 53
53 182
182 67
67 175
175 45
45 195
195 48
48 238
238 26
26 244
244 20
20 215
215 35
35 220
220 41
41 213
213 63
63 148
148 93
93 150
150 98
98 169
169 157
157 122
122 156
156 91
177 72
72 171
171 81
81 161
161 91
91 151
151 69
69 147
147 86
86 155
155 107
107 144
144 94
94 180
180 59
59 176
176 60
60 177
52 197
197 70
70 177
177 100
100 146
146 89
89 190
190 52
58 204
204 45
45 201
201 58
68 149
149 134
134 138
138 115
115 141
141 143
143 112
112 140
140 108
108 169
169 102
102 148
148 68
203 103
103 195
195 60
60 219
219 54
54 206
206 68
68 168
168 82
82 147
147 71
71 205
205 58
58 174
174 50
50 214
214 52
52 203
237 45
45 240
240 31
31 212
212 72
72 187
187 57
57 203
203 46
46 224
224 22
22 248
248 18
18 246
246 27
27 263
263 2
2 247
247 12
12 237
23 301
301 34
34 268
268 16
16 234
234 37
37 259
259 22
22 237
237 39
39 255
255 9
9 257
257 42
42 211
211 23
196 73
73 177
177 77
77 189
189 50
50 230
230 65
65 191
191 66
66 194
194 82
82 209
209 59
59 196
23 228
228 53
53 199
199 40
40 215
215 70
70 202
202 61
61 192
192 69
69 196
196 48
48 287
287 15
15 241
241 35
35 227
227 10
10 249
249 5
5 247
247 4
4 251
251 11
11 260
260 33
33 221
221 23
235 23
23 216
216 21
21 235
96 177
177 92
92 149
149 119
119 148
148 133
133 128
128 150
150 96
247 29
29 261
261 18
18 257
257 10
10 247
38 236
236 36
36 228
228 58
58 234
234 89
89 181
181 140
140 116
116 124
124 129
129 149
149 94
94 154
154 114
114 145
145 112
112 161
161 95
95 216
216 59
59 239
239 13
13 233
233 30
30 283
283 2
2 272
272 17
17 247
247 26
26 241
241 41
41 263
263 47
47 211
211 44
44 225
225 52
52 232
232 19
19 251
251 21
21 245
245 48
48 201
201 57
57 217
217 74
74 172
172 119
119 155
155 96
96 167
167 91
91 196
196 84
84 185
185 71
71 229
229 43
43 231
231 38
172 146
146 130
130 142
142 128
128 158
158 114
114 175
175 91
91 172
132 161
161 120
120 132
124 153
153 123
123 132
132 124
85 184
184 102
102 174
174 85
50 210
210 80
80 201
201 85
85 188
188 98
98 159
159 116
116 145
145 124
124 147
147 99
99 172
172 79
79 206
206 64
64 204
204 88
88 200
200 50
67 199
199 60
60 214
214 56
56 226
226 32
32 218
218 59
59 236
236 79
79 210
210 81
81 179
179 78
78 191
191 67
67 208
208 85
85 212
212 64
64 207
207 78
78 192
192 67
160 124
124 159
159 101
101 160
228 91
91 181
181 90
90 162
162 132
132 145
145 131
131 160
160 134
134 168
168 109
109 180
180 95
95 194
194 71
71 217
217 69
69 220
220 55
55 228
1 270
270 8
8 253
253 6
6 250
250 19
19 273
273 81
81 228
228 73
73 211
211 67
67 231
231 50
50 233
233 38
38 235
235 1
163 117
117 151
151 93
93 162
162 108
108 163
105 182
182 95
95 185
185 99
99 202
202 87
87 170
170 97
97 201
201 122
122 163
163 105
105 174
174 139
139 135
135 145
145 144
144 147
147 150
150 167
167 105
83 205
205 98
98 197
197 82
82 215
215 72
72 221
221 78
78 208
208 105
105 173
173 113
113 171
171 83
115 176
176 118
118 177
177 101
101 166
166 115
74 244
244 41
41 249
249 75
75 241
241 65
65 233
233 90
90 190
190 102
102 197
197 113
113 174
174 109
109 194
194 115
115 179
179 119
119 175
175 149
149 131
131 152
152 133
133 151
151 129
129 141
141 127
127 187
187 76
76 231
231 74
243 74
74 219
219 80
80 211
211 83
83 198
198 66
66 243
108 185
185 110
110 195
195 131
131 182
182 107
107 178
178 108
153 128
128 154
154 142
142 141
141 177
177 121
121 175
175 127
127 153
152 183
183 112
112 164
164 130
130 153
153 152
184 97
97 191
191 92
92 199
199 136
136 154
154 155
155 144
144 151
151 176
176 161
161 152
152 135
135 162
162 94
94 184
92 213
213 132
132 164
164 144
144 160
160 138
138 209
209 119
119 181
181 114
114 178
178 109
109 221
221 83
83 217
217 77
77 204
204 92
225 62
62 223
223 54
54 225
247 44
44 266
266 27
27 247
1 269
269 18
18 272
272 7
7 310
310 4
4 262
262 9
9 276
276 3
3 314
314 28
28 247
247 49
49 224
224 66
66 225
225 92
92 200
200 95
95 210
210 118
118 184
184 108
108 188
188 100
100 192
192 86
86 243
243 13
13 264
264 1
254 31
31 280
280 3
3 312
312 12
12 254
19 254
254 46
46 237
237 24
24 252
252 19
80 276
276 11
11 284
284 19
19 265
265 9
9 288
288 35
35 246
246 73
73 229
229 80
50 263
263 64
64 223
223 70
70 274
274 40
40 278
278 27
27 277
277 5
5 279
279 14
14 306
306 17
17 285
285 37
37 246
246 52
52 286
286 2
2 302
302 19
19 319
319 29
29 260
260 60
60 203
203 84
84 262
262 71
71 251
251 50
10 293
293 6
6 258
258 10
2 313
313 3
3 308
308 11
11 290
290 24
24 256
256 20
20 273
273 23
23 254
254 44
44 295
295 9
9 270
270 33
33 261
261 39
39 271
271 18
18 288
288 10
10 300
300 2
100 252
252 78
78 231
231 82
82 235
235 43
43 299
299 6
6 325
325 2
2 289
289 13
13 253
253 50
50 237
237 80
80 226
226 100
253 41
41 248
248 55
55 222
222 57
57 218
218 69
69 236
236 72
72 242
242 30
30 253
255 48
48 273
273 21
21 291
291 14
14 289
289 26
26 254
254 41
41 255
178 145
145 148
148 147
147 154
154 143
143 169
169 141
141 158
158 175
175 139
139 185
185 134
134 165
165 129
129 178
94 246
246 56
56 240
240 86
86 208
208 94
88 241
241 84
84 225
225 94
94 217
217 97
97 204
204 112
112 226
226 85
85 223
223 88
266 49
49 259
259 48
48 269
269 39
39 268
268 56
56 256
256 32
32 281
281 21
21 289
289 47
47 266
36 270
270 67
67 247
247 36
87 257
257 20
20 264
264 31
31 260
260 58
58 286
286 56
56 297
297 51
51 270
270 74
74 254
254 38
38 298
298 41
41 304
304 36
36 319
319 45
45 249
249 43
43 267
267 48
48 266
266 70
70 248
248 88
88 239
239 68
68 224
224 96
96 190
190 111
111 166
166 159
159 148
148 162
162 165
165 156
156 154
154 153
153 178
178 116
116 232
232 57
57 255
255 73
73 250
250 65
65 253
253 103
103 228
228 105
105 229
229 100
100 214
214 104
104 189
189 130
130 196
196 117
117 207
207 101
101 211
211 87
187 166
166 125
125 190
190 114
114 195
195 127
127 186
186 93
93 239
239 168
168 144
144 174
174 129
129 187
191 128
128 171
171 147
147 180
180 141
141 206
206 114
114 201
201 129
129 188
188 137
137 213
213 113
113 204
204 107
107 208
208 95
95 217
217 138
138 164
164 170
170 153
153 187
187 135
135 192
192 121
121 199
199 109
109 191
106 197
197 134
134 191
191 106
198 121
121 225
225 99
99 198
272 59
59 258
258 53
53 290
290 15
15 339
339 24
24 314
314 5
5 309
309 26
26 323
323 38
38 279
279 7
7 294
294 30
30 272
80 272
272 33
33 280
280 32
32 275
275 76
76 234
234 82
82 248
248 80
249 80
80 261
261 58
58 266
266 62
62 249
66 245
245 85
85 227
227 54
54 313
313 20
20 284
284 79
79 251
251 90
90 249
249 57
57 240
240 108
108 198
198 106
106 215
215 87
87 233
233 66
307 21
21 292
292 39
39 322
322 10
10 309
309 9
9 307
121 210
210 102
102 211
211 107
107 214
214 134
134 230
230 94
94 262
262 108
108 268
268 46
46 302
302 23
23 307
307 68
68 259
259 73
73 258
258 61
61 237
237 69
69 240
240 124
124 201
201 121
171 175
175 162
162 151
151 179
179 133
133 171
164 179
179 175
175 188
188 150
150 211
211 135
135 191
191 137
137 204
204 177
177 156
156 172
172 187
187 171
171 153
153 180
180 158
158 206
206 152
152 164
178 172
172 173
173 157
157 178
186 178
178 164
164 142
142 186
217 109
109 215
215 190
190 126
126 202
202 140
140 193
193 120
120 208
208 116
116 236
236 131
131 197
197 137
137 203
203 125
125 195
195 143
143 186
186 141
141 199
199 123
123 205
205 117
117 239
239 121
121 200
200 93
93 238
238 106
106 217
318 17
17 340
340 49
49 267
267 69
69 270
270 62
62 291
291 31
31 312
312 15
15 318
1 303
303 22
22 288
288 52
52 318
318 30
30 307
307 56
56 298
298 42
42 265
265 61
61 295
295 46
46 280
280 48
48 275
275 93
93 224
224 127
127 198
198 130
130 210
210 122
122 208
208 128
128 216
216 107
107 228
228 148
148 186
186 149
149 193
193 161
161 191
191 158
158 181
181 145
145 217
217 119
119 244
244 77
77 245
245 86
86 269
269 63
63 277
277 57
57 264
264 66
66 296
296 1
306 40
40 301
301 47
47 292
292 27
27 284
284 33
33 309
309 19
19 303
303 6
6 315
315 23
23 306
329 21
21 315
315 52
52 304
304 66
66 267
267 50
50 306
306 51
51 310
310 32
32 330
330 14
14 329
62 303
303 48
48 300
300 37
37 289
289 93
93 298
298 62
62 309
309 44
44 279
279 43
43 305
305 62
282 25
25 294
294 33
33 328
328 12
12 320
320 7
7 282
271 75
75 260
260 73
73 273
273 78
78 277
277 65
65 279
279 63
63 284
284 50
50 292
292 57
57 285
285 60
60 282
282 43
43 316
316 16
16 317
317 62
62 271
223 102
102 285
285 69
69 271
271 87
87 223
212 153
153 189
189 144
144 212
169 181
181 174
174 193
193 157
157 199
199 145
145 197
197 133
133 215
215 162
162 183
183 160
160 169
98 219
219 133
133 205
205 161
161 207
207 149
149 214
214 155
155 201
201 163
163 169
169 212
212 101
101 218
218 98
231 98
98 250
250 82
82 283
283 43
43 308
308 84
84 261
261 100
100 233
233 99
99 227
227 95
95 223
223 97
97 231
287 75
75 293
293 54
54 278
278 67
67 281
281 72
72 287
160 213
213 144
144 200
200 150
150 192
192 158
158 194
194 160
224 102
102 242
242 113
113 238
238 104
104 265
265 115
115 255
255 80
80 251
251 86
86 247
247 83
83 271
271 114
114 223
223 107
107 233
233 160
160 202
202 142
142 208
208 125
125 221
221 120
120 249
249 126
126 244
244 124
124 252
252 101
101 224
71 284
284 132
132 219
219 111
111 241
241 96
96 243
243 92
92 247
247 117
117 237
237 116
116 224
224 123
123 232
232 129
129 222
222 119
119 272
272 90
90 280
280 76
76 287
287 77
77 256
256 112
112 218
218 138
138 231
231 91
91 274
274 71
326 16
16 384
384 8
8 342
342 12
12 355
355 10
10 361
361 14
14 338
338 54
54 294
294 50
50 301
301 65
65 309
309 71
71 286
286 79
79 329
329 13
13 326
36 323
323 46
46 299
299 59
59 338
338 28
28 337
337 6
6 327
327 4
4 321
321 44
44 346
346 9
9 325
325 18
18 334
334 15
15 320
320 36
1 364
364 24
24 344
344 36
36 328
328 34
34 311
311 19
19 331
331 17
17 326
326 1
103 261
261 99
99 247
247 98
98 259
259 92
92 256
256 103
82 277
277 110
110 256
256 142
142 234
234 136
136 242
242 104
104 253
253 116
116 257
257 103
103 300
300 91
91 260
260 82
1 359
359 26
26 334
334 40
40 314
314 76
76 301
301 60
60 292
292 58
58 278
278 55
55 275
275 82
82 264
264 89
89 251
251 106
106 267
267 73
73 270
270 70
70 311
311 68
68 332
332 3
3 348
348 1
378 10
10 364
364 6
6 350
350 15
15 342
342 13
13 359
359 7
7 378
254 135
135 229
229 109
109 240
240 136
136 237
237 118
118 218
218 137
137 219
219 139
139 226
226 119
119 246
246 105
105 260
260 97
97 254
167 198
198 175
175 183
183 197
197 167
130 228
228 140
140 226
226 141
141 209
209 143
143 203
203 147
147 182
182 156
156 195
195 154
154 185
185 199
199 167
167 202
202 169
169 170
170 176
176 165
165 189
189 173
173 208
208 146
146 227
227 130
254 130
130 246
246 122
122 236
236 138
138 220
220 128
128 254
83 288
288 102
102 247
247 131
131 253
253 121
121 249
249 136
136 254
254 83
181 198
198 176
176 181
208 197
197 188
188 213
213 164
164 180
180 191
191 181
181 208
165 200
200 179
179 187
187 185
185 165
195 171
171 235
235 111
111 265
265 153
153 224
224 165
165 195
216 182
182 195
195 180
180 192
192 191
191 208
208 183
183 184
184 159
159 223
223 146
146 216
120 255
255 161
161 216
216 156
156 237
237 147
147 243
243 120
333 20
20 342
342 18
18 333
333 22
22 327
327 84
84 309
309 66
66 342
342 21
21 333
2 349
349 23
23 333
333 2
25 347
347 18
18 343
343 33
33 331
331 44
44 337
337 34
34 348
348 28
28 344
344 31
31 345
345 25
314 53
53 333
333 27
27 325
325 19
19 362
362 25
25 357
357 16
16 363
363 12
12 367
367 15
15 423
423 11
11 353
353 54
54 352
352 17
17 350
350 13
13 360
360 2
2 374
374 32
32 312
312 47
47 308
308 58
58 328
328 38
38 326
326 50
50 314
63 304
304 85
85 314
314 80
80 286
286 110
110 280
280 96
96 248
248 104
104 245
245 120
120 261
261 127
127 258
258 95
95 264
264 83
83 270
270 115
115 292
292 64
64 294
294 63
63 297
297 57
57 306
306 78
78 279
279 86
86 286
286 96
96 295
295 63
215 178
178 200
200 170
170 215
105 274
274 99
99 278
278 98
98 299
299 79
79 293
293 109
109 267
267 124
124 257
257 121
121 283
283 95
95 275
275 174
174 223
223 197
197 209
209 181
181 248
248 122
122 270
270 105
112 297
297 101
101 273
273 115
115 295
295 113
113 266
266 117
117 278
278 105
105 247
247 148
148 234
234 145
145 210
210 198
198 215
215 134
134 256
256 136
136 268
268 112
214 173
173 194
194 206
206 170
170 214
219 162
162 217
217 164
164 216
216 175
175 226
226 143
143 219
150 231
231 152
152 219
219 180
180 214
214 150
257 143
143 230
230 144
144 221
221 150
150 242
242 146
146 225
225 193
193 185
185 205
205 207
207 191
191 211
211 154
154 236
236 140
140 257
260 149
149 229
229 141
141 238
238 139
139 247
247 152
152 257
257 142
142 265
265 129
129 275
275 112
112 260
103 269
269 125
125 240
240 128
128 233
233 166
166 217
217 204
204 159
159 231
231 155
155 232
232 144
144 260
260 119
119 264
264 103
322 75
75 294
294 111
111 262
262 120
120 272
272 144
144 246
246 141
141 271
271 108
108 298
298 103
103 305
305 72
72 306
306 60
60 307
307 42
42 319
319 48
48 327
327 63
63 322
64 324
324 45
45 346
346 58
58 318
318 61
61 310
310 59
59 302
302 98
98 308
308 93
93 291
291 83
83 277
277 88
88 287
287 82
82 301
301 90
90 315
315 64
1 429
429 15
15 420
420 2
2 366
366 4
4 383
383 23
23 376
376 24
24 367
367 29
29 353
353 40
40 335
335 22
22 369
369 16
16 374
374 3
3 373
373 25
25 397
397 39
39 339
339 37
37 317
317 69
69 307
307 77
77 311
311 81
81 279
279 108
108 281
281 139
139 255
255 147
147 273
273 124
124 308
308 101
101 299
299 103
103 320
320 41
41 358
358 20
20 354
354 38
38 351
351 51
51 330
330 43
43 321
321 64
64 322
322 55
55 378
378 1
34 350
350 27
27 355
355 41
41 354
354 22
22 341
341 34
353 46
46 368
368 21
21 375
375 4
4 415
415 19
19 372
372 12
12 370
370 40
40 356
356 31
31 353
70 302
302 111
111 323
323 57
57 359
359 35
35 353
353 44
44 335
335 61
61 330
330 62
62 318
318 71
71 332
332 82
82 289
289 70
279 144
144 275
275 143
143 286
286 88
88 279
189 229
229 156
156 238
238 166
166 255
255 196
196 200
200 189
221 172
172 225
225 186
186 216
216 189
189 237
237 164
164 227
227 154
154 224
224 159
159 221
240 166
166 254
254 155
155 241
241 156
156 236
236 158
158 230
230 179
179 251
251 167
167 228
228 170
170 221
221 205
205 247
247 178
178 217
217 169
169 249
249 138
138 240
280 125
125 272
272 126
126 270
270 147
147 258
258 151
151 240
240 140
140 253
253 152
152 256
256 137
137 268
268 142
142 308
308 136
136 259
259 118
118 280
50 364
364 18
18 401
401 12
12 388
388 7
7 387
387 14
14 370
370 21
21 374
374 20
20 360
360 42
42 326
326 80
80 316
316 100
100 284
284 118
118 262
262 123
123 280
280 117
117 279
279 92
92 335
335 59
59 339
339 45
45 337
337 50
343 50
50 363
363 63
63 345
345 94
94 296
296 70
70 358
358 54
54 357
357 34
34 380
380 10
10 395
395 30
30 343
340 70
70 310
310 83
83 337
337 64
64 333
333 56
56 340
311 96
96 296
296 113
113 300
300 106
106 294
294 140
140 261
261 138
138 268
268 156
156 256
256 162
162 262
262 121
121 314
314 90
90 324
324 77
77 332
332 85
85 311
108 303
303 104
104 276
276 112
112 299
299 108
108 319
319 111
111 306
306 109
109 316
316 108
330 77
77 327
327 52
52 351
351 50
50 347
347 61
61 336
336 72
72 321
321 47
47 326
326 60
60 338
338 110
110 354
354 46
46 374
374 28
28 360
360 70
70 342
342 83
83 322
322 92
92 302
302 89
89 277
277 129
129 274
274 121
121 295
295 118
118 298
298 114
114 282
282 67
67 330
74 339
339 66
66 318
318 120
120 313
313 98
98 309
309 88
88 333
333 117
117 321
321 78
78 310
310 119
119 292
292 132
132 287
287 135
135 263
263 122
122 312
312 74
261 214
214 181
181 219
219 184
184 202
202 187
187 194
194 220
220 206
206 216
216 188
188 218
218 173
173 221
221 191
191 256
256 169
169 261
187 248
248 185
185 201
201 208
208 200
200 219
219 199
199 213
213 207
207 238
238 159
159 230
230 187
330 91
91 356
356 97
97 307
307 113
113 304
304 148
148 272
272 142
142 271
271 177
177 235
235 187
187 261
261 145
145 263
263 150
150 269
269 107
107 291
291 125
125 292
292 129
129 285
285 115
115 303
303 114
114 301
301 86
86 317
317 74
74 330
92 331
331 96
96 324
324 92
36 381
381 9
9 365
365 52
52 341
341 84
84 337
337 92
92 330
330 93
93 329
329 108
108 311
311 79
79 328
328 68
68 362
362 57
57 340
340 73
73 343
343 55
55 348
348 36
1 405
405 18
18 366
366 36
36 385
385 1
325 118
118 296
296 105
105 289
289 122
122 341
341 53
53 334
334 48
48 349
349 62
62 336
336 75
75 339
339 81
81 325
277 168
168 242
242 179
179 239
239 158
158 257
257 155
155 265
265 164
164 277
266 146
146 244
244 237
237 200
200 213
213 212
212 277
277 124
124 279
279 130
130 307
307 104
104 310
310 123
123 266
170 234
234 160
160 253
253 190
190 222
222 173
173 255
255 179
179 244
244 165
165 231
231 170
175 255
255 190
190 257
257 183
183 230
230 175
170 279
279 126
126 302
302 102
102 328
328 100
100 318
318 113
113 316
316 160
160 241
241 175
175 234
234 197
197 235
235 181
181 223
223 202
202 220
220 199
199 236
236 157
157 210
210 176
176 233
233 170
138 267
267 159
159 259
259 170
170 264
264 138
121 315
315 105
105 310
310 115
115 297
297 121
201 228
228 172
172 224
224 213
213 201
231 212
212 230
230 193
193 232
232 188
188 223
223 218
218 217
217 228
228 208
208 225
225 199
199 242
242 172
172 231
266 158
158 245
245 193
193 248
248 225
225 213
213 229
229 204
204 221
221 231
231 180
180 227
227 215
215 201
201 210
210 171
171 250
250 131
131 304
304 121
121 284
284 133
133 283
283 147
147 293
293 138
138 266
227 189
189 241
241 176
176 224
224 243
243 184
184 227
259 197
197 245
245 181
181 259
227 228
228 221
221 219
219 209
209 259
259 194
194 195
195 227
157 263
263 199
199 255
255 227
227 211
211 210
210 252
252 157
90 358
358 72
72 351
351 61
61 367
367 79
79 368
368 54
54 374
374 50
50 365
365 46
46 372
372 99
99 317
317 151
151 278
278 153
153 272
272 150
150 275
275 169
169 269
269 155
155 268
268 152
152 258
258 157
157 266
266 116
116 327
327 90
21 379
379 3
3 392
392 44
44 360
360 37
37 371
371 33
33 397
397 77
77 352
352 64
64 350
350 43
43 344
344 53
53 375
375 78
78 347
347 60
60 334
334 90
90 325
325 67
67 346
346 92
92 345
345 71
71 366
366 27
27 387
387 16
16 377
377 21
5 407
407 25
25 379
379 34
34 383
383 5
6 431
431 3
3 419
419 16
16 405
405 23
23 389
389 9
9 422
422 5
5 391
391 6
361 58
58 357
357 67
67 377
377 48
48 360
360 53
53 361
95 329
329 101
101 335
335 100
100 368
368 83
83 353
353 71
71 350
350 88
88 322
322 95
139 288
288 146
146 283
283 143
143 285
285 139
105 324
324 120
120 329
329 104
104 320
320 105
31 441
441 5
5 427
427 31
386 26
26 369
369 29
29 433
433 31
31 376
376 41
41 373
373 105
105 317
317 146
146 300
300 140
140 311
311 125
125 298
298 139
139 309
309 103
103 339
339 95
95 346
346 81
81 352
352 80
80 349
349 84
84 361
361 47
47 384
384 36
36 382
382 13
13 394
394 34
34 393
393 45
45 403
403 6
6 451
451 24
24 404
404 28
28 390
390 21
21 386
102 337
337 98
98 358
358 117
117 339
339 111
111 320
320 107
107 330
330 101
101 340
340 115
115 322
322 102
161 263
263 162
162 258
258 161
161 270
270 200
200 251
251 195
195 250
250 185
185 262
262 179
179 273
273 158
158 271
271 184
184 260
260 161
280 141
141 274
274 162
162 270
270 173
173 267
267 154
154 276
276 116
116 310
310 109
109 318
318 126
126 306
306 131
131 292
292 133
133 329
329 136
136 339
339 128
128 280
280 181
181 253
253 163
163 278
278 154
154 286
286 150
150 283
283 152
152 280
161 294
294 156
156 280
280 161
159 280
280 173
173 283
283 161
161 285
285 155
155 272
272 159
189 262
262 187
187 249
249 223
223 205
205 234
234 189
203 274
274 145
145 297
297 141
141 299
299 152
152 289
289 134
134 295
295 137
137 287
287 157
157 284
284 153
153 282
282 171
171 263
263 178
178 288
288 167
167 254
254 189
189 269
269 207
207 247
247 206
206 233
233 203
212 234
234 218
218 253
253 221
221 255
255 203
203 232
232 212
220 247
247 212
212 256
256 208
208 236
236 220
68 348
348 74
74 336
336 85
85 338
338 108
108 334
334 68
68 384
384 49
49 355
355 68
379 41
41 392
392 14
14 400
400 36
36 404
404 33
33 379
359 74
74 375
375 58
58 395
395 35
35 421
421 34
34 398
398 20
20 460
460 4
4 402
402 42
42 379
379 38
38 380
380 40
40 381
381 71
71 378
378 70
70 374
374 68
68 370
370 52
52 369
369 98
98 360
360 72
72 359
89 361
361 96
96 333
333 89
387 49
49 398
398 45
45 405
405 36
36 422
422 14
14 406
406 44
44 397
397 64
64 385
385 50
50 412
412 10
10 391
391 41
41 387
402 54
54 387
387 38
38 408
408 37
37 376
376 65
65 371
371 47
47 383
383 43
43 417
417 13
13 402
51 396
396 27
27 416
416 35
35 402
402 9
9 411
411 26
26 399
399 75
75 357
357 80
80 367
367 88
88 352
352 89
89 351
351 85
85 359
359 115
115 368
368 123
123 313
313 122
122 291
291 154
154 287
287 171
171 285
285 183
183 271
271 178
178 267
267 189
189 266
266 194
194 262
262 198
198 244
244 215
215 249
249 228
228 242
242 220
220 217
217 238
238 209
209 239
239 180
180 283
283 174
174 308
308 159
159 335
335 104
104 332
332 102
102 326
326 69
69 363
363 51
8 418
418 27
27 401
401 41
41 416
416 33
33 410
410 8
8 426
426 9
9 415
415 8
409 21
21 465
465 8
8 409
445 18
18 418
418 17
17 409
409 12
12 445
1 494
494 8
8 479
479 5
5 452
452 28
28 457
457 13
13 445
445 59
59 397
397 60
60 372
372 51
51 386
386 1
456 28
28 455
455 27
27 424
424 14
14 432
432 15
15 431
431 11
11 456
51 415
415 46
46 404
404 70
70 379
379 61
61 387
387 65
65 383
383 51
51 412
412 60
60 401
401 51
435 51
51 423
423 23
23 435
429 35
35 420
420 16
16 438
438 20
20 467
467 6
6 440
440 7
7 429
21 429
429 30
30 407
407 29
29 399
399 38
38 435
435 10
10 426
426 21
1 468
468 15
15 454
454 11
11 446
446 30
30 436
436 21
21 460
460 27
27 456
456 3
3 447
447 9
9 439
439 12
12 434
434 1
1 458
458 9
9 453
453 1
264 230
230 236
236 219
219 224
224 201
201 264
281 205
205 235
235 218
218 248
248 206
206 257
257 212
212 264
264 192
192 258
258 185
185 282
282 181
181 286
286 164
164 281
343 134
134 296
296 150
150 293
293 199
199 271
271 203
203 283
283 195
195 269
269 193
193 254
254 176
176 270
270 172
172 281
281 124
124 313
313 127
127 323
323 114
114 338
338 93
93 343
240 229
229 250
250 252
252 223
223 261
261 218
218 274
274 209
209 240
139 312
312 130
130 314
314 144
144 330
330 121
121 305
305 147
147 307
307 139
331 139
139 358
358 128
128 355
355 95
95 347
347 108
108 361
361 94
94 351
351 107
107 333
333 101
101 331
135 298
298 141
141 323
323 144
144 354
354 120
120 331
331 137
137 304
304 173
173 294
294 211
211 244
244 220
220 254
254 215
215 251
251 257
257 217
217 233
233 234
234 240
240 219
219 279
279 177
177 285
285 180
180 296
296 135
72 365
365 84
84 363
363 72
315 166
166 298
298 191
191 278
278 198
198 268
268 182
182 286
286 188
188 260
260 190
190 307
307 158
158 340
340 102
102 373
373 56
56 376
376 63
63 369
369 72
72 362
362 125
125 317
317 133
133 315
126 334
334 109
109 344
344 103
103 326
326 126
86 353
353 90
90 349
349 86
302 161
161 295
295 162
162 304
304 155
155 290
290 143
143 319
319 113
113 345
345 111
111 347
347 134
134 357
357 90
90 369
369 69
69 399
399 63
63 406
406 76
76 365
365 85
85 385
385 86
86 342
342 126
126 324
324 148
148 306
306 141
141 315
315 135
135 302
301 171
171 303
303 153
153 302
302 132
132 301
233 236
236 232
232 216
216 241
241 224
224 239
239 234
234 262
262 217
217 259
259 223
223 264
264 226
226 233
220 253
253 232
232 243
243 234
234 249
249 261
261 233
233 246
246 220
145 313
313 171
171 342
342 121
121 333
333 113
113 337
337 106
106 348
348 91
91 352
352 122
122 331
331 141
141 317
317 143
143 314
314 157
157 297
297 208
208 268
268 220
220 256
256 229
229 263
263 196
196 273
273 182
182 284
284 187
187 295
295 163
163 305
305 129
129 320
320 150
150 301
301 145
156 324
324 149
149 292
292 184
184 284
284 213
213 269
269 210
210 222
222 265
265 190
190 286
286 187
187 288
288 189
189 276
276 175
175 312
312 140
140 309
309 156
352 138
138 347
347 113
113 336
336 109
109 351
351 114
114 363
363 93
93 359
359 101
101 352
371 88
88 402
402 93
93 364
364 97
97 369
369 94
94 370
370 104
104 359
359 102
102 352
352 118
118 328
328 135
135 325
325 156
156 310
310 132
132 332
332 141
141 339
339 145
145 343
343 82
82 375
375 83
83 384
384 81
81 378
378 87
87 371
393 55
55 391
391 22
22 409
409 43
43 393
66 382
382 58
58 389
389 32
32 394
394 48
48 407
407 39
39 400
400 62
62 388
388 61
61 433
433 49
49 392
392 53
53 404
404 50
50 425
425 29
29 409
409 41
41 408
408 54
54 429
429 69
69 393
393 56
56 381
381 103
103 369
369 113
113 396
396 101
101 376
376 97
97 371
371 66
189 301
301 164
164 293
293 189
176 297
297 169
169 305
305 180
180 287
287 176
315 188
188 291
291 176
176 303
303 174
174 302
302 163
163 309
309 189
189 292
292 177
177 280
280 179
179 290
290 170
170 315
228 269
269 215
215 260
260 216
216 267
267 192
192 272
272 190
190 288
288 203
203 280
280 214
214 266
266 228
290 186
186 285
285 181
181 290
194 302
302 218
218 285
285 194
196 291
291 194
194 272
272 206
206 290
290 228
228 259
259 224
224 258
258 202
202 245
245 239
239 246
246 244
244 234
234 265
265 232
232 270
270 196
275 202
202 301
301 193
193 309
309 174
174 304
304 192
192 299
299 213
213 294
294 196
196 281
281 178
178 275
91 372
372 106
106 359
359 133
133 318
318 151
151 331
331 127
127 344
344 112
112 351
351 147
147 326
326 143
143 328
328 161
161 319
319 170
170 347
347 154
154 314
314 196
196 303
303 206
206 275
275 172
172 315
315 153
153 321
321 131
131 353
353 91
82 395
395 61
61 398
398 64
64 403
403 48
48 455
455 36
36 413
413 57
57 380
380 68
68 427
427 29
29 447
447 56
56 404
404 63
63 405
405 94
94 378
378 91
91 388
388 92
92 350
350 82
391 89
89 366
366 82
82 391
73 383
383 74
74 415
415 55
55 419
419 47
47 400
400 71
71 389
389 108
108 352
352 116
116 336
336 132
132 361
361 109
109 377
377 73
44 443
443 33
33 432
432 44
219 295
295 199
199 308
308 176
176 319
319 175
175 314
314 155
155 333
333 140
140 316
316 173
173 305
305 198
198 291
291 207
207 276
276 197
197 278
278 219
340 164
164 321
321 163
163 340
317 171
171 328
328 159
159 311
311 176
176 340
340 160
160 331
331 182
182 365
365 80
80 382
382 97
97 378
378 102
102 385
385 109
109 371
371 111
111 352
352 155
155 317
271 226
226 287
287 217
217 271
248 236
236 262
262 246
246 255
255 267
267 225
225 271
271 200
200 298
298 228
228 311
311 190
190 317
317 210
210 281
281 219
219 248
313 181
181 297
297 209
209 291
291 215
215 299
299 199
199 306
306 192
192 305
305 195
195 286
286 230
230 269
269 244
244 258
258 231
231 254
254 240
240 247
247 248
248 234
234 302
302 214
214 284
284 185
185 300
300 178
178 339
339 169
169 329
329 152
152 313
326 174
174 313
313 168
168 348
348 135
135 349
349 126
126 356
356 149
149 326
326 218
218 324
324 163
163 326
404 80
80 460
460 26
26 414
414 83
83 382
382 82
82 367
367 118
118 360
360 112
112 350
350 146
146 322
322 119
119 327
327 185
185 331
331 178
178 326
326 151
151 351
351 134
134 362
362 133
133 383
383 78
78 408
408 50
50 459
459 30
30 456
456 44
44 411
411 67
67 387
387 74
74 404
66 414
414 50
50 413
413 41
41 418
418 74
74 393
393 106
106 378
378 111
111 408
408 125
125 379
379 114
114 392
392 79
79 404
404 73
73 406
406 86
86 391
391 66
79 397
397 85
85 393
393 79
394 105
105 410
410 68
68 413
413 79
79 414
414 78
78 394
87 403
403 81
81 387
387 87
352 145
145 344
344 144
144 380
380 126
126 390
390 87
87 395
395 109
109 389
389 84
84 429
429 57
57 430
430 39
39 428
428 37
37 421
421 68
68 417
417 105
105 397
397 95
95 374
374 124
124 373
373 121
121 352
130 366
366 131
131 352
352 127
127 341
341 130
440 70
70 430
430 64
64 412
412 87
87 393
393 91
91 381
381 118
118 368
368 142
142 390
390 131
131 377
377 130
130 336
336 140
140 353
353 134
134 361
361 138
138 376
376 120
120 394
394 66
66 438
438 21
21 452
452 14
14 453
453 23
23 440
40 447
447 72
72 407
407 62
62 401
401 89
89 395
395 91
91 400
400 106
106 399
399 104
104 403
403 92
92 411
411 63
63 422
422 42
42 445
445 40
19 458
458 2
2 494
494 39
39 444
444 7
7 464
464 4
4 461
461 14
14 466
466 40
40 420
420 41
41 440
440 19
437 49
49 444
444 46
46 434
434 31
31 437
19 471
471 12
12 477
477 11
11 464
464 30
30 485
485 17
17 426
426 42
42 437
437 32
32 424
424 43
43 431
431 29
29 442
442 19
88 401
401 84
84 412
412 118
118 395
395 96
96 364
364 100
100 393
393 88
446 66
66 418
418 88
88 398
398 65
65 422
422 80
80 419
419 60
60 440
440 51
51 450
450 10
10 448
448 31
31 446
1 476
476 63
63 472
472 25
25 439
439 71
71 425
425 60
60 448
448 29
29 467
467 36
36 482
482 7
7 470
470 69
69 441
441 50
50 416
416 52
52 446
446 46
46 458
458 23
23 480
480 22
22 491
491 41
41 478
478 48
48 435
435 45
45 420
420 74
74 461
461 21
21 463
463 19
19 462
462 1
1 486
486 5
5 484
484 9
9 468
468 26
26 479
479 19
19 473
473 25
25 481
481 1
487 12
12 484
484 6
6 487
465 34
34 466
466 37
37 449
449 18
18 495
495 2
2 496
496 4
4 486
486 27
27 465
176 336
336 143
143 349
349 137
137 337
337 172
172 322
322 150
150 325
325 157
157 333
333 176
191 326
326 186
186 327
327 129
129 373
373 153
153 332
332 175
175 335
335 162
162 333
333 173
173 322
322 191
338 148
148 345
345 129
129 338
191 342
342 172
172 349
349 157
157 358
358 144
144 377
377 162
162 338
338 192
192 327
327 191
364 115
115 385
385 124
124 381
381 100
100 367
367 112
112 364
165 316
316 181
181 364
364 135
135 355
355 191
191 315
315 183
183 328
328 184
184 293
293 165
136 369
369 128
128 368
368 156
156 341
341 136
176 353
353 174
174 343
343 166
166 351
351 152
152 368
368 177
177 319
319 183
183 321
321 180
180 341
341 163
163 325
325 168
168 330
330 170
170 329
329 181
181 355
355 136
136 334
334 165
165 386
386 103
103 400
400 132
132 352
352 141
141 337
337 176
359 140
140 361
361 160
160 345
345 176
176 371
371 113
113 391
391 90
90 382
382 119
119 359
384 119
119 395
395 120
120 405
405 100
100 384
91 401
401 107
107 367
367 147
147 356
356 154
154 387
387 121
121 395
395 130
130 384
384 111
111 398
398 91
47 428
428 76
76 444
444 54
54 420
420 52
52 432
432 91
91 407
407 98
98 415
415 85
85 417
417 151
151 344
344 158
158 354
354 167
167 346
346 129
129 359
359 149
149 363
363 138
138 409
409 82
82 424
424 47
21 495
495 33
33 456
456 72
72 451
451 56
56 457
457 44
44 462
462 21
431 90
90 404
404 81
81 431
421 86
86 427
427 78
78 416
416 82
82 431
431 62
62 435
435 57
57 432
432 89
89 419
419 88
88 440
440 64
64 436
436 76
76 470
470 24
24 464
464 21
21 473
473 50
50 447
447 43
43 445
445 52
52 443
443 85
85 421
73 436
436 74
74 438
438 100
100 412
412 94
94 419
419 128
128 395
395 122
122 414
414 161
161 377
377 154
154 362
362 163
163 369
369 157
157 350
350 129
129 374
374 117
117 403
403 159
159 394
394 123
123 388
388 121
121 421
421 61
61 448
448 79
79 418
418 73
145 390
390 143
143 402
402 112
112 399
399 131
131 392
392 136
136 370
370 144
144 374
374 145
141 360
360 150
150 352
352 139
139 399
399 133
133 378
378 110
110 389
389 145
145 357
357 141
245 238
238 276
276 212
212 268
268 222
222 245
242 249
249 236
236 251
251 237
237 260
260 221
221 285
285 233
233 264
264 229
229 268
268 245
245 242
222 283
283 239
239 266
266 254
254 303
303 213
213 321
321 199
199 314
314 179
179 289
289 223
223 273
273 222
253 252
252 280
280 235
235 253
256 255
255 253
253 247
247 256
250 261
261 256
256 307
307 200
200 306
306 203
203 304
304 222
222 272
272 225
225 285
285 248
248 260
260 241
241 251
251 263
263 234
234 250
243 265
265 253
253 296
296 212
212 358
358 192
192 340
340 225
225 282
282 241
241 272
272 226
226 273
273 250
250 242
242 243
400 149
149 382
382 137
137 370
370 164
164 359
359 168
168 352
352 172
172 348
348 199
199 340
340 198
198 329
329 202
202 278
278 244
244 273
273 246
246 274
274 243
243 327
327 201
201 361
361 141
141 372
372 146
146 400
416 106
106 401
401 123
123 414
414 148
148 357
357 158
158 400
400 121
121 437
437 78
78 428
428 84
84 406
406 108
108 420
420 58
58 423
423 55
55 456
456 53
53 458
458 68
68 452
452 83
83 416
487 85
85 452
452 70
70 443
443 101
101 478
478 49
49 471
471 44
44 496
496 9
9 494
494 30
30 486
486 55
55 426
426 93
93 411
411 114
114 424
424 98
98 422
422 96
96 417
417 122
122 416
416 92
92 432
432 73
73 468
468 14
14 474
474 47
47 465
465 23
23 487
490 63
63 480
480 35
35 466
466 45
45 481
481 31
31 490
293 234
234 268
268 270
270 271
271 227
227 287
287 266
266 249
249 251
251 277
277 232
232 293
309 216
216 275
275 238
238 285
285 263
263 293
293 194
194 309
447 75
75 423
423 92
92 433
433 109
109 401
401 126
126 381
381 142
142 376
376 173
173 334
334 170
170 350
350 184
184 363
363 165
165 378
378 179
179 338
338 178
178 333
333 203
203 319
319 189
189 325
325 235
235 309
309 197
197 313
313 187
187 318
318 171
171 373
373 135
135 384
384 144
144 399
399 153
153 374
374 167
167 418
418 99
99 375
375 113
113 415
415 103
103 435
435 105
105 425
425 88
88 458
458 72
72 486
486 32
32 454
454 60
60 434
434 86
86 455
455 70
70 464
464 65
65 465
465 57
57 447
1 498
498 30
30 497
497 46
46 476
476 43
43 454
454 56
56 463
463 67
67 495
495 68
68 465
465 72
72 467
467 51
51 493
493 73
73 443
443 74
74 447
447 77
77 439
439 78
78 490
490 18
18 474
474 44
44 487
487 1
446 88
88 450
450 58
58 446
97 419
419 117
117 397
397 115
115 430
430 87
87 449
449 86
86 465
465 90
90 446
446 94
94 423
423 106
106 425
425 123
123 406
406 97
426 123
123 433
433 95
95 477
477 47
47 499
499 51
51 471
471 98
98 431
431 97
97 426
426 112
112 404
404 124
124 446
446 113
113 417
417 119
119 401
401 133
133 411
411 107
107 413
413 118
118 427
427 96
96 429
429 99
99 426
389 167
167 376
376 171
171 320
320 193
193 359
359 166
166 388
388 157
157 412
412 149
149 403
403 140
140 389
341 194
194 335
335 183
183 371
371 181
181 341
305 262
262 267
267 277
277 264
264 261
261 288
288 217
217 305
229 305
305 209
209 300
300 221
221 284
284 240
240 278
278 236
236 297
297 204
204 335
335 237
237 292
292 219
219 316
316 224
224 299
299 233
233 304
304 229
276 307
307 288
288 265
265 276
236 321
321 220
220 295
295 259
259 269
269 272
272 276
276 245
245 290
290 231
231 305
305 236
325 226
226 315
315 200
200 310
310 195
195 350
350 178
178 352
352 204
204 308
308 215
215 318
318 213
213 314
314 236
236 286
286 250
250 275
275 255
255 324
324 229
229 319
319 214
214 325
334 206
206 342
342 198
198 344
344 182
182 334
404 182
182 357
357 187
187 334
334 223
223 298
298 211
211 306
306 271
271 299
299 228
228 325
325 207
207 339
339 241
241 341
341 234
234 345
345 188
188 338
338 180
180 367
367 168
168 362
362 185
185 389
389 147
147 404
352 201
201 337
337 170
170 370
370 168
168 372
372 150
150 380
380 164
164 393
393 145
145 410
410 162
162 392
392 163
163 390
390 194
194 352
276 287
287 242
242 300
300 246
246 290
290 253
253 298
298 272
272 275
275 256
256 278
278 280
280 276
426 137
137 414
414 127
127 413
413 180
180 354
354 203
203 338
338 253
253 327
327 254
254 325
325 236
236 317
317 219
219 312
312 245
245 300
300 255
255 301
301 227
227 295
295 276
276 284
284 251
251 274
274 286
286 283
283 247
247 310
310 222
222 342
342 225
225 352
352 190
190 332
332 189
189 404
404 121
121 426
466 150
150 417
417 114
114 420
420 116
116 431
431 107
107 423
423 130
130 397
397 138
138 379
379 134
134 415
415 127
127 426
426 80
80 462
462 61
61 466
88 460
460 116
116 486
486 77
77 456
456 75
75 451
451 88
459 75
75 468
468 74
74 483
483 87
87 441
441 71
71 459
453 97
97 434
434 81
81 459
459 79
79 453
292 244
244 282
282 285
285 243
243 292
239 304
304 247
247 289
289 249
249 297
297 239
298 300
300 251
251 319
319 239
239 317
317 252
252 281
281 258
258 294
294 256
256 312
312 270
270 274
274 260
260 298
316 240
240 318
318 231
231 316
152 403
403 154
154 380
380 152
454 84
84 436
436 124
124 416
416 131
131 408
408 152
152 396
396 158
158 360
360 200
200 326
326 216
216 323
323 211
211 308
308 208
208 339
339 251
251 316
316 268
268 304
304 260
260 291
291 298
298 273
273 269
269 292
292 266
266 336
336 237
237 356
356 175
175 405
405 126
126 424
424 132
132 453
453 88
88 466
466 59
59 454
454 107
107 450
450 89
89 463
463 78
78 454
474 71
71 464
464 81
81 462
462 86
86 452
452 94
94 447
447 120
120 435
435 106
106 479
479 70
70 474
488 114
114 423
423 126
126 467
467 78
78 474
474 52
52 484
484 37
37 485
485 87
87 495
495 83
83 454
454 102
102 438
438 76
76 488
331 247
247 323
323 224
224 340
340 220
220 329
329 215
215 331
177 394
394 160
160 384
384 171
171 377
377 193
193 354
354 217
217 308
308 212
212 361
361 222
222 343
343 239
239 331
331 207
207 364
364 199
199 373
373 228
228 352
352 234
234 346
346 189
189 374
374 198
198 351
351 170
170 360
360 210
210 330
330 233
233 306
306 242
242 315
315 232
232 335
335 216
216 349
349 176
176 362
362 183
183 387
387 177
177 418
418 174
174 360
360 208
208 350
350 218
218 328
328 219
219 363
363 221
221 308
308 249
249 329
329 244
244 314
314 248
248 365
365 217
217 362
362 178
178 392
392 193
193 391
391 166
166 453
453 136
136 401
401 177
473 62
62 476
476 61
61 473
111 450
450 125
125 419
419 104
104 440
440 140
140 409
409 153
153 401
401 145
145 398
398 168
168 378
378 175
175 381
381 135
135 473
473 82
82 456
456 103
103 422
422 134
134 395
395 181
181 411
411 147
147 432
432 111
79 491
491 38
38 485
485 71
71 484
484 59
59 493
493 76
76 482
482 78
78 487
487 90
90 475
475 75
75 464
464 79
121 428
428 93
93 476
476 145
145 420
420 121
425 118
118 440
440 108
108 439
439 121
121 465
465 122
122 454
454 88
88 471
471 64
64 472
472 96
96 444
444 105
105 447
447 124
124 441
441 111
111 425
370 186
186 355
355 184
184 380
380 197
197 332
332 242
242 326
326 211
211 360
360 176
176 370
431 141
141 415
415 135
135 407
407 170
170 382
382 169
169 397
397 204
204 394
394 184
184 370
370 191
191 369
369 209
209 351
351 226
226 340
340 237
237 339
339 212
212 372
372 178
178 412
412 158
158 414
414 175
175 398
398 160
160 396
396 155
155 422
422 151
151 425
425 115
115 434
434 128
128 429
429 163
163 406
406 177
177 423
423 131
131 431
119 485
485 94
94 464
464 115
115 449
449 108
108 442
442 106
106 443
443 91
91 463
463 102
102 455
455 101
101 451
451 104
104 461
461 93
93 445
445 118
118 450
450 130
130 424
424 129
129 429
429 132
132 431
431 119
117 442
442 121
121 451
451 106
106 447
447 138
138 424
424 144
144 395
395 194
194 397
397 172
172 400
400 160
160 399
399 176
176 385
385 139
139 443
443 133
133 419
419 149
149 433
433 141
141 435
435 132
132 439
439 131
131 449
449 119
119 436
436 117
407 155
155 424
424 143
143 407
458 162
162 415
415 170
170 408
408 166
166 407
407 146
146 413
413 153
153 436
436 132
132 437
437 139
139 431
431 152
152 434
434 134
134 454
454 123
123 438
438 128
128 458
466 130
130 458
458 101
101 456
456 107
107 474
474 103
103 469
469 118
118 448
448 109
109 462
462 104
104 484
484 100
100 466
117 466
466 120
120 455
455 117
393 196
196 368
368 165
165 393
445 126
126 446
446 146
146 426
426 153
153 419
419 194
194 396
396 201
201 359
359 203
203 371
371 187
187 375
375 202
202 393
393 169
169 416
416 135
135 477
477 116
116 472
472 99
99 445
492 66
66 480
480 112
112 445
445 134
134 463
463 93
93 470
470 88
88 498
498 14
14 492
496 107
107 468
468 110
110 461
461 113
113 497
497 81
81 496
492 113
113 496
496 50
50 494
494 57
57 492
192 419
419 179
179 385
385 185
185 378
378 192
410 160
160 420
420 157
157 429
429 155
155 410
311 287
287 309
309 250
250 311
367 208
208 375
375 205
205 359
359 224
224 337
337 258
258 310
310 250
250 317
317 264
264 312
312 277
277 321
321 248
248 332
332 215
215 333
333 240
240 349
349 227
227 308
308 275
275 279
279 304
304 295
295 256
256 311
311 329
329 252
252 342
342 223
223 354
354 216
216 347
347 219
219 379
379 202
202 417
417 166
166 410
410 189
189 367
382 198
198 383
383 200
200 374
374 195
195 382
390 217
217 389
389 191
191 385
385 210
210 382
382 234
234 367
367 183
183 381
381 197
197 397
397 199
199 408
408 173
173 388
388 192
192 390
229 350
350 247
247 334
334 269
269 308
308 281
281 286
286 284
284 320
320 243
243 379
379 223
223 343
343 229
459 126
126 451
451 142
142 421
421 204
204 405
405 184
184 411
411 183
183 407
407 168
168 430
430 157
157 424
424 159
159 425
425 161
161 432
432 185
185 412
412 188
188 370
370 214
214 359
359 229
229 340
340 254
254 357
357 206
206 390
390 165
165 395
395 171
171 442
442 137
137 449
449 134
134 469
469 108
108 481
481 103
103 480
480 89
89 492
492 96
96 491
491 106
106 459
458 153
153 441
441 141
141 458
452 133
133 448
448 148
148 458
458 151
151 454
454 137
137 451
451 140
140 449
449 144
144 437
437 147
147 435
435 169
169 402
402 164
164 465
465 123
123 459
459 92
92 495
495 105
105 476
476 95
95 452
462 132
132 460
460 144
144 464
464 124
124 461
461 146
146 452
452 119
119 456
456 131
131 462
376 209
209 377
377 187
187 376
187 410
410 167
167 399
399 187
155 434
434 154
154 450
450 187
187 381
381 195
195 376
376 178
178 409
409 177
177 437
437 156
156 461
461 159
159 433
433 155
413 177
177 415
415 167
167 413
443 172
172 413
413 181
181 423
423 195
195 385
385 214
214 380
380 215
215 397
397 212
212 384
384 220
220 402
402 199
199 401
401 186
186 411
411 193
193 438
438 155
155 443
161 449
449 147
147 440
440 158
158 431
431 157
157 443
443 161
462 152
152 445
445 161
161 459
459 140
140 482
482 127
127 468
468 144
144 484
484 133
133 462
490 98
98 491
491 101
101 493
493 86
86 490
117 475
475 110
110 490
490 164
164 435
435 166
166 447
447 161
161 477
477 146
146 462
462 117
470 152
152 464
464 155
155 455
455 121
121 466
466 119
119 479
479 108
108 470
470 123
123 483
483 104
104 487
487 148
148 468
468 129
129 476
476 110
110 478
478 120
120 479
479 122
122 470
348 211
211 387
387 231
231 337
337 235
235 343
343 238
238 359
359 226
226 360
360 227
227 353
353 207
207 348
425 181
181 414
414 178
178 443
443 168
168 432
432 174
174 425
149 446
446 166
166 445
445 170
170 439
439 149
117 486
486 129
129 478
478 141
141 479
479 169
169 451
451 168
168 457
457 137
137 473
473 153
153 464
464 170
170 480
480 121
121 456
456 149
149 421
421 179
179 425
425 167
167 444
444 192
192 403
403 216
216 373
373 272
272 311
311 273
273 332
332 264
264 338
338 230
230 350
350 246
246 348
348 242
242 361
361 236
236 381
381 203
203 385
385 222
222 452
452 154
154 441
441 177
177 424
424 160
160 448
448 156
156 470
470 125
125 490
490 138
138 471
471 117
424 207
207 403
403 201
201 404
404 236
236 364
364 226
226 410
410 202
202 388
388 214
214 412
412 199
199 430
430 173
173 441
441 171
171 464
464 160
160 429
429 179
179 424
221 386
386 208
208 371
371 221
424 189
189 416
416 197
197 395
395 206
206 392
392 198
198 399
399 221
221 383
383 205
205 404
404 212
212 414
414 200
200 400
400 190
190 366
366 219
219 372
372 225
225 391
391 203
203 419
419 193
193 435
435 211
211 415
415 184
184 424
323 273
273 330
330 232
232 363
363 248
248 323
282 292
292 317
317 263
263 313
313 249
249 315
315 255
255 305
305 291
291 283
283 302
302 256
256 297
297 267
267 282
355 241
241 346
346 249
249 347
347 239
239 372
372 238
238 355
344 243
243 364
364 239
239 358
358 247
247 355
355 240
240 360
360 237
237 344
328 281
281 344
344 244
244 331
331 252
252 339
339 250
250 328
303 309
309 308
308 278
278 279
279 339
339 265
265 294
294 296
296 274
274 310
310 328
328 290
290 305
305 256
256 303
385 239
239 375
375 229
229 385
261 337
337 252
252 377
377 245
245 352
352 243
243 350
350 235
235 368
368 248
248 385
385 238
238 376
376 259
259 354
354 242
242 359
359 240
240 388
388 255
255 340
340 256
256 322
322 261
267 314
314 284
284 304
304 311
311 274
274 336
336 270
270 343
343 261
261 301
301 293
293 303
303 267
282 326
326 260
260 331
331 277
277 314
314 300
300 303
303 307
307 355
355 252
252 358
358 267
267 306
306 282
268 327
327 276
276 330
330 279
279 313
313 282
282 323
323 268
359 252
252 384
384 227
227 374
374 213
213 351
351 233
233 362
362 232
232 370
370 244
244 359
262 325
325 299
299 280
280 319
319 317
317 294
294 322
322 284
284 361
361 264
264 350
350 250
250 359
359 253
253 349
349 260
260 340
340 275
275 316
316 262
256 353
353 308
308 324
324 300
300 326
326 284
284 336
336 297
297 283
283 306
306 347
347 256
254 364
364 250
250 381
381 256
256 358
358 254
218 393
393 224
224 399
399 217
217 400
400 241
241 367
367 267
267 359
359 254
254 365
365 263
263 340
340 262
262 334
334 268
268 373
373 218
409 243
243 363
363 237
237 370
370 233
233 432
432 215
215 390
390 218
218 408
408 203
203 413
413 188
188 442
442 176
176 426
426 191
191 398
398 219
219 418
418 205
205 409
212 430
430 214
214 409
409 212
427 167
167 448
448 163
163 433
433 199
199 423
423 212
212 416
416 198
198 421
421 165
165 427
178 465
465 167
167 428
428 204
204 426
426 186
186 420
420 175
175 440
440 190
190 411
411 210
210 425
425 203
203 422
422 237
237 383
383 228
228 401
401 225
225 394
394 238
238 387
387 223
223 392
392 220
220 435
435 198
198 427
427 194
194 424
424 178
488 128
128 494
494 132
132 490
490 131
131 467
467 167
167 479
479 174
174 433
433 173
173 449
449 171
171 448
448 178
178 486
486 123
123 475
475 155
155 495
495 136
136 474
474 117
117 488
499 141
141 482
482 146
146 492
492 120
120 498
498 112
112 499
475 166
166 463
463 182
182 444
444 226
226 382
382 232
232 371
371 240
240 366
366 251
251 345
345 265
265 357
357 284
284 340
340 279
279 346
346 278
278 367
367 264
264 363
363 246
246 370
370 262
262 379
379 261
261 409
409 236
236 410
410 230
230 395
395 209
209 447
447 202
202 421
421 206
206 428
428 195
195 429
429 183
183 440
440 184
184 457
457 193
193 470
470 167
167 474
474 140
140 491
491 121
121 499
499 153
153 475
451 181
181 462
462 157
157 446
446 172
172 451
475 198
198 439
439 201
201 436
436 191
191 459
459 183
183 456
456 177
177 451
451 175
175 449
449 178
178 472
472 130
130 493
493 129
129 496
496 135
135 489
489 145
145 482
482 151
151 484
484 156
156 454
454 161
161 475
163 468
468 172
172 458
458 163
466 194
194 455
455 173
173 450
450 158
158 466
180 466
466 181
181 465
465 188
188 433
433 180
461 162
162 499
499 161
161 461
446 197
197 440
440 189
189 477
477 178
178 458
458 176
176 464
464 177
177 461
461 192
192 451
451 199
199 444
444 211
211 445
445 190
190 456
456 184
184 446
404 229
229 378
378 245
245 394
394 259
259 420
420 210
210 433
433 207
207 446
446 191
191 443
443 205
205 419
419 216
216 404
371 264
264 372
372 277
277 338
338 322
322 311
311 321
321 282
282 319
319 293
293 302
302 306
306 315
315 280
280 318
318 295
295 345
345 275
275 379
379 265
265 351
351 249
249 371
268 365
365 287
287 337
337 268
257 384
384 254
254 369
369 263
263 381
381 257
298 310
310 286
286 383
383 293
293 323
323 283
283 314
314 302
302 298
289 333
333 304
304 305
305 298
298 331
331 271
271 384
384 270
270 359
359 276
276 335
335 285
285 334
334 274
274 392
392 257
257 289
268 366
366 266
266 349
349 273
273 341
341 282
282 351
351 307
307 314
314 303
303 310
310 305
305 313
313 289
289 301
301 292
292 340
340 300
300 350
350 268
386 260
260 358
358 279
279 370
370 268
268 362
362 235
235 380
380 250
250 371
371 248
248 386
204 476
476 176
176 467
467 147
147 490
490 179
179 473
473 187
187 468
468 204
460 199
199 473
473 204
204 448
448 230
230 440
440 248
248 382
382 261
261 386
386 256
256 408
408 232
232 418
418 222
222 404
404 246
246 389
389 233
233 393
393 227
227 398
398 220
220 438
438 214
214 434
434 180
180 472
472 186
186 460
362 288
288 373
373 278
278 354
354 273
273 364
364 282
282 349
349 269
269 362
283 371
371 268
268 374
374 262
262 391
391 235
235 430
430 229
229 413
413 220
220 411
411 224
224 397
397 273
273 362
362 284
284 358
358 283
294 344
344 306
306 341
341 294
364 318
318 347
347 349
349 300
300 346
346 294
294 332
332 292
292 348
348 286
286 316
316 289
289 334
334 290
290 369
369 276
276 364
283 381
381 289
289 364
364 283
283 376
376 251
251 368
368 283
247 406
406 208
208 403
403 247
412 255
255 416
416 239
239 412
390 250
250 389
389 265
265 387
387 266
266 377
377 274
274 380
380 267
267 412
412 225
225 411
411 247
247 390
190 491
491 279
279 388
388 289
289 390
390 271
271 357
357 305
305 336
336 292
292 382
382 297
297 363
363 290
290 374
374 283
283 360
360 280
280 399
399 233
233 396
396 228
228 452
452 232
232 415
415 219
219 487
487 170
170 469
469 177
177 492
492 186
186 474
474 185
185 454
454 201
201 458
458 190
311 346
346 306
306 376
376 308
308 360
360 319
319 315
315 330
330 311
320 313
313 312
312 327
327 336
336 324
324 338
338 291
291 342
342 311
311 323
323 303
303 354
354 296
296 320
298 358
358 303
303 339
339 320
320 316
316 328
328 335
335 309
309 340
340 298
321 317
317 326
326 314
314 321
357 321
321 375
375 295
295 356
356 307
307 357
299 353
353 322
322 355
355 310
310 357
357 298
298 325
325 333
333 299
402 223
223 428
428 208
208 419
419 213
213 427
427 210
210 424
424 219
219 422
422 206
206 423
423 221
221 402
427 239
239 419
419 220
220 425
425 236
236 427
299 359
359 296
296 389
389 258
258 427
427 231
231 402
402 294
294 366
366 285
285 365
365 291
291 351
351 327
327 374
374 306
306 348
348 299
221 443
443 208
208 436
436 218
218 439
439 221
449 224
224 447
447 211
211 469
469 221
221 442
442 214
214 445
445 225
225 425
425 252
252 385
385 270
270 412
412 298
298 364
364 300
300 361
361 305
305 359
359 303
303 366
366 299
299 405
405 209
209 449
460 219
219 434
434 222
222 459
459 202
202 451
451 225
225 449
449 195
195 431
431 212
212 472
472 190
190 485
485 205
205 460
238 415
415 250
250 395
395 249
249 378
378 264
264 406
406 256
256 441
441 212
212 448
448 227
227 414
414 235
235 398
398 238
453 222
222 436
436 210
210 453
431 243
243 415
415 269
269 402
402 245
245 438
438 256
256 424
424 213
213 450
450 200
200 431
437 213
213 462
462 195
195 482
482 192
192 468
468 194
194 481
481 169
169 493
493 156
156 497
497 180
180 437
488 182
182 466
466 183
183 484
484 189
189 464
464 195
195 465
465 202
202 477
477 207
207 437
437 231
231 454
454 203
203 431
431 235
235 453
453 217
217 403
403 238
238 397
397 234
234 411
411 276
276 372
372 321
321 360
360 317
317 351
351 292
292 367
367 313
313 325
325 302
302 396
396 244
244 461
461 211
211 451
451 237
237 460
460 163
163 475
475 154
154 488
407 272
272 384
384 282
282 379
379 280
280 378
378 253
253 393
393 261
261 433
433 240
240 407
325 344
344 316
316 342
342 336
336 334
334 333
333 348
348 309
309 345
345 340
340 315
315 323
323 363
363 338
338 330
330 332
332 339
339 325
286 377
377 328
328 341
341 326
326 337
337 334
334 364
364 325
325 362
362 307
307 365
365 324
324 357
357 311
311 358
358 302
302 350
350 304
304 388
388 284
284 379
379 290
290 402
402 296
296 413
413 244
244 404
404 249
249 407
407 254
254 397
397 291
291 372
372 286
387 283
283 418
418 233
233 422
422 255
255 428
428 241
241 429
429 268
268 387
387 305
305 396
396 316
316 361
361 331
331 345
345 342
342 354
354 368
368 275
275 419
419 285
285 387
387 334
334 343
343 337
337 378
378 303
303 367
367 331
331 376
376 346
346 323
323 372
372 292
292 387
391 321
321 399
399 318
318 369
369 339
339 378
378 346
346 387
387 286
286 391
410 277
277 401
401 271
271 416
416 267
267 395
395 288
288 391
391 263
263 410
414 272
272 432
432 247
247 414
408 284
284 394
394 258
258 414
414 257
257 408
421 263
263 411
411 259
259 408
408 293
293 410
410 242
242 421
299 382
382 295
295 380
380 275
275 429
429 264
264 407
407 290
290 384
384 302
302 401
401 300
300 371
371 299
426 299
299 391
391 301
301 418
418 292
292 414
414 262
262 417
417 259
259 421
421 209
209 426
426 249
249 435
435 233
233 425
425 245
245 426
408 297
297 384
384 324
324 377
377 309
309 370
370 287
287 408
397 288
288 408
408 265
265 397
220 445
445 247
247 437
437 234
234 422
422 269
269 417
417 286
286 397
397 274
274 426
426 220
177 480
480 195
195 494
494 164
164 498
498 137
137 496
496 172
172 479
479 173
173 495
495 163
163 478
478 177
212 493
493 177
177 483
483 193
193 466
466 216
216 472
472 213
213 463
463 212
208 470
470 211
211 464
464 212
212 457
457 208
457 234
234 459
459 230
230 457
244 422
422 253
253 415
415 244
456 229
229 448
448 244
244 443
443 239
239 457
457 224
224 476
476 227
227 455
455 197
197 494
494 205
205 490
490 170
170 497
497 208
208 446
446 240
240 439
439 252
252 469
469 220
220 471
471 191
191 456
456 217
217 484
484 219
219 482
482 201
201 473
473 211
211 496
496 178
178 489
489 196
196 456
474 229
229 462
462 224
224 458
458 242
242 453
453 239
239 449
449 265
265 415
415 262
262 423
423 223
223 474
492 220
220 473
473 234
234 474
474 222
222 471
471 238
238 444
444 215
215 465
465 237
237 470
470 210
210 467
467 203
203 475
475 188
188 492
213 491
491 210
210 489
489 203
203 479
479 230
230 463
463 240
240 477
477 204
204 495
495 225
225 481
481 213
200 494
494 213
213 492
492 201
201 485
485 247
247 456
456 200
200 478
478 187
187 497
497 198
198 498
498 237
237 475
475 236
236 473
473 238
238 487
487 222
222 493
493 227
227 483
483 252
252 466
466 226
226 468
468 200
431 255
255 434
434 241
241 431
431 260
260 449
449 251
251 431
259 438
438 253
253 437
437 259
454 259
259 446
446 258
258 454
274 411
411 278
278 412
412 300
300 408
408 296
296 407
407 280
280 454
454 249
249 455
455 255
255 442
442 245
245 439
439 256
256 450
450 261
261 420
420 271
271 427
427 266
266 398
398 274
330 365
365 336
336 343
343 345
345 333
333 360
360 351
351 341
341 330
223 492
492 229
229 482
482 232
232 464
464 235
235 478
478 221
221 497
497 259
259 456
456 249
249 458
458 260
260 438
438 264
264 450
450 273
273 403
403 295
295 415
415 297
297 409
409 296
296 422
422 306
306 392
392 304
304 367
367 348
348 350
350 333
333 352
352 326
326 357
357 358
358 330
330 347
347 337
337 366
366 320
320 356
356 323
323 400
400 312
312 412
412 289
289 421
421 282
282 404
404 274
274 431
431 263
263 436
436 223
443 256
256 455
455 253
253 443
430 272
272 423
423 292
292 443
443 248
248 477
477 258
258 462
462 239
239 464
464 250
250 430
373 323
323 390
390 303
303 403
403 320
320 389
389 313
313 373
332 370
370 374
374 335
335 332
373 353
353 327
327 367
367 326
326 388
388 332
332 393
393 315
315 373
287 455
455 270
270 398
398 287
304 423
423 275
275 417
417 297
297 435
435 263
263 460
460 255
255 468
468 244
244 470
470 253
253 464
464 287
287 394
394 304
302 404
404 304
304 401
401 311
311 379
379 330
330 373
373 314
314 395
395 302
364 362
362 337
337 355
355 364
313 405
405 311
311 404
404 313
451 313
313 392
392 337
337 388
388 364
364 350
350 382
382 330
330 397
397 302
302 406
406 283
283 430
430 276
276 451
223 499
499 219
219 489
489 233
233 448
448 285
285 431
431 295
295 417
417 305
305 425
425 275
275 439
439 267
267 449
449 277
277 427
427 281
281 440
440 231
231 482
482 262
262 466
466 291
291 451
451 223
319 386
386 322
322 356
356 357
357 391
391 350
350 379
379 319
292 439
439 284
284 420
420 317
317 405
405 320
320 419
419 280
280 411
411 296
296 429
429 290
290 444
444 257
257 424
424 288
288 446
446 264
264 441
441 263
263 468
468 299
299 430
430 304
304 408
408 311
311 410
410 334
334 392
392 319
319 371
371 340
340 380
380 341
341 359
359 310
310 428
428 297
297 431
431 292
231 472
472 257
257 486
486 206
206 485
485 239
239 476
476 255
255 489
489 226
226 471
471 284
284 459
459 294
294 436
436 292
292 461
461 246
246 473
473 274
274 437
437 293
293 448
448 254
254 482
482 241
241 452
452 300
300 413
413 326
326 414
414 307
307 415
415 301
301 445
445 231
467 285
285 462
462 281
281 482
482 258
258 487
487 260
260 490
490 277
277 469
469 290
290 470
470 272
272 447
447 264
264 480
480 246
246 465
465 231
231 467
484 244
244 472
472 254
254 477
477 257
257 479
479 250
250 497
497 248
248 476
476 267
267 467
467 251
251 491
491 234
234 484
359 365
365 343
343 359
385 349
349 354
354 359
359 393
393 337
337 453
453 278
278 433
433 296
296 420
420 308
308 384
384 330
330 401
401 323
323 386
386 336
336 396
396 310
310 385
389 325
325 394
394 336
336 415
415 316
316 407
407 322
322 389
335 389
389 327
327 377
377 339
339 385
385 328
328 409
409 318
318 405
405 340
340 376
376 335
268 472
472 316
316 422
422 314
314 413
413 321
321 430
430 302
302 424
424 322
322 411
411 327
327 431
431 323
323 403
403 319
319 408
408 310
310 432
432 275
275 467
467 268
320 476
476 264
264 496
496 230
230 481
481 293
293 441
441 269
269 464
464 273
273 463
463 275
275 434
434 334
334 420
420 326
326 424
424 318
318 413
413 320
401 346
346 410
410 315
315 418
418 320
320 423
423 317
317 473
473 268
268 452
452 289
289 442
442 333
333 401
402 351
351 361
361 365
365 362
362 375
375 355
355 380
380 347
347 401
401 337
337 400
400 335
335 402
338 383
383 343
343 367
367 371
371 363
363 378
378 352
352 342
342 369
369 338
377 354
354 361
361 357
357 388
388 345
345 356
356 344
344 377
367 360
360 356
356 367
336 416
416 329
329 399
399 352
352 382
382 356
356 369
369 367
367 357
357 377
377 353
353 413
413 324
324 423
423 338
338 404
404 336
280 427
427 282
282 437
437 307
307 426
426 280
388 368
368 361
361 447
447 286
286 437
437 288
288 438
438 301
301 427
427 283
283 467
467 280
280 434
434 335
335 431
431 329
329 421
421 371
371 373
373 376
376 359
359 388
402 345
345 398
398 342
342 425
425 315
315 412
412 327
327 452
452 353
353 387
387 348
348 370
370 362
362 377
377 367
367 388
388 381
381 331
331 403
403 350
350 394
394 406
406 336
336 402
458 308
308 442
442 314
314 434
434 309
309 443
443 296
296 451
451 319
319 405
405 365
365 404
404 357
357 395
395 349
349 419
419 337
337 409
409 346
346 402
402 332
332 446
446 311
311 457
457 261
261 458
282 440
440 304
304 455
455 327
327 417
417 312
312 427
427 305
305 433
433 282
325 433
433 323
323 438
438 361
361 372
372 388
388 379
379 359
359 392
392 402
402 352
352 423
423 325
444 325
325 432
432 324
324 448
448 303
303 437
437 295
295 440
440 318
318 456
456 296
296 444
384 391
391 366
366 431
431 351
351 408
408 331
331 390
390 379
379 389
389 368
368 422
422 341
341 384
458 276
276 477
477 278
278 464
464 283
283 468
468 265
265 490
490 271
271 471
471 251
251 481
481 330
330 412
412 368
368 405
405 332
332 426
426 364
364 395
395 376
376 375
375 387
387 384
384 392
392 444
444 292
292 454
454 282
282 450
450 266
266 458
286 464
464 314
314 472
472 312
312 441
441 297
297 450
450 286
488 274
274 486
486 268
268 493
493 226
226 494
494 241
241 499
499 246
246 483
483 256
256 465
465 288
288 487
487 282
282 460
460 303
303 463
463 300
300 468
468 286
286 462
462 317
317 458
458 263
263 485
485 255
255 484
484 223
223 488
460 319
319 467
467 308
308 460
315 440
440 328
328 437
437 315
257 499
499 300
300 464
464 307
307 462
462 295
295 465
465 303
303 471
471 315
315 450
450 311
311 460
460 309
309 442
442 324
324 449
449 292
292 492
492 257
475 266
266 478
478 245
245 475
475 289
289 497
497 286
286 480
480 269
269 490
490 307
307 469
469 297
297 459
459 304
304 484
484 275
275 475
488 310
310 445
445 324
324 478
478 294
294 480
480 313
313 475
475 308
308 491
491 267
267 489
489 258
258 488
336 465
465 332
332 432
432 338
338 430
430 336
321 458
458 324
324 463
463 320
320 434
434 321
383 413
413 360
360 385
385 441
441 321
321 428
428 331
331 417
417 344
344 383
299 482
482 295
295 480
480 299
439 323
323 435
435 305
305 474
474 312
312 495
495 310
310 491
491 315
315 494
494 232
232 498
498 306
306 439
483 292
292 466
466 323
323 471
471 328
328 445
445 341
341 439
439 338
338 437
437 331
331 438
438 373
373 378
378 399
399 375
375 380
380 370
370 394
394 383
383 339
339 432
432 336
336 454
454 318
318 499
499 265
265 483
349 443
443 335
335 448
448 345
345 414
414 354
354 398
398 419
419 360
360 418
418 350
350 421
421 349
360 436
436 337
337 429
429 343
343 420
420 367
367 396
396 359
359 450
450 338
338 448
448 339
339 434
434 360
410 382
382 363
363 424
424 355
355 435
435 326
326 427
427 364
364 453
453 360
360 426
426 349
349 432
432 340
340 415
415 352
352 403
403 386
386 391
391 385
385 378
378 410
427 375
375 401
401 358
358 432
432 364
364 430
430 355
355 446
446 344
344 428
428 376
376 403
403 370
370 427
347 411
411 357
357 412
412 382
382 427
427 377
377 408
408 385
385 397
397 366
366 393
393 410
410 347
372 395
395 390
390 374
374 372
396 401
401 383
383 408
408 378
378 396
394 395
395 388
388 389
389 396
396 372
372 394
426 378
378 415
415 369
369 400
400 411
411 363
363 426
409 383
383 426
426 396
396 431
431 379
379 394
394 399
399 387
387 380
380 428
428 434
434 347
347 409
440 337
337 457
457 322
322 440
342 437
437 351
351 462
462 324
324 495
495 325
325 460
460 336
336 440
440 362
362 398
398 409
409 342
461 334
334 458
458 322
322 469
469 319
319 461
468 333
333 452
452 357
357 470
470 324
324 468
305 464
464 341
341 456
456 326
326 468
468 302
302 482
482 347
347 461
461 305
439 361
361 450
450 376
376 452
452 339
339 472
472 318
318 466
466 311
311 455
455 329
329 484
484 355
355 439
356 429
429 352
352 425
425 389
389 417
417 356
339 495
495 332
332 474
474 334
334 469
469 336
336 464
464 321
321 455
455 350
350 466
466 339
356 446
446 361
361 482
482 318
318 477
477 297
297 498
498 339
339 458
458 358
358 425
425 369
369 432
432 371
371 435
435 367
367 433
433 356
459 361
361 451
451 337
337 459
359 416
416 368
368 440
440 348
348 407
407 380
380 424
424 393
393 392
392 414
414 359
338 479
479 341
341 476
476 351
351 458
458 383
383 443
443 387
387 425
425 359
359 455
455 349
349 459
459 338
420 397
397 404
404 366
366 412
412 374
374 420
381 412
412 410
410 395
395 414
414 411
411 404
404 401
401 407
407 381
437 391
391 394
394 433
433 374
374 423
423 381
381 405
405 408
408 388
388 420
420 385
385 445
445 354
354 449
449 340
340 438
438 364
364 437
342 476
476 349
349 465
465 346
346 442
442 362
362 466
466 368
368 437
437 359
359 474
474 335
335 469
469 338
338 490
490 327
327 471
471 356
356 439
439 342
481 350
350 461
461 390
390 435
435 403
403 399
399 413
413 410
410 427
427 405
405 432
432 379
379 462
462 365
365 446
446 369
369 430
430 386
386 422
422 384
384 458
458 359
359 464
464 340
340 473
473 342
342 486
486 289
289 483
483 273
273 489
489 288
288 481
481 396
396 428
428 407
407 402
402 442
442 348
348 469
469 352
352 481
371 451
451 364
364 449
449 394
394 392
392 437
437 372
372 398
398 425
425 421
421 363
363 450
450 371
399 436
436 382
382 416
416 399
399 447
447 388
388 423
423 399
483 316
316 485
485 294
294 483
483 347
347 493
493 296
296 480
480 336
336 478
478 343
343 484
484 338
338 496
496 326
326 483
373 456
456 357
357 468
468 368
368 482
482 385
385 466
466 364
364 455
455 389
389 443
443 393
393 439
439 373
481 402
402 416
416 413
413 409
409 424
424 398
398 428
428 410
410 450
450 397
397 438
438 384
384 451
451 382
382 457
457 379
379 487
487 320
320 494
494 336
336 483
483 405
405 435
435 399
399 446
446 386
386 459
459 371
371 481
488 344
344 486
486 353
353 465
465 367
367 475
475 337
337 489
489 302
302 497
497 319
319 480
480 363
363 463
463 441
441 409
409 433
433 415
415 404
404 419
419 444
444 393
393 481
481 276
276 488
349 497
497 323
323 485
485 351
351 478
478 349
342 495
495 349
349 483
483 342
461 376
376 475
475 371
371 460
460 382
382 467
467 392
392 459
459 388
388 455
455 395
395 422
422 406
406 401
401 420
420 429
429 381
381 472
472 366
366 461
411 420
420 419
419 414
414 477
477 389
389 456
456 400
400 418
418 417
417 411
343 491
491 361
361 483
483 372
372 453
453 384
384 460
460 387
387 479
479 367
367 486
486 380
380 430
430 418
418 401
401 412
412 457
457 419
419 424
424 411
411 427
427 435
435 461
461 378
378 463
463 377
377 474
474 360
360 490
490 343
440 434
434 442
442 420
420 432
432 424
424 445
445 417
417 427
427 426
426 398
398 431
431 413
413 440
464 375
375 493
493 377
377 484
484 350
350 494
494 338
338 492
492 333
333 498
498 348
348 485
485 365
365 464
352 499
499 358
358 495
495 363
363 498
498 352
371 490
490 399
399 452
452 423
423 443
443 435
435 446
446 411
411 468
468 370
370 485
485 371
448 495
495 365
365 497
497 382
382 464
464 395
395 483
483 386
386 448
395 489
489 362
362 480
480 395
448 424
424 497
497 395
395 492
492 379
379 474
474 420
420 454
454 398
398 448
433 451
451 417
417 449
449 430
430 414
414 433
453 404
404 458
458 393
393 465
465 387
387 464
464 433
433 426
426 447
447 416
416 428
428 448
448 440
440 381
381 453
400 478
478 384
384 471
471 376
376 499
499 388
388 467
467 400
453 427
427 487
487 400
400 470
470 378
378 490
490 408
408 453
403 472
472 391
391 471
471 390
390 474
474 381
381 463
463 440
440 449
449 428
428 429
429 436
436 412
412 466
466 403
488 406
406 472
472 434
434 460
460 415
415 470
470 419
419 478
478 403
403 459
459 453
453 422
422 455
455 401
401 488
409 458
458 457
457 429
429 447
447 431
431 439
439 407
407 452
452 409
415 465
465 413
413 456
456 398
398 464
464 415
404 490
490 458
458 427
427 459
459 418
418 471
471 392
392 484
484 417
417 481
481 397
397 476
476 404
432 465
465 425
425 437
437 466
466 422
422 477
477 439
439 456
456 421
421 479
479 407
407 469
469 440
440 475
475 415
415 462
462 432
409 491
491 384
384 494
494 427
427 464
464 455
455 436
436 465
465 441
441 476
476 429
429 477
477 431
431 471
471 432
432 438
438 414
414 472
472 409
437 459
459 457
457 481
481 426
426 463
463 416
416 469
469 443
443 464
464 428
428 467
467 436
436 479
479 432
432 492
492 460
460 447
447 437
491 467
467 475
475 461
461 457
457 474
474 416
416 472
472 450
450 462
462 438
438 444
444 452
452 469
469 428
428 470
470 448
448 435
435 445
445 491
454 459
459 491
491 441
441 494
494 415
415 489
489 442
442 446
446 454
451 466
466 494
494 457
457 492
492 454
454 465
465 437
437 451
493 452
452 451
451 493
470 463
463 447
447 480
480 428
428 490
490 456
456 470
470 481
481 472
472 462
462 476
476 470
498 422
422 478
478 470
470 493
493 393
393 498
471 465
465 476
476 464
464 471
473 448
448 486
486 437
437 473
468 459
459 473
473 462
462 499
499 463
463 477
477 438
438 484
484 449
449 483
483 474
474 471
471 446
446 468
496 468
468 447
447 496
459 492
492 489
489 476
476 486
486 470
470 487
487 448
448 478
478 459
488 478
478 491
491 482
482 428
428 497
497 461
461 496
496 433
433 488
488 497
497 491
491 488
485 486
486 480
480 485
1 488
488 24
3 499
499 4
6 499
499 8
7 484
484 305
11 497
497 60
12 490
490 114
13 494
494 67
16 451
451 29
20 444
21 492
492 207
27 499
499 48
28 459
459 91
31 483
483 103
38 498
498 44
41 493
493 133
42 495
495 169
45 469
469 165
52 475
475 150
53 476
476 140
54 487
487 146
55 489
489 64
56 477
477 102
62 496
496 63
65 498
498 85
69 481
481 110
70 497
497 78
72 491
491 119
73 496
496 128
74 489
489 84
79 471
471 147
80 428
101 494
494 138
104 498
498 109
111 460
115 499
499 180
117 498
498 131
118 486
486 126
124 497
497 162
134 478
478 181
135 498
498 178
142 474
474 490
490 195
143 463
145 491
491 191
148 493
493 190
155 494
494 210
157 481
481 261
158 467
159 462
462 423
160 482
482 236
164 497
497 173
166 487
487 284
167 476
476 359
168 466
466 215
174 485
485 407
184 458
458 494
494 238
185 498
498 205
196 499
499 220
199 461
200 488
488 244
202 475
475 345
209 489
489 247
214 496
496 275
216 498
498 272
218 472
222 499
499 268
228 493
493 250
233 492
492 239
235 471
471 329
240 473
473 322
242 459
459 496
496 294
243 445
445 482
482 313
249 464
464 304
253 489
489 257
256 488
488 280
262 494
494 327
266 495
495 274
277 492
492 309
278 480
480 290
281 499
499 301
282 488
488 320
283 493
493 289
285 483
483 440
287 478
478 356
292 490
490 342
298 424
424 453
453 496
496 383
299 495
495 341
308 489
489 355
311 480
480 392
314 470
315 493
493 335
317 464
464 496
496 391
391 498
498 344
319 499
499 325
331 473
473 492
492 340
333 499
499 337
334 491
491 385
339 499
499 361
343 488
488 353
352 497
497 367
354 484
484 462
362 499
499 363
366 477
477 469
469 404
368 476
476 494
494 390
369 466
370 498
498 386
371 495
495 473
372 488
488 389
373 487
487 455
374 457
457 497
497 377
380 497
497 456
394 481
481 471
471 493
493 396
398 482
401 498
498 412
403 488
488 409
405 492
492 469
469 499
410 490
490 448
411 489
413 493
493 495
495 485
414 480
480 419
415 498
498 475
417 491
491 431
418 496
496 478
429 479
479 483
435 468
468 436
442 494
494 492
450 488
451 486
486 490
490 496
496 481
481 487
484 479
497 493

