238
1 4
4 13
13 23
23 17
17 15
15 3
3 1
2 20
20 7
7 12
12 2
6 22
22 4
4 35
35 2
2 6
5 38
38 19
19 5
9 16
16 13
13 9
9 50
50 13
13 37
37 4
4 59
59 24
24 9
11 27
27 9
9 51
51 20
20 11
40 19
19 59
59 11
11 8
8 52
52 12
12 40
21 37
37 23
23 40
40 2
2 46
46 5
5 6
6 21
3 56
56 6
6 34
34 3
21 14
14 65
65 3
3 26
26 16
16 48
48 8
8 21
21 63
63 25
25 36
36 21
27 32
32 33
33 18
18 71
71 3
3 95
95 2
2 70
70 28
28 27
31 27
27 16
16 39
39 62
62 9
9 31
29 49
49 16
16 47
47 30
30 61
61 56
56 8
8 74
74 4
4 41
41 31
31 46
46 19
19 51
51 17
17 57
57 21
21 10
10 29
29 41
41 23
23 38
38 34
34 26
26 29
22 50
50 14
14 22
75 24
24 78
78 4
4 82
82 9
9 79
79 14
14 54
54 19
19 68
68 11
11 76
76 15
15 22
22 35
35 44
44 37
37 59
59 26
26 36
36 46
46 64
64 5
5 75
40 41
41 38
38 40
40 69
69 25
25 88
88 14
14 81
81 34
34 42
42 60
60 10
10 72
72 12
12 53
53 22
22 58
58 40
1 77
77 40
40 27
27 75
75 29
29 1
16 72
72 46
46 38
38 65
65 17
17 82
82 11
11 83
83 51
51 44
44 80
80 4
4 85
85 29
29 78
78 35
35 43
43 62
62 71
71 27
27 86
86 8
8 67
67 10
10 66
66 16
16 77
77 22
22 63
63 37
37 73
73 16
76 65
65 43
43 41
41 49
49 32
32 85
85 11
11 109
109 10
10 96
96 18
18 76
54 82
82 22
22 83
83 26
26 76
76 13
13 89
89 16
16 54
58 54
54 33
33 58
97 26
26 87
87 13
13 97
97 52
52 38
38 83
83 25
25 74
74 12
12 96
96 23
23 97
66 33
33 68
68 48
48 60
60 97
97 21
21 66
70 33
33 67
67 30
30 70
1 103
103 8
8 114
114 5
5 92
92 13
13 99
99 7
7 127
127 20
20 77
77 43
43 102
102 22
22 124
124 24
24 81
81 17
17 90
90 9
9 84
84 38
38 70
70 59
59 54
54 62
62 66
66 39
39 47
47 53
53 36
36 58
58 55
55 1
25 127
127 11
11 98
98 13
13 103
103 25
111 7
7 110
110 3
3 113
113 67
67 56
56 106
106 23
23 118
118 58
58 61
61 54
54 72
72 44
44 93
93 6
6 111
6 140
140 3
3 121
121 6
1 154
154 27
27 79
79 42
42 50
50 57
57 53
53 49
49 83
83 43
43 95
95 34
34 91
91 14
14 138
138 5
5 126
126 23
23 114
114 52
52 100
100 16
16 128
128 10
10 141
141 6
6 115
115 29
29 109
109 12
12 111
111 25
25 125
125 1
55 86
86 36
36 105
105 46
46 75
75 83
83 55
31 147
147 20
20 133
133 33
33 104
104 55
55 77
77 45
45 31
39 81
81 44
44 85
85 38
38 89
89 31
31 87
87 59
59 73
73 80
80 70
70 61
61 62
62 68
68 69
69 74
74 39
149 16
16 117
117 85
85 71
71 68
68 66
66 88
88 39
39 131
131 9
9 94
94 15
15 112
112 25
25 130
130 24
24 126
126 7
7 132
132 11
11 149
81 63
63 54
54 81
115 37
37 78
78 50
50 90
90 39
39 112
112 30
30 96
96 63
63 92
92 111
111 44
44 94
94 81
81 68
68 75
75 64
64 93
93 48
48 113
113 36
36 123
123 8
8 162
162 6
6 145
145 9
9 143
143 14
14 115
41 107
107 65
65 82
82 84
84 41
98 41
41 76
76 47
47 110
110 26
26 103
103 34
34 122
122 15
15 98
98 28
28 121
121 45
45 143
143 21
21 98
79 73
73 75
75 78
78 40
40 103
103 50
50 105
105 71
71 86
86 57
57 98
98 62
62 79
136 41
41 117
117 30
30 132
132 37
37 126
126 32
32 142
142 88
88 79
79 56
56 102
102 63
63 112
112 44
44 116
116 42
42 158
158 19
19 136
149 47
47 121
121 38
38 122
122 59
59 91
91 76
76 66
66 87
87 60
60 95
95 86
86 83
83 80
80 77
77 72
72 89
89 57
57 136
136 55
55 115
115 46
46 149
10 177
177 23
23 129
129 32
32 127
127 50
50 117
117 67
67 149
149 3
3 192
192 2
2 157
157 10
8 165
165 12
12 187
187 3
3 153
153 8
101 76
76 98
98 66
66 101
94 72
72 95
95 81
81 141
141 68
68 94
90 100
100 103
103 63
63 121
121 67
67 118
118 83
83 102
102 91
91 75
75 74
74 94
94 54
54 90
7 161
161 50
50 135
135 7
43 125
125 60
60 150
150 7
7 146
146 36
36 132
132 73
73 110
110 61
61 109
109 90
90 57
57 106
106 70
70 114
114 43
82 97
97 75
75 93
93 82
96 72
72 115
115 82
82 77
77 87
87 74
74 107
107 57
57 123
123 43
43 122
122 99
99 31
31 140
140 49
49 96
144 46
46 124
124 59
59 130
130 52
52 125
125 103
103 117
117 53
53 96
96 101
101 13
13 167
167 9
9 166
166 14
14 157
157 8
8 137
137 11
11 159
159 10
10 144
144 54
54 174
174 10
10 163
163 22
22 193
193 51
51 134
134 32
32 165
165 13
13 108
108 4
4 119
119 39
39 138
138 40
40 120
120 18
18 137
137 43
43 152
152 21
21 166
166 16
16 160
160 5
5 175
175 25
25 144
140 66
66 105
105 63
63 127
127 90
90 110
110 80
80 148
148 11
11 145
145 28
28 133
133 29
29 139
139 62
62 140
161 27
27 163
163 26
26 161
39 167
167 14
14 183
183 8
8 172
172 22
22 191
191 45
45 161
161 32
32 159
159 84
84 140
140 39
116 111
111 93
93 92
92 95
95 100
100 116
72 131
131 86
86 97
97 109
109 64
64 153
153 48
48 159
159 43
43 156
156 21
21 164
164 69
69 138
138 73
73 162
162 35
35 157
157 31
31 137
137 92
92 94
94 95
95 104
104 119
119 80
80 121
121 72
72 142
142 57
57 124
124 81
81 123
123 63
63 122
122 72
96 110
110 97
97 87
87 96
178 79
79 108
108 101
101 141
141 90
90 148
148 140
140 104
104 102
102 96
96 74
74 126
126 72
72 125
125 116
116 56
56 175
175 12
12 178
1 151
151 18
18 192
192 8
8 198
198 7
7 231
231 28
28 168
168 21
21 183
183 19
19 171
171 13
13 186
186 57
57 167
167 43
43 169
169 29
29 211
211 23
23 178
178 39
39 129
129 53
53 144
144 1
18 179
179 26
26 177
177 36
36 154
154 11
11 239
239 2
2 201
201 5
5 173
173 24
24 155
155 18
106 89
89 133
133 74
74 124
124 76
76 120
120 93
93 145
145 33
33 147
147 77
77 106
106 132
132 85
85 137
137 67
67 128
128 94
94 114
114 107
107 109
109 102
102 106
172 32
32 180
180 6
6 184
184 14
14 194
194 9
9 172
196 30
30 178
178 86
86 149
149 85
85 147
147 55
55 172
172 13
13 223
223 3
3 197
197 38
38 157
157 52
52 158
158 71
71 130
130 106
106 122
122 64
64 182
182 4
4 202
202 12
12 218
218 27
27 196
82 130
130 112
112 97
97 128
128 115
115 96
96 125
125 82
58 179
179 33
33 170
170 41
41 188
188 17
17 160
160 72
72 151
151 20
20 192
192 53
53 166
166 40
40 154
154 82
82 144
144 63
63 136
136 58
118 89
89 154
154 54
54 177
177 70
70 118
113 121
121 100
100 114
114 108
108 133
133 148
148 102
102 141
141 111
111 120
120 118
118 113
184 16
16 190
190 32
32 202
202 15
15 184
18 194
194 20
20 184
184 44
44 156
156 83
83 155
155 73
73 150
150 62
62 167
167 65
65 127
127 113
113 97
97 126
126 103
103 138
138 106
106 176
176 58
58 157
157 67
67 199
199 11
11 189
189 6
6 219
219 29
29 196
196 22
22 186
186 18
1 205
205 7
7 217
217 18
18 181
181 1
166 66
66 157
157 63
63 166
189 128
128 109
109 132
132 166
166 102
102 178
178 42
42 229
229 4
4 209
209 9
9 215
215 17
17 198
198 25
25 187
187 14
14 189
205 35
35 187
187 31
31 189
189 19
19 204
204 56
56 171
171 21
21 205
16 217
217 21
21 209
209 5
5 249
249 9
9 283
283 43
43 195
195 16
96 135
135 117
117 132
132 124
124 96
61 168
168 91
91 136
136 89
89 161
161 72
72 179
179 81
81 159
159 64
64 158
158 96
96 151
151 105
105 98
98 154
154 109
109 157
157 112
112 177
177 63
63 187
187 42
42 213
213 7
7 236
236 16
16 185
185 24
24 205
205 22
22 267
267 6
6 201
201 11
11 206
206 20
20 197
197 93
93 130
130 87
87 152
152 49
49 164
164 61
36 228
228 18
18 220
220 17
17 218
218 46
46 198
198 32
32 193
193 36
180 63
63 202
202 36
36 196
196 104
104 143
143 122
122 120
120 114
114 137
137 94
94 134
134 129
129 100
100 150
150 74
74 146
146 37
37 180
180 59
59 163
163 67
67 202
202 68
68 165
165 71
71 188
188 47
47 180
76 153
153 75
75 160
160 62
62 180
180 115
115 131
131 76
11 248
248 33
33 184
184 34
34 192
192 39
39 209
209 55
55 173
173 50
50 240
240 11
66 226
226 22
22 235
235 4
4 237
237 3
3 312
312 11
11 203
203 41
41 189
189 54
54 170
170 52
52 195
195 48
48 185
185 58
58 249
249 38
38 205
205 49
49 217
217 35
35 219
219 8
8 210
210 44
44 220
220 66
206 52
52 193
193 42
42 206
208 83
83 164
164 75
75 206
206 13
13 200
200 10
10 208
12 227
227 10
10 216
216 12
26 256
256 21
21 218
218 30
30 222
222 12
12 208
208 24
24 238
238 7
7 287
287 66
66 171
171 138
138 132
132 120
120 136
136 139
139 76
76 167
167 69
69 183
183 61
61 186
186 26
165 77
77 167
167 78
78 146
146 98
98 123
123 99
99 153
153 90
90 170
170 75
75 165
99 170
170 110
110 127
127 99
169 99
99 125
125 97
97 155
155 98
98 181
181 60
60 174
174 65
65 169
26 239
239 67
67 191
191 70
70 199
199 98
98 161
161 96
96 169
169 76
76 163
163 90
90 160
160 165
165 94
94 189
189 71
71 190
190 61
61 184
184 81
81 211
211 32
32 204
204 51
51 212
212 54
54 216
216 26
1 243
243 12
12 246
246 4
4 263
263 26
26 233
233 1
1 265
265 15
15 243
243 55
55 241
241 8
8 237
237 19
19 234
234 1
125 142
142 100
100 134
134 101
101 159
159 89
89 146
146 117
117 141
141 103
103 151
151 124
124 135
135 127
127 125
163 130
130 125
125 157
157 144
144 106
106 163
188 135
135 163
163 87
87 168
168 72
72 188
215 24
24 242
242 17
17 223
223 48
48 197
197 60
60 203
203 14
14 201
201 74
74 182
182 91
91 179
179 75
75 180
180 76
76 171
171 72
72 183
183 78
78 188
188 82
82 232
232 34
34 231
231 37
37 243
243 18
18 273
273 3
3 254
254 13
13 215
245 46
46 235
235 73
73 208
208 14
14 215
215 70
70 237
237 25
25 218
218 36
36 204
204 45
45 192
192 50
50 250
250 2
2 272
272 8
8 245
223 41
41 239
239 29
29 223
245 59
59 193
193 61
61 194
194 53
53 223
223 30
30 236
236 34
34 245
216 68
68 213
213 44
44 263
263 22
22 227
227 70
70 222
222 31
31 225
225 20
20 261
261 2
2 262
262 24
24 269
269 41
41 247
247 35
35 218
218 64
64 228
228 63
63 210
210 40
40 205
205 84
84 172
172 62
62 216
193 88
88 156
156 85
85 188
188 100
100 164
164 109
109 187
187 78
78 208
208 110
110 196
196 77
77 216
216 69
69 193
119 143
143 118
118 155
155 121
121 119
240 63
63 244
244 7
7 253
253 70
70 231
231 54
54 240
47 236
236 39
39 256
256 32
32 260
260 5
5 224
224 57
57 204
204 82
82 194
194 99
99 180
180 153
153 120
120 190
190 86
86 215
215 56
56 240
240 52
52 214
214 42
42 227
227 47
258 34
34 277
277 7
7 255
255 18
18 275
275 14
14 221
221 27
27 251
251 12
12 288
288 4
4 258
242 40
40 279
279 6
6 271
271 52
52 289
289 9
9 286
286 7
7 301
301 34
34 265
265 22
22 290
290 13
13 258
258 23
23 259
259 25
25 242
171 94
94 174
174 85
85 171
97 171
171 80
80 242
242 64
64 238
238 28
28 253
253 47
47 201
201 106
106 146
146 92
92 147
147 95
95 167
167 97
72 192
192 78
78 191
191 72
75 209
209 60
60 200
200 72
72 173
173 97
97 156
156 116
116 137
137 119
119 123
123 149
149 125
125 184
184 75
256 48
48 230
230 45
45 256
220 68
68 223
223 56
56 220
81 202
202 74
74 220
220 72
72 236
236 65
65 254
254 28
28 295
295 16
16 266
266 23
23 262
262 17
17 255
255 50
50 233
233 84
84 217
217 96
96 191
191 81
193 81
81 222
222 104
104 256
256 40
40 252
252 75
75 193
101 173
173 95
95 158
158 101
195 94
94 208
208 97
97 207
207 58
58 221
221 81
81 200
200 88
88 203
203 86
86 202
202 100
100 201
201 85
85 212
212 80
80 183
183 113
113 150
150 132
132 155
155 125
125 170
170 101
101 156
156 119
119 181
181 108
108 178
178 107
107 152
152 92
92 204
204 91
91 193
193 76
76 195
71 230
230 80
80 253
253 37
37 234
234 84
84 242
242 91
91 219
219 113
113 206
206 92
92 214
214 76
76 197
197 61
61 198
198 134
134 193
193 119
119 171
171 101
101 210
210 71
100 215
215 90
90 228
228 86
86 209
209 102
102 192
192 144
144 164
164 124
124 199
199 109
109 189
189 150
150 194
194 95
95 212
212 100
231 96
96 238
238 90
90 239
239 88
88 231
141 157
157 137
137 141
136 163
163 141
141 156
156 143
143 136
136 167
167 130
130 168
168 122
122 174
174 116
116 206
206 115
115 216
216 97
97 209
209 124
124 169
169 162
162 136
231 112
112 196
196 141
141 184
184 136
136 133
133 183
183 89
89 231
127 159
159 125
125 178
178 116
116 176
176 111
111 172
172 120
120 189
189 114
114 154
154 127
1 264
264 32
32 261
261 63
63 247
247 45
45 280
280 41
41 273
273 72
72 221
221 98
98 204
204 138
138 175
175 155
155 152
152 139
139 180
180 140
140 173
173 126
126 176
176 127
127 170
170 151
151 131
131 145
145 147
147 123
123 200
200 108
108 203
203 93
93 220
220 83
83 211
211 92
92 231
231 85
85 251
251 55
55 257
257 47
47 269
269 118
118 219
219 100
100 235
235 71
71 205
205 78
78 195
195 53
53 245
245 1
30 266
266 57
57 229
229 56
56 248
248 60
60 224
224 69
69 245
245 85
85 232
232 94
94 226
226 78
78 255
255 30
9 313
313 22
22 271
271 10
10 286
286 42
42 267
267 33
33 264
264 46
46 258
258 30
30 300
300 14
14 278
278 45
45 299
299 36
36 297
297 9
26 325
325 9
9 301
301 15
15 282
282 27
27 283
283 26
292 40
40 275
275 20
20 319
319 26
26 268
268 19
19 296
296 8
8 292
1 318
318 20
20 292
292 2
2 298
298 1
305 5
5 293
293 6
6 365
365 2
2 305
1 309
309 18
18 288
288 30
30 268
268 38
38 305
305 8
8 303
303 1
1 350
350 5
5 335
335 1
74 223
223 135
135 210
210 108
108 213
213 74
287 33
33 278
278 19
19 285
285 21
21 287
54 287
287 24
24 311
311 13
13 301
301 46
46 273
273 54
54 305
305 40
40 293
293 25
25 288
288 21
21 291
291 51
51 266
266 47
47 290
290 63
63 278
278 54
59 286
286 29
29 282
282 54
54 260
260 39
39 246
246 79
79 221
221 74
74 234
234 62
62 198
198 99
99 205
205 111
111 207
207 119
119 204
204 109
109 261
261 59
59 275
275 80
80 265
265 59
242 95
95 208
208 114
114 215
215 123
123 186
186 105
105 160
160 117
117 161
161 121
121 224
224 110
110 230
230 82
82 237
237 94
94 242
145 170
170 137
137 168
168 145
161 177
177 145
145 163
163 142
142 161
149 157
157 148
148 170
170 146
146 149
87 198
198 149
149 161
161 133
133 182
182 87
198 144
144 204
204 169
169 129
129 198
130 205
205 103
103 209
209 114
114 230
230 113
113 249
249 62
62 252
252 71
71 264
264 37
37 283
283 41
41 288
288 120
120 185
185 122
122 179
179 129
129 190
190 130
236 89
89 223
223 130
130 198
198 128
128 195
195 87
87 232
232 104
104 234
234 101
101 242
242 88
88 269
269 74
74 236
268 76
76 236
236 98
98 247
247 77
77 248
248 61
61 275
275 75
75 277
277 56
56 257
257 65
65 279
279 59
59 268
271 94
94 258
258 65
65 268
268 31
31 271
12 313
313 10
10 348
348 13
13 316
316 11
11 320
320 4
4 312
312 59
59 288
288 62
62 275
275 85
85 257
257 90
90 252
252 68
68 227
227 111
111 267
267 57
57 300
300 36
36 309
309 16
16 307
307 19
19 298
298 42
42 292
292 47
47 283
283 58
58 274
274 37
37 271
271 50
50 276
276 12
312 17
17 294
294 32
32 291
291 27
27 303
303 14
14 312
263 97
97 223
223 105
105 211
211 109
109 305
305 60
60 259
259 53
53 295
295 37
37 281
281 48
48 263
317 19
19 308
308 15
15 326
326 7
7 306
306 89
89 263
263 65
65 312
312 40
40 313
313 24
24 307
307 47
47 304
304 12
12 317
40 342
342 16
16 338
338 12
12 327
327 40
15 328
328 40
40 320
320 15
307 72
72 299
299 54
54 306
306 45
45 302
302 64
64 270
270 23
23 285
285 28
28 341
341 19
19 323
323 15
15 315
315 59
59 336
336 4
4 322
322 32
32 307
262 87
87 236
236 81
81 227
227 129
129 257
257 112
112 234
234 114
114 307
307 53
53 262
180 165
165 172
172 139
139 176
176 157
157 181
181 126
126 179
179 145
145 180
117 216
216 131
131 208
208 148
148 188
188 121
121 171
171 142
142 191
191 140
140 183
183 192
192 126
126 202
202 146
146 180
180 159
159 132
132 187
187 117
161 195
195 137
137 251
251 86
86 248
248 84
84 240
240 131
131 239
239 175
175 174
174 125
125 201
201 154
154 161
167 181
181 161
161 170
170 160
160 167
147 176
176 151
151 218
218 93
93 222
222 109
109 214
214 143
143 182
182 145
145 191
191 166
166 167
167 147
155 196
196 153
153 220
220 137
137 216
216 146
146 217
217 133
133 179
179 176
176 173
173 142
142 212
212 115
115 242
242 147
147 180
180 155
102 245
245 105
105 232
232 150
150 191
191 180
180 163
163 188
188 165
165 184
184 155
155 205
205 132
132 199
199 141
141 203
203 117
117 206
206 128
128 235
235 101
101 236
236 108
108 211
211 119
119 238
238 102
49 280
280 61
61 274
274 102
102 231
231 100
100 262
262 49
317 28
28 376
376 16
16 349
349 19
19 343
343 18
18 316
316 39
39 294
294 49
49 314
314 17
17 318
318 14
14 317
200 167
167 170
170 218
218 173
173 186
186 127
127 200
194 186
186 178
178 157
157 198
198 197
197 172
172 190
190 139
139 189
189 122
122 229
229 116
116 230
230 119
119 225
225 103
103 222
222 181
181 194
202 149
149 213
213 117
117 242
242 122
122 207
207 166
166 199
199 186
186 196
196 184
184 194
194 163
163 209
209 136
136 234
234 134
134 202
110 266
266 71
71 276
276 74
74 286
286 91
91 253
253 101
101 241
241 127
127 231
231 113
113 232
232 106
106 227
227 110
222 124
124 219
219 123
123 222
140 201
201 156
156 222
222 107
107 236
236 110
110 246
246 141
141 202
202 155
155 212
212 183
183 145
145 200
200 140
237 148
148 229
229 126
126 219
219 128
128 232
232 119
119 236
236 109
109 259
259 108
108 241
241 123
123 223
223 177
177 168
168 201
201 145
145 216
216 140
140 237
196 239
239 176
176 189
189 151
151 214
214 132
132 224
224 136
136 226
226 107
107 240
240 133
133 235
235 139
139 221
221 137
137 230
230 162
162 187
187 196
260 105
105 263
263 103
103 252
252 96
96 279
279 92
92 243
243 142
142 179
179 160
160 211
211 152
152 203
203 196
196 237
237 93
93 260
227 167
167 216
216 152
152 235
235 138
138 206
206 165
165 191
191 210
210 166
166 227
263 113
113 250
250 81
81 264
264 116
116 256
256 109
109 248
248 119
119 252
252 111
111 263
212 158
158 206
206 184
184 199
199 236
236 137
137 246
246 135
135 240
240 126
126 249
249 151
151 234
234 168
168 195
195 163
163 263
263 149
149 215
215 159
159 226
226 156
156 212
153 215
215 163
163 212
212 178
178 190
190 193
193 157
157 224
224 183
183 214
214 153
153 223
223 174
174 219
219 153
6 339
339 17
17 380
380 15
15 381
381 3
3 347
347 59
59 321
321 111
111 269
269 110
110 248
248 129
129 262
262 153
153 243
243 140
140 245
245 165
165 209
209 170
170 185
185 161
161 203
203 192
192 188
188 191
191 187
187 227
227 130
130 225
225 144
144 244
244 95
95 274
274 82
82 285
285 55
55 295
295 58
58 296
296 43
43 311
311 44
44 348
348 33
33 310
310 29
29 308
308 30
30 303
303 35
35 298
298 21
21 345
345 11
11 331
331 24
24 326
326 20
20 334
334 50
50 297
297 48
48 291
291 65
65 304
304 57
57 292
292 63
63 315
315 36
36 301
301 61
61 287
287 96
96 260
260 79
79 294
294 56
56 283
283 69
69 314
314 60
60 317
317 6
309 65
65 303
303 49
49 302
302 61
61 318
318 37
37 329
329 8
8 324
324 44
44 313
313 41
41 309
1 363
363 35
35 308
308 42
42 309
309 72
72 360
360 26
26 337
337 6
6 340
340 1
4 402
402 2
2 372
372 26
26 367
367 11
11 352
352 4
4 371
371 11
11 369
369 4
270 99
99 273
273 76
76 283
283 94
94 291
291 67
67 270
250 134
134 266
266 126
126 250
73 303
303 129
129 252
252 131
131 250
250 127
127 280
280 82
82 296
296 63
63 297
297 51
51 323
323 42
42 316
316 68
68 290
290 114
114 272
272 78
78 270
270 73
277 102
102 291
291 99
99 277
349 66
66 292
292 88
88 264
264 154
154 220
220 204
204 155
155 277
277 138
138 242
242 139
139 258
258 112
112 273
273 104
104 253
253 124
124 247
247 100
100 271
271 97
97 282
282 106
106 283
283 80
80 284
284 70
70 287
287 73
73 268
268 71
71 326
326 41
41 334
334 31
31 331
331 37
37 349
155 225
225 170
170 211
211 164
164 207
207 155
217 178
178 213
213 164
164 224
224 208
208 157
157 229
229 155
155 234
234 161
161 220
220 200
200 191
191 201
201 171
171 217
187 224
224 180
180 203
203 193
193 217
217 187
115 271
271 127
127 253
253 136
136 232
232 155
155 242
242 146
146 231
231 152
152 230
230 187
187 212
212 166
166 238
238 137
137 248
248 115
115 307
307 131
131 260
260 112
112 259
259 115
304 95
95 265
265 81
81 336
336 69
69 304
320 85
85 286
286 87
87 297
297 80
80 299
299 84
84 292
292 70
70 304
304 115
115 278
278 71
71 320
20 346
346 36
36 324
324 90
90 295
295 93
93 320
320 46
46 322
322 38
38 355
355 23
23 338
338 41
41 349
349 34
34 327
327 20
330 42
42 341
341 37
37 351
351 20
20 373
373 5
5 356
356 8
8 365
365 24
24 345
345 29
29 354
354 21
21 347
347 9
9 330
96 292
292 105
105 275
275 122
122 255
255 143
143 241
241 156
156 244
244 146
146 289
289 96
61 324
324 60
60 340
340 101
101 287
287 71
71 290
290 96
96 294
294 138
138 304
304 77
77 281
281 76
76 302
302 54
54 355
355 55
55 301
301 79
79 300
300 67
67 298
298 62
62 313
313 48
48 319
319 61
335 79
79 302
302 105
105 314
314 84
84 312
312 70
70 344
344 38
38 335
97 288
288 75
75 276
276 97
24 423
423 17
17 383
383 6
6 359
359 31
31 338
338 56
56 306
306 64
64 311
311 81
81 290
290 107
107 276
276 103
103 285
285 92
92 303
303 83
83 284
284 86
86 268
268 147
147 259
259 132
132 299
299 97
97 309
309 45
45 373
373 24
29 395
395 24
24 403
403 5
5 378
378 29
51 338
338 44
44 328
328 48
48 327
327 43
43 310
310 51
45 352
352 43
43 332
332 51
51 316
316 45
333 47
47 328
328 45
45 369
369 32
32 384
384 21
21 399
399 11
11 382
382 29
29 364
364 46
46 335
335 40
40 333
9 400
400 11
11 411
411 19
19 370
370 14
14 382
382 13
13 363
363 36
36 366
366 9
353 27
27 382
382 36
36 376
376 32
32 398
398 9
9 357
357 43
43 385
385 3
3 415
415 2
2 448
448 29
29 446
446 6
6 396
396 68
68 333
333 60
60 346
346 49
49 337
337 61
61 329
329 58
58 330
330 7
7 407
407 4
4 422
422 10
10 353
203 211
211 192
192 212
212 196
196 210
210 201
201 203
250 190
190 198
198 172
172 225
225 159
159 233
233 157
157 250
100 279
279 113
113 270
270 98
98 294
294 108
108 264
264 100
169 240
240 155
155 271
271 145
145 278
278 117
117 291
291 116
116 273
273 125
125 270
270 126
126 268
268 121
121 300
300 104
104 282
282 100
100 284
284 124
124 274
274 174
174 258
258 181
181 229
229 185
185 209
209 182
182 215
215 169
235 198
198 227
227 222
222 204
204 228
228 169
169 235
323 73
73 354
354 60
60 388
388 55
55 356
356 27
27 359
359 72
72 330
330 78
78 325
325 89
89 328
328 88
88 317
317 63
63 323
76 362
362 7
7 377
377 28
28 359
359 59
59 381
381 65
65 384
384 34
34 363
363 39
39 339
339 41
41 366
366 54
54 327
327 83
83 325
325 113
113 323
323 94
94 301
301 120
120 297
297 112
112 269
269 180
180 257
257 141
141 251
251 155
155 249
249 170
170 235
235 158
158 250
250 137
137 255
255 203
203 213
213 179
179 220
220 163
163 283
283 154
154 265
265 123
123 315
315 76
350 53
53 322
322 74
74 321
321 85
85 333
333 76
76 345
345 30
30 350
110 293
293 82
82 281
281 155
155 301
301 124
124 292
292 110
273 162
162 231
231 164
164 230
230 160
160 247
247 156
156 255
255 157
157 249
249 161
161 256
256 137
137 273
316 112
112 305
305 132
132 264
264 139
139 273
273 121
121 294
294 100
100 306
306 138
138 320
320 135
135 260
260 151
151 262
262 136
136 300
300 123
123 290
290 103
103 316
231 187
187 238
238 167
167 243
243 178
178 231
52 335
335 108
108 313
313 67
67 308
308 109
109 279
279 133
133 267
267 168
168 243
243 189
189 223
223 193
193 205
205 195
195 231
231 169
169 244
244 171
171 233
233 213
213 239
239 200
200 224
224 188
188 259
259 170
170 270
270 130
130 282
282 145
145 316
316 84
84 327
327 86
86 336
336 97
97 319
319 52
119 307
307 122
122 323
323 118
118 306
306 119
272 161
161 271
271 157
157 272
163 265
265 164
164 242
242 177
177 253
253 152
152 246
246 163
127 276
276 134
134 261
261 163
163 272
272 127
400 59
59 363
363 44
44 366
366 82
82 322
322 57
57 310
310 107
107 298
298 127
127 306
306 129
129 338
338 119
119 308
308 92
92 296
296 87
87 321
321 98
98 326
326 102
102 302
302 96
96 318
318 62
62 348
348 52
52 331
331 110
110 343
343 42
42 375
375 37
37 347
347 50
50 350
350 33
33 391
391 14
14 400
353 99
99 312
312 106
106 339
339 73
73 357
357 56
56 359
359 50
50 358
358 33
33 393
393 18
18 409
409 5
5 404
404 16
16 400
400 25
25 353
8 420
420 60
60 378
378 12
12 417
417 19
19 415
415 21
21 394
394 8
251 189
189 246
246 186
186 262
262 167
167 241
241 188
188 251
137 275
275 152
152 254
254 165
165 260
260 143
143 267
267 144
144 252
252 197
197 212
212 194
194 207
207 244
244 185
185 250
250 200
200 251
251 193
193 229
229 191
191 255
255 169
169 264
264 141
141 266
266 137
241 187
187 234
234 243
243 173
173 241
206 225
225 224
224 212
212 206
260 192
192 255
255 194
194 220
220 206
206 241
241 204
204 229
229 208
208 230
230 183
183 260
286 194
194 260
260 171
171 267
267 163
163 294
294 164
164 276
276 143
143 296
296 121
121 302
302 128
128 286
209 240
240 199
199 223
223 207
207 209
219 209
209 216
216 202
202 246
246 196
196 218
218 195
195 219
263 183
183 257
257 211
211 232
232 209
209 227
227 215
215 225
225 228
228 219
219 238
238 212
212 252
252 205
205 236
236 220
220 258
258 198
198 247
247 177
177 249
249 173
173 263
280 163
163 277
277 189
189 263
263 167
167 275
275 146
146 280
374 33
33 361
361 22
22 383
383 45
45 334
334 57
57 341
341 81
81 386
386 28
28 387
387 26
26 409
409 100
100 328
328 115
115 319
319 117
117 279
279 153
153 269
269 170
170 272
272 212
212 244
244 257
257 217
217 237
237 223
223 235
235 224
224 262
262 195
195 242
242 166
166 280
280 136
136 286
286 137
137 324
324 63
63 392
392 13
13 410
410 5
5 414
414 32
32 412
412 14
14 411
411 25
25 430
430 11
11 401
401 15
15 402
402 8
8 374
299 155
155 307
307 149
149 286
286 153
153 287
287 140
140 281
281 134
134 292
292 139
139 299
1 428
428 18
18 408
408 80
80 354
354 101
101 344
344 138
138 312
312 144
144 299
299 166
166 300
300 141
141 295
295 125
125 364
364 84
84 332
332 74
74 329
329 63
63 351
351 49
49 349
349 42
42 368
368 22
22 377
377 41
41 379
379 20
20 374
374 38
38 371
371 30
30 353
353 1
47 393
393 36
36 399
399 42
42 382
382 48
48 353
353 47
37 391
391 48
48 395
395 30
30 374
374 27
27 372
372 47
47 377
377 37
389 37
37 380
380 20
20 389
350 102
102 330
330 90
90 350
326 136
136 317
317 95
95 350
350 75
75 337
337 57
57 383
383 66
66 378
378 69
69 342
342 64
64 355
355 87
87 366
366 62
62 356
356 107
107 326
326 126
126 285
285 130
130 274
274 142
142 245
245 148
148 282
282 178
178 371
371 92
92 310
310 127
127 305
305 120
120 314
314 109
109 326
83 379
379 57
57 374
374 72
72 365
365 99
99 359
359 83
64 369
369 58
58 414
414 56
56 373
373 83
83 355
355 95
95 345
345 85
85 363
363 64
114 351
351 94
94 388
388 64
64 356
356 77
77 331
331 86
86 341
341 67
67 358
358 116
116 298
298 114
3 435
435 69
69 380
380 72
72 377
377 99
99 372
372 52
52 352
352 75
75 402
402 40
40 376
376 86
86 373
373 105
105 325
325 130
130 315
315 127
127 318
318 141
141 322
322 131
131 310
310 124
124 309
309 114
114 326
326 104
104 367
367 84
84 382
382 54
54 370
370 35
35 389
389 33
33 397
397 3
4 444
444 5
5 419
419 4
16 428
428 4
4 426
426 16
394 47
47 389
389 49
49 385
385 50
50 400
400 23
23 429
429 19
19 483
483 37
37 394
435 24
24 438
438 42
42 411
411 39
39 391
391 38
38 394
394 22
22 435
416 23
23 404
404 45
45 437
437 10
10 433
433 36
36 435
435 16
16 406
406 48
48 403
403 27
27 439
439 8
8 416
404 28
28 438
438 27
27 404
1 441
441 15
15 468
468 22
22 420
420 47
47 397
397 34
34 404
404 33
33 424
424 32
32 416
416 3
3 451
451 13
13 431
431 14
14 440
440 1
415 51
51 349
349 67
67 394
394 52
52 416
416 68
68 419
419 20
20 413
413 71
71 375
375 53
53 396
396 44
44 415
456 9
9 462
462 33
33 447
447 20
20 422
422 35
35 425
425 21
21 417
417 55
55 415
415 25
25 440
440 19
19 479
479 4
4 456
206 253
253 191
191 249
249 206
142 338
338 170
170 316
316 173
173 271
271 197
197 255
255 206
206 261
261 187
187 310
310 142
90 353
353 108
108 342
342 96
96 327
327 89
89 336
336 90
147 324
324 149
149 319
319 148
148 318
318 137
137 321
321 124
124 336
336 109
109 328
328 114
114 354
354 132
132 308
308 123
123 350
350 111
111 366
366 90
90 331
331 142
142 284
284 147
63 361
361 139
139 297
297 147
147 303
303 151
151 291
291 146
146 296
296 175
175 267
267 172
172 245
245 159
159 268
268 156
156 312
312 155
155 359
359 104
104 348
348 63
117 334
334 70
70 352
352 144
144 314
314 128
128 327
327 117
337 126
126 361
361 88
88 362
362 98
98 335
335 106
106 353
353 102
102 356
356 85
85 346
346 129
129 329
329 117
117 332
332 125
125 337
150 304
304 146
146 298
298 161
161 293
293 163
163 282
282 160
160 281
281 150
286 178
178 308
308 150
150 286
180 308
308 179
179 306
306 180
154 313
313 180
180 286
286 169
169 287
287 165
165 285
285 154
67 393
393 61
61 391
391 54
54 410
410 50
50 397
397 127
127 363
363 89
89 398
398 92
92 378
378 79
79 352
352 97
97 345
345 121
121 325
325 152
152 331
331 140
140 297
297 154
154 284
284 145
145 288
288 153
153 292
292 158
158 278
278 157
157 337
337 76
76 387
387 62
62 385
385 67
277 184
184 248
248 214
214 216
216 221
221 226
226 207
207 265
265 181
181 271
271 177
177 272
272 183
183 277
233 242
242 209
209 261
261 232
232 233
252 242
242 241
241 215
215 252
288 252
252 227
227 231
231 259
259 244
244 224
224 237
237 222
222 249
249 233
233 218
218 254
254 199
199 277
277 168
168 295
295 178
178 291
291 197
197 288
264 222
222 263
263 193
193 267
267 185
185 281
281 176
176 264
264 228
228 229
229 260
260 210
210 246
246 245
245 218
218 256
256 188
188 268
268 182
182 264
185 318
318 158
158 359
359 167
167 290
290 162
162 284
284 174
174 282
282 185
406 70
70 370
370 87
87 374
374 104
104 368
368 109
109 355
355 111
111 352
352 112
112 341
341 93
93 311
311 168
168 313
313 166
166 322
322 154
154 327
327 135
135 325
325 185
185 291
291 181
181 309
309 202
202 251
251 226
226 256
256 235
235 254
254 247
247 278
278 192
192 266
266 195
195 264
264 199
199 269
269 201
201 288
288 187
187 279
279 143
143 315
315 134
134 367
367 116
116 362
362 114
114 349
349 81
81 375
375 90
90 396
396 97
97 414
414 67
67 415
415 59
59 406
405 79
79 406
406 53
53 405
63 405
405 12
12 498
498 55
55 432
432 40
40 447
447 38
38 401
401 63
1 457
457 63
63 456
456 1
225 250
250 238
238 237
237 225
182 317
317 143
143 297
297 182
193 287
287 204
204 283
283 195
195 313
313 182
182 270
270 223
223 249
249 243
243 248
248 225
225 266
266 193
409 76
76 357
357 151
151 315
315 150
150 319
319 171
171 273
273 172
172 316
316 182
182 326
326 169
169 293
293 193
193 294
294 186
186 322
322 191
191 298
298 159
159 334
334 122
122 349
349 120
120 330
330 134
134 350
350 131
131 374
374 98
98 395
395 65
65 385
385 104
104 382
382 132
132 392
392 72
72 403
403 54
54 399
399 46
46 409
45 428
428 59
59 447
447 65
65 409
409 52
52 425
425 45
455 18
18 458
458 6
6 464
464 11
11 454
454 20
20 457
457 5
5 448
448 45
45 442
442 2
2 455
376 84
84 375
375 101
101 379
379 114
114 398
398 112
112 360
360 73
73 376
377 93
93 396
396 102
102 357
357 78
78 381
381 89
89 394
394 77
77 377
91 377
377 105
105 375
375 91
99 395
395 123
123 351
351 138
138 349
349 155
155 332
332 164
164 302
302 196
196 274
274 203
203 348
348 133
133 340
340 125
125 372
372 115
115 375
375 116
116 370
370 73
73 428
428 54
54 412
412 44
44 411
411 130
130 402
402 102
102 405
405 77
77 399
399 57
57 390
390 99
383 93
93 391
391 83
83 381
381 96
96 390
390 74
74 404
404 99
99 389
389 91
91 383
376 128
128 344
344 118
118 343
343 126
126 383
383 94
94 376
82 380
380 84
84 381
381 110
110 339
339 117
117 376
376 82
34 448
448 17
17 433
433 60
60 422
422 56
56 446
446 34
1 481
481 34
34 408
408 41
41 438
438 73
73 384
384 82
82 464
464 42
42 455
455 49
49 441
441 3
3 477
477 1
16 469
469 14
14 452
452 15
15 450
450 16
6 460
460 16
16 459
459 6
465 10
10 444
444 76
76 413
413 41
41 420
420 30
30 433
433 26
26 463
463 8
8 461
461 12
12 454
454 19
19 445
445 25
25 476
476 9
9 465
427 39
39 430
430 41
41 436
436 35
35 440
440 31
31 429
429 48
48 467
467 18
18 465
465 7
7 427
427 47
47 421
421 52
52 451
451 44
44 427
64 465
465 30
30 439
439 64
21 443
443 64
64 427
427 21
26 468
468 31
31 479
479 24
24 469
469 38
38 462
462 26
401 78
78 420
420 82
82 385
385 90
90 407
407 62
62 397
397 74
74 426
426 51
51 418
418 23
23 466
466 3
3 473
473 2
2 471
471 26
26 478
478 59
59 429
429 47
47 442
442 48
48 445
445 39
39 433
433 67
67 430
430 53
53 423
423 50
50 417
417 75
75 401
386 124
124 343
343 134
134 369
369 95
95 381
381 118
118 345
345 157
157 301
301 194
194 296
296 193
193 295
295 187
187 317
317 197
197 293
293 223
223 298
298 192
192 320
320 148
148 375
375 125
125 385
385 96
96 386
324 159
159 301
301 160
160 347
347 154
154 333
333 150
150 324
160 334
334 169
169 341
341 142
142 343
343 159
159 325
325 202
202 319
319 153
153 305
305 174
174 300
300 184
184 303
303 160
165 312
312 184
184 330
330 175
175 305
305 160
160 340
340 148
148 344
344 135
135 342
342 158
158 324
324 162
162 292
292 165
267 219
219 271
271 188
188 273
273 214
214 292
292 198
198 267
327 193
193 309
309 188
188 322
322 218
218 267
267 266
266 259
259 236
236 251
251 233
233 293
293 200
200 264
264 249
249 229
229 262
262 255
255 209
209 253
253 215
215 246
246 220
220 268
268 217
217 281
281 203
203 297
297 156
156 327
368 162
162 340
340 163
163 327
327 171
171 337
337 160
160 328
328 113
113 357
357 120
120 365
365 103
103 311
311 165
165 367
367 146
146 368
354 137
137 369
369 135
135 365
365 131
131 354
386 119
119 357
357 133
133 354
354 148
148 368
368 107
107 405
405 117
117 388
388 101
101 386
89 387
387 98
98 390
390 106
106 356
356 160
160 350
350 158
158 346
346 134
134 386
386 89
321 189
189 351
351 141
141 321
431 51
51 438
438 84
84 400
400 145
145 321
321 194
194 331
331 245
245 250
250 240
240 231
231 230
230 263
263 291
291 207
207 289
289 217
217 279
279 222
222 271
271 221
221 253
253 286
286 212
212 299
299 192
192 311
311 147
147 354
354 140
140 336
336 179
179 406
406 89
89 401
401 57
57 437
437 46
46 431
453 53
53 479
479 36
36 453
417 79
79 408
408 58
58 417
438 62
62 432
432 93
93 409
409 78
78 417
417 70
70 453
453 74
74 429
429 61
61 460
460 19
19 487
487 4
4 488
488 13
13 471
471 42
42 468
468 29
29 454
454 51
51 449
449 54
54 438
397 118
118 389
389 107
107 381
381 115
115 397
411 134
134 385
385 142
142 349
349 164
164 342
342 147
147 352
352 156
156 304
304 213
213 325
325 178
178 307
307 222
222 303
303 200
200 301
301 161
161 362
362 160
160 365
365 148
148 355
355 144
144 360
360 120
120 381
381 146
146 382
382 116
116 397
397 66
66 411
94 401
401 90
90 421
421 79
79 473
473 48
48 454
454 52
52 462
462 61
61 445
445 80
80 411
411 57
57 472
472 3
3 482
482 14
14 489
489 33
33 469
469 122
122 353
353 141
141 373
373 140
140 378
378 103
103 394
394 94
380 137
137 361
361 164
164 355
355 152
152 364
364 151
151 411
411 94
94 413
413 109
109 380
87 404
404 139
139 380
380 87
176 323
323 161
161 345
345 183
183 285
285 211
211 272
272 231
231 265
265 284
284 199
199 300
300 209
209 283
283 228
228 290
290 204
204 305
305 176
309 208
208 264
264 220
220 329
329 191
191 359
359 201
201 287
287 199
199 313
313 198
198 309
206 322
322 219
219 274
274 269
269 277
277 206
192 315
315 231
231 282
282 227
227 253
253 273
273 216
216 332
332 182
182 321
321 190
190 306
306 212
212 289
289 254
254 237
237 251
251 250
250 260
260 276
276 205
205 270
270 230
230 258
258 225
225 304
304 209
209 317
317 206
206 309
309 266
266 302
302 192
336 181
181 334
334 192
192 316
316 176
176 336
239 281
281 234
234 267
267 236
236 261
261 239
379 156
156 372
372 161
161 343
343 165
165 380
380 144
144 366
366 151
151 376
376 133
133 379
356 165
165 379
379 105
105 390
390 108
108 405
405 125
125 387
387 126
126 353
353 155
155 354
354 150
150 377
377 141
141 378
378 152
152 356
338 185
185 334
334 182
182 352
352 153
153 388
388 120
120 370
370 179
179 356
356 196
196 306
306 244
244 285
285 232
232 280
280 215
215 292
292 253
253 248
248 275
275 239
239 283
283 229
229 333
333 214
214 316
316 198
198 314
314 221
221 279
279 225
225 336
336 186
186 324
324 173
173 360
360 163
163 394
394 104
104 408
408 132
132 383
383 160
160 368
368 164
164 382
382 159
159 364
364 157
157 361
361 172
172 341
341 184
184 338
170 347
347 203
203 320
320 204
204 308
308 205
205 349
349 176
176 340
340 170
166 373
373 147
147 358
358 170
170 361
361 166
135 398
398 151
151 374
374 135
470 58
58 451
451 93
93 447
447 106
106 395
395 133
133 391
391 148
148 378
378 149
149 387
387 152
152 392
392 142
142 389
389 135
135 370
370 153
153 369
369 166
166 350
350 206
206 330
330 197
197 338
338 178
178 363
363 154
154 400
400 87
87 410
410 85
85 429
429 119
119 399
399 81
81 393
393 83
83 425
425 68
68 438
438 75
75 431
431 21
21 470
492 25
25 452
452 17
17 493
493 44
44 455
455 46
46 448
448 56
56 470
470 6
6 492
35 469
469 43
43 433
433 91
91 412
412 102
102 413
413 100
100 418
418 81
81 455
455 54
54 493
493 37
37 485
485 53
53 478
478 27
27 463
463 35
481 15
15 482
482 41
41 483
483 35
35 466
466 49
49 474
474 6
6 481
1 497
497 18
18 481
481 26
26 475
475 16
16 492
492 1
54 469
469 63
63 463
463 54
60 468
468 51
51 471
471 71
71 466
466 54
54 459
459 52
52 457
457 40
40 443
443 28
28 434
434 90
90 415
415 72
72 445
445 79
79 465
465 67
67 437
437 60
452 77
77 422
422 66
66 424
424 70
70 456
456 65
65 452
131 405
405 112
112 437
437 114
114 452
452 78
78 462
462 60
60 448
448 87
87 419
419 96
96 407
407 158
158 377
377 154
154 386
386 169
169 373
373 194
194 327
327 174
174 342
342 168
168 355
355 178
178 399
399 131
103 433
433 66
66 427
427 72
72 439
439 90
90 457
457 120
120 436
436 107
107 396
396 95
95 384
384 103
423 89
89 422
422 95
95 409
409 111
111 442
442 81
81 458
458 28
28 444
444 68
68 469
469 77
77 467
467 57
57 423
395 136
136 423
423 82
82 438
438 108
108 395
103 418
418 101
101 401
401 104
104 435
435 82
82 444
444 110
110 384
384 116
116 395
395 140
140 403
403 141
141 393
393 103
88 443
443 72
72 451
451 70
70 427
427 85
85 438
438 88
50 481
481 72
72 456
456 93
93 466
466 76
76 479
479 75
75 440
440 88
88 444
444 89
89 424
424 103
103 412
412 131
131 402
402 159
159 389
389 143
143 408
408 118
118 474
474 50
480 60
60 482
482 57
57 483
483 42
42 496
496 51
51 484
484 16
16 494
494 50
50 480
410 141
141 404
404 97
97 410
232 303
303 225
225 309
309 210
210 310
310 262
262 241
241 281
281 255
255 304
304 234
234 287
287 211
211 307
307 288
288 232
401 145
145 404
404 149
149 403
403 155
155 370
370 167
167 372
372 165
165 358
358 180
180 341
341 219
219 332
332 236
236 272
272 226
226 289
289 263
263 267
267 247
247 290
290 232
232 296
296 199
199 326
326 195
195 347
347 187
187 337
337 191
191 361
361 184
184 343
343 173
173 346
346 189
189 335
335 113
113 413
413 132
132 420
420 123
123 427
427 125
125 412
412 112
112 415
415 115
115 410
410 127
127 401
121 426
426 99
99 409
409 126
126 414
414 116
116 413
413 121
104 417
417 92
92 428
428 94
94 422
422 111
111 419
419 121
121 410
410 128
128 384
384 137
137 401
401 124
124 416
416 104
66 459
459 92
92 455
455 82
82 456
456 104
104 446
446 66
308 227
227 294
294 252
252 289
289 229
229 313
313 223
223 310
310 212
212 327
327 215
215 308
419 134
134 433
433 117
117 419
477 62
62 454
454 87
87 461
461 112
112 425
425 109
109 429
429 118
118 419
419 136
136 396
396 157
157 383
383 176
176 360
360 175
175 362
362 184
184 366
366 199
199 315
315 242
242 256
256 317
317 217
217 312
312 239
239 295
295 230
230 294
294 238
238 264
264 300
300 229
229 301
301 241
241 296
296 237
237 333
333 231
231 321
321 216
216 308
308 220
220 318
318 198
198 356
356 192
192 370
370 186
186 398
398 153
153 412
412 128
128 451
451 113
113 460
460 66
66 496
496 53
53 489
489 40
40 477
454 74
74 481
481 59
59 488
488 79
79 467
467 83
83 470
470 64
64 454
495 29
29 475
475 83
83 469
469 76
76 490
490 62
62 493
493 63
63 471
471 84
84 463
463 96
96 454
454 85
85 459
459 89
89 477
477 78
78 480
480 19
19 495
334 221
221 339
339 214
214 334
243 339
339 229
229 337
337 222
222 348
348 205
205 320
320 234
234 328
328 233
233 279
279 249
249 274
274 251
251 256
256 290
290 248
248 296
296 294
294 247
247 272
272 297
297 258
258 235
235 265
265 264
264 268
268 243
256 270
270 257
257 256
292 261
261 260
260 256
256 295
295 254
254 292
342 244
244 327
327 220
220 342
372 217
217 326
326 208
208 369
369 174
174 372
228 349
349 214
214 363
363 182
182 372
372 170
170 367
367 181
181 350
350 222
222 342
342 209
209 338
338 212
212 331
331 225
225 305
305 226
226 306
306 238
238 299
299 240
240 287
287 260
260 274
274 270
270 281
281 292
292 228
314 226
226 355
355 177
177 345
345 229
229 342
342 228
228 320
320 211
211 314
103 480
480 87
87 465
465 81
81 472
472 101
101 449
449 144
144 396
396 223
223 366
366 249
249 314
314 243
243 271
271 275
275 293
293 246
246 334
334 188
188 387
387 154
154 403
403 167
167 404
404 150
150 414
414 140
140 409
409 129
129 434
434 99
99 439
439 98
98 431
431 115
115 428
428 103
450 105
105 465
465 98
98 455
455 116
116 415
415 130
130 456
456 103
103 430
430 118
118 442
442 114
114 441
441 88
88 450
127 438
438 86
86 469
469 95
95 444
444 121
121 421
421 127
94 461
461 117
117 463
463 107
107 470
470 123
123 448
448 94
120 469
469 96
96 475
475 71
71 498
498 59
59 485
485 87
87 484
484 101
101 477
477 121
121 460
460 120
487 83
83 476
476 103
103 485
485 72
72 482
482 120
120 459
459 94
94 458
458 85
85 473
473 86
86 464
464 88
88 494
494 35
35 487
495 66
66 497
497 10
10 491
491 73
73 492
492 39
39 487
487 64
64 486
486 76
76 481
481 81
81 468
468 80
80 462
462 97
97 444
444 128
128 416
416 182
182 386
386 162
162 391
391 176
176 395
395 148
148 435
435 124
124 427
427 127
127 419
419 126
126 455
455 110
110 450
450 21
21 495
326 256
256 286
286 285
285 275
275 291
291 283
283 251
251 280
280 259
259 322
322 226
226 325
325 239
239 326
307 274
274 273
273 287
287 264
264 272
272 257
257 327
327 250
250 338
338 233
233 337
337 248
248 326
326 224
224 298
298 235
235 307
305 276
276 277
277 281
281 284
284 301
301 230
230 305
259 355
355 256
256 331
331 241
241 315
315 278
278 270
270 304
304 272
272 312
312 246
246 352
352 239
239 342
342 231
231 336
336 238
238 309
309 257
257 289
289 275
275 305
305 247
247 303
303 237
237 320
320 262
262 313
313 261
261 321
321 252
252 329
329 267
267 282
282 259
309 276
276 306
306 258
258 349
349 279
279 270
270 309
202 357
357 247
247 318
318 301
301 311
311 213
213 324
324 204
204 340
340 269
269 303
303 309
309 268
268 282
282 280
280 298
298 254
254 296
296 332
332 225
225 351
351 202
252 394
394 169
169 392
392 202
202 344
344 267
267 352
352 252
436 133
133 431
431 102
102 472
472 89
89 473
473 137
137 420
420 150
150 421
421 149
149 415
415 159
159 418
418 143
143 441
441 130
130 436
374 186
186 403
403 157
157 436
436 134
134 430
430 165
165 385
385 163
163 374
195 388
388 162
162 413
413 166
166 407
407 153
153 449
449 114
114 465
465 107
107 480
480 147
147 427
427 129
129 422
422 171
171 374
374 172
172 367
367 239
239 356
356 233
233 341
341 250
250 330
330 235
235 366
366 252
252 326
326 253
253 310
310 313
313 264
264 290
290 265
265 325
325 259
259 295
295 293
293 291
291 307
307 255
255 346
346 188
188 364
364 185
185 358
358 195
100 475
475 109
109 461
461 99
99 458
458 102
102 453
453 128
128 450
450 148
148 424
424 181
181 371
371 185
185 376
376 175
175 368
368 195
195 386
386 194
194 432
432 100
431 174
174 409
409 156
156 390
390 160
160 384
384 164
164 375
375 207
207 365
365 203
203 361
361 200
200 368
368 199
199 370
370 243
243 319
319 213
213 343
343 209
209 358
358 193
193 362
362 204
204 347
347 208
208 374
374 173
173 380
380 168
168 446
446 149
149 431
135 434
434 152
152 405
405 138
138 422
422 132
132 469
469 156
156 415
415 154
154 431
431 135
440 119
119 443
443 118
118 462
462 92
92 476
476 98
98 479
479 99
99 466
466 110
110 464
464 94
94 481
481 84
84 483
483 128
128 458
458 104
104 457
457 146
146 429
429 155
155 444
444 132
132 425
425 131
131 473
473 95
95 471
471 129
129 428
428 140
140 451
451 142
142 439
439 135
135 454
454 108
108 440
495 108
108 483
483 103
103 481
481 107
107 484
484 122
122 480
480 116
116 482
482 88
88 467
467 149
149 454
454 139
139 442
442 127
127 448
448 124
124 440
440 100
100 495
119 491
491 81
81 490
490 78
78 498
498 104
104 472
472 119
414 190
190 323
323 291
291 303
303 271
271 317
317 258
258 351
351 236
236 378
378 193
193 367
367 189
189 373
373 177
177 413
413 180
180 401
401 194
194 411
411 157
157 416
416 138
138 419
419 158
158 414
397 178
178 431
431 203
203 410
410 169
169 414
414 164
164 390
390 163
163 397
134 455
455 142
142 453
453 132
132 445
445 131
131 459
459 136
136 467
467 157
157 433
433 180
180 416
416 168
168 397
397 161
161 402
402 170
170 384
384 195
195 389
389 173
173 447
447 154
154 425
425 141
141 434
434 153
153 438
438 134
418 188
188 381
381 204
204 409
409 175
175 443
443 145
145 428
428 151
151 434
434 164
164 417
417 167
167 418
187 372
372 200
200 375
375 199
199 390
390 201
201 360
360 206
206 354
354 187
150 440
440 143
143 423
423 184
184 383
383 187
187 413
413 183
183 385
385 195
195 396
396 186
186 393
393 176
176 417
417 178
178 418
418 169
169 456
456 160
160 424
424 150
119 483
483 154
154 461
461 113
113 497
497 91
91 493
493 86
86 492
492 93
93 488
488 107
107 489
489 114
114 478
478 150
150 459
459 134
134 475
475 119
492 118
118 489
489 109
109 481
481 116
116 492
257 376
376 189
189 397
397 218
218 372
372 215
215 364
364 198
198 335
335 246
246 316
316 276
276 310
310 257
262 327
327 270
270 296
296 275
275 376
376 278
278 349
349 266
266 322
322 276
276 319
319 268
268 330
330 260
260 324
324 262
138 437
437 151
151 435
435 170
170 412
412 200
200 406
406 217
217 373
373 197
197 350
350 210
210 361
361 225
225 365
365 221
221 391
391 189
189 380
380 185
185 395
395 209
209 345
345 241
241 342
342 262
262 326
326 265
265 370
370 212
212 344
344 230
230 340
340 224
224 359
359 238
238 363
363 216
216 367
367 257
257 339
339 263
263 334
334 253
253 354
354 213
213 404
404 173
173 459
459 162
162 423
423 179
179 428
428 195
195 392
392 192
192 382
382 204
204 416
416 183
183 426
426 138
161 440
440 195
195 460
460 162
162 464
464 138
138 430
430 194
194 402
402 186
186 408
408 161
210 408
408 198
198 385
385 208
208 379
379 210
361 246
246 344
344 219
219 360
360 232
232 361
417 186
186 420
420 196
196 393
393 230
230 373
373 228
228 383
383 206
206 368
368 221
221 367
367 234
234 361
361 213
213 382
382 210
210 384
384 197
197 429
429 183
183 417
435 171
171 437
437 165
165 435
297 290
290 277
277 302
302 281
281 297
347 226
226 377
377 219
219 358
358 211
211 347
287 347
347 269
269 342
342 270
270 334
334 289
289 287
371 237
237 336
336 261
261 337
337 288
288 327
327 311
311 302
302 287
287 280
280 300
300 307
307 314
314 285
285 305
305 308
308 284
284 325
325 277
277 356
356 250
250 357
357 258
258 318
318 283
283 312
312 274
274 331
331 264
264 315
315 275
275 329
329 282
282 326
326 297
297 295
295 273
273 355
355 263
263 353
353 241
241 383
383 234
234 384
384 225
225 416
416 213
213 371
189 440
440 166
166 430
430 169
169 445
445 238
238 384
384 258
258 358
358 242
242 348
348 235
235 335
335 220
220 392
392 199
199 381
381 216
216 371
371 229
229 393
393 207
207 411
411 201
201 426
426 187
187 405
405 189
312 295
295 330
330 283
283 372
372 235
235 365
365 261
261 359
359 226
226 374
374 231
231 373
373 259
259 345
345 220
220 375
375 239
239 384
384 267
267 346
346 284
284 324
324 294
294 310
310 286
286 312
318 281
281 316
316 286
286 343
343 271
271 337
337 303
303 307
307 324
324 292
292 312
312 357
357 270
270 354
354 272
272 333
333 285
285 322
322 280
280 318
293 346
346 314
314 325
325 286
286 319
319 318
318 293
290 317
317 309
309 331
331 295
295 321
321 268
268 341
341 288
288 343
343 293
293 305
305 290
214 381
381 211
211 379
379 214
209 426
426 214
214 415
415 240
240 323
323 305
305 312
312 306
306 304
304 333
333 277
277 328
328 300
300 315
315 290
290 298
298 296
296 380
380 251
251 420
420 189
189 400
400 177
177 474
474 179
179 435
435 168
168 465
465 139
139 485
485 160
160 461
461 155
155 438
438 183
183 443
443 200
200 417
417 209
227 404
404 216
216 426
426 219
219 407
407 205
205 390
390 237
237 393
393 249
249 410
410 208
208 401
401 206
206 440
440 224
224 382
382 268
268 335
335 255
255 338
338 281
281 374
374 256
256 362
362 227
202 402
402 230
230 408
408 216
216 428
428 249
249 418
418 191
191 387
387 227
227 396
396 202
275 366
366 242
242 369
369 226
226 367
367 250
250 361
361 245
245 336
336 275
231 390
390 212
212 411
411 223
223 400
400 237
237 407
407 227
227 389
389 231
373 262
262 364
364 241
241 396
396 236
236 373
247 375
375 246
246 373
373 248
248 368
368 247
247 378
378 250
250 377
377 247
172 419
419 199
199 435
435 198
198 423
423 206
206 403
403 232
232 390
390 247
247 388
388 234
234 386
386 221
221 406
406 231
231 381
381 275
275 340
340 265
265 399
399 202
202 414
414 222
222 412
412 172
425 172
172 424
424 163
163 422
422 158
158 425
425 176
176 437
437 185
185 445
445 190
190 424
424 175
175 427
427 240
240 442
442 140
140 457
457 173
173 425
371 233
233 404
404 234
234 392
392 226
226 371
192 436
436 174
174 433
433 192
479 159
159 498
498 152
152 454
454 192
192 398
398 288
288 364
364 277
277 371
371 220
220 425
425 209
209 441
441 184
184 448
448 161
161 463
463 143
143 467
467 148
148 451
451 144
144 492
492 105
105 477
477 146
146 497
497 134
134 468
468 117
117 472
472 125
125 462
462 136
136 478
478 123
123 479
126 480
480 131
131 466
466 111
111 494
494 98
98 488
488 137
137 479
479 126
439 172
172 446
446 189
189 438
438 167
167 439
427 219
219 474
474 185
185 467
467 193
193 413
413 233
233 381
381 241
241 384
384 262
262 405
405 204
204 436
436 197
197 443
443 205
205 422
422 186
186 439
439 153
153 481
481 115
115 470
470 143
143 469
469 138
138 480
480 141
141 458
458 144
144 455
455 174
174 451
451 206
206 427
438 210
210 395
395 211
211 432
432 217
217 448
448 203
203 449
449 180
180 468
468 161
161 466
466 194
194 438
452 198
198 438
438 208
208 427
427 181
181 452
273 337
337 299
299 273
271 353
353 273
273 351
351 271
279 373
373 281
281 342
342 287
287 355
355 279
336 313
313 319
319 296
296 370
370 272
272 362
362 287
287 345
345 264
264 339
339 305
305 336
340 317
317 323
323 333
333 318
318 325
325 329
329 308
308 334
334 309
309 327
327 310
310 332
332 297
297 330
330 336
336 290
290 320
320 316
316 340
265 350
350 293
293 345
345 300
300 330
330 340
340 283
283 348
348 260
260 344
344 265
188 485
485 198
198 456
456 171
171 461
461 163
163 475
475 155
155 471
471 110
110 493
493 96
96 487
487 192
192 466
466 167
167 479
479 164
164 494
494 168
168 453
453 229
229 391
391 242
242 367
367 269
269 363
363 265
265 382
382 279
279 365
365 271
271 352
352 274
274 395
395 226
226 402
402 215
215 417
417 201
201 439
439 188
430 215
215 436
436 213
213 435
435 202
202 430
280 397
397 221
221 398
398 242
242 412
412 243
243 381
381 250
250 403
403 212
212 434
434 182
182 468
468 186
186 459
459 191
191 421
421 226
226 413
413 232
232 416
416 235
235 389
389 268
268 391
391 347
347 317
317 372
372 304
304 345
345 315
315 352
352 280
438 223
223 421
421 234
234 424
424 242
242 406
406 239
239 390
390 255
255 379
379 244
244 369
369 280
280 378
378 272
272 417
417 218
218 438
124 496
496 153
153 480
480 175
175 453
453 239
239 408
408 257
257 369
369 265
265 375
375 259
259 393
393 268
268 413
413 230
230 414
414 228
228 419
419 227
227 438
438 215
215 449
449 208
208 456
456 207
207 423
423 216
216 409
409 241
241 430
430 211
211 455
455 165
165 477
477 183
183 458
458 205
205 463
463 180
180 450
450 181
181 444
444 195
195 454
454 184
184 452
452 140
140 490
490 124
472 171
171 494
494 166
166 476
476 132
132 472
495 128
128 487
487 122
122 491
491 135
135 472
472 136
136 483
483 126
126 495
131 493
493 146
146 484
484 112
112 488
488 131
285 362
362 276
276 359
359 320
320 306
306 341
341 286
286 351
351 290
290 350
350 303
303 343
343 339
339 297
297 349
349 285
259 394
394 283
283 373
373 285
285 381
381 281
281 383
383 280
280 387
387 259
327 348
348 295
295 350
350 321
321 324
324 312
312 327
342 327
327 319
319 337
337 306
306 335
335 329
329 368
368 289
289 342
379 264
264 358
358 282
282 360
360 336
336 342
342 318
318 398
398 259
259 379
294 374
374 312
312 345
345 316
316 341
341 311
311 349
349 337
337 323
323 350
350 296
296 346
346 342
342 338
338 328
328 294
384 253
253 404
404 248
248 384
270 406
406 255
255 403
403 270
388 273
273 377
377 266
266 386
386 267
267 410
410 260
260 404
404 270
270 382
382 293
293 361
361 274
274 369
369 271
271 384
384 252
252 367
367 294
294 379
379 261
261 388
324 330
330 302
302 353
353 315
315 351
351 301
301 379
379 296
296 358
358 284
284 409
409 273
273 404
404 263
263 367
367 298
298 322
322 324
459 231
231 437
437 211
211 459
226 432
432 249
249 434
434 214
214 459
459 248
248 451
451 228
228 440
440 219
219 455
455 213
213 441
441 252
252 423
423 226
482 156
156 483
483 148
148 482
464 218
218 456
456 213
213 464
220 427
427 227
227 464
464 165
165 484
484 185
185 481
481 174
174 488
488 219
219 446
446 201
201 480
480 181
181 482
482 200
200 458
458 212
212 470
470 187
187 450
450 226
226 431
431 240
240 448
448 233
233 419
419 263
263 414
414 277
277 369
369 302
302 344
344 307
307 326
326 341
341 324
324 365
365 323
323 363
363 274
274 388
388 251
251 389
389 254
254 385
385 265
265 400
400 256
256 402
402 268
268 425
425 235
235 426
426 232
232 422
422 220
223 449
449 217
217 436
436 241
241 458
458 202
202 450
450 259
259 412
412 265
265 418
418 293
293 422
422 234
234 432
432 244
244 469
469 144
144 491
491 184
184 484
484 169
169 462
462 209
209 444
444 223
157 486
486 182
182 482
482 193
193 477
477 197
197 457
457 223
223 454
454 220
220 466
466 203
203 472
472 157
495 197
197 481
481 199
199 493
493 175
175 487
487 194
194 477
477 203
203 496
496 170
170 475
475 207
207 460
460 202
202 483
483 177
177 433
433 216
216 498
498 178
178 473
473 157
157 495
326 355
355 345
345 330
330 326
396 289
289 369
369 310
310 379
379 309
309 356
356 290
290 400
400 275
275 418
418 274
274 416
416 258
258 390
390 245
245 427
427 267
267 403
403 268
268 414
414 279
279 394
394 269
269 375
375 276
276 388
388 295
295 361
361 355
355 360
360 326
326 353
353 358
358 307
307 401
401 251
251 396
485 204
204 475
475 202
202 494
494 199
199 485
261 449
449 246
246 428
428 234
234 437
437 232
232 485
485 208
208 463
463 229
229 459
459 240
240 436
436 251
251 430
430 257
257 427
427 253
253 396
396 261
237 438
438 245
245 421
421 225
225 411
411 261
261 419
419 250
250 429
429 237
389 305
305 371
371 314
314 403
403 269
269 425
425 280
280 423
423 276
276 428
428 255
255 433
433 273
273 420
420 266
266 389
291 391
391 271
271 408
408 288
288 405
405 294
294 381
381 317
317 352
352 322
322 331
331 335
335 348
348 329
329 341
341 340
340 371
371 323
323 375
375 292
292 364
364 290
290 385
385 278
278 390
390 291
380 353
353 328
328 343
343 324
324 356
356 318
318 359
359 303
303 380
362 348
348 346
346 370
370 301
301 362
366 307
307 362
362 299
299 366
299 383
383 292
292 386
386 290
290 393
393 284
284 373
373 299
328 394
394 282
282 378
378 299
299 390
390 300
300 367
367 297
297 354
354 328
222 444
444 225
225 457
457 242
242 442
442 253
253 437
437 250
250 421
421 270
270 469
469 271
271 425
425 290
290 395
395 297
297 399
399 287
287 376
376 328
328 363
363 362
362 315
315 387
387 306
306 366
366 324
324 380
380 298
298 396
396 291
291 389
389 302
302 446
446 247
247 471
471 205
205 468
468 218
218 489
489 187
187 476
476 215
215 445
445 216
216 467
467 237
237 443
443 222
477 224
224 445
445 249
249 441
441 221
221 496
496 209
209 472
472 213
213 477
227 470
470 236
236 447
447 211
211 439
439 279
279 434
434 292
292 385
385 296
296 402
402 317
317 391
391 295
295 404
404 285
285 474
474 272
272 427
427 262
262 432
432 256
256 452
452 264
264 444
444 227
456 227
227 477
477 234
234 454
454 226
226 456
461 249
249 451
451 251
251 471
471 255
255 431
431 230
230 445
445 280
280 466
466 232
232 456
456 238
238 461
366 356
356 361
361 327
327 354
354 308
308 374
374 307
307 373
373 325
325 366
363 345
345 365
365 332
332 363
377 311
311 381
381 308
308 378
378 303
303 377
329 383
383 326
326 367
367 342
342 377
377 360
360 371
371 359
359 337
337 363
363 329
366 335
335 354
354 357
357 334
334 391
391 329
329 366
351 349
349 341
341 351
364 351
351 338
338 344
344 319
319 374
374 333
333 383
383 358
358 377
377 365
365 366
366 331
331 364
285 414
414 288
288 433
433 274
274 441
441 384
384 327
327 382
382 303
303 386
386 311
311 415
415 282
282 412
412 309
309 389
389 341
341 380
380 370
370 350
350 354
354 364
364 315
315 388
388 278
278 407
407 285
250 488
488 231
231 475
475 228
228 460
460 230
230 464
464 250
495 205
205 491
491 202
202 476
476 245
245 475
475 250
250 455
455 244
244 442
442 262
262 429
429 285
285 411
411 269
269 461
461 239
239 497
497 184
184 495
486 180
180 490
490 160
160 486
314 434
434 295
295 440
440 258
258 424
424 324
324 389
389 319
319 387
387 325
325 409
409 291
291 412
412 297
297 404
404 296
296 395
395 314
312 393
393 310
310 405
405 335
335 369
369 381
381 312
376 343
343 403
403 315
315 376
386 366
366 367
367 351
351 375
375 362
362 386
201 493
493 214
214 439
439 304
304 412
412 320
320 379
379 386
386 356
356 369
369 339
339 376
376 321
321 385
385 298
298 399
399 334
334 402
402 312
312 418
418 283
283 413
413 314
314 392
392 341
341 465
465 191
191 486
486 201
212 494
494 213
213 486
486 246
246 460
460 242
242 478
478 212
240 486
486 217
217 467
467 252
252 473
473 238
238 459
459 235
235 470
470 275
275 406
406 305
305 396
396 313
313 411
411 300
300 410
410 268
268 445
445 274
274 436
436 243
243 453
453 256
256 442
442 284
284 438
438 267
267 487
487 207
207 484
484 228
228 477
477 240
247 475
475 251
251 454
454 274
274 458
458 267
267 442
442 266
266 453
453 268
268 421
421 293
293 431
431 265
265 419
419 302
302 400
400 313
313 417
417 282
282 426
426 290
290 470
470 249
249 463
463 247
242 479
479 255
255 473
473 256
256 483
483 227
227 462
462 241
241 492
492 221
221 489
489 236
236 476
476 239
239 477
477 242
378 336
336 399
399 354
354 352
352 372
372 361
361 383
383 377
377 381
381 374
374 369
369 380
380 343
343 391
391 344
344 382
382 370
370 390
390 330
330 378
407 298
298 408
408 373
373 348
348 382
382 349
349 403
403 346
346 391
391 350
350 378
378 318
318 413
413 308
308 419
419 306
306 428
428 278
278 432
432 265
265 463
463 264
264 456
456 263
263 450
450 287
287 407
325 401
401 329
329 498
498 246
246 489
489 226
226 494
494 264
264 467
467 311
311 425
425 303
303 408
408 310
310 400
400 325
443 273
273 455
455 313
313 406
406 296
296 420
420 354
354 411
411 325
325 407
407 294
294 449
449 266
266 443
253 451
451 284
284 443
443 253
480 253
253 484
484 242
242 486
486 247
247 480
257 473
473 269
269 439
439 257
223 481
481 248
248 476
476 241
241 490
490 280
280 455
455 277
277 454
454 259
259 491
491 257
257 435
435 298
298 416
416 323
323 415
415 339
339 379
379 342
342 393
393 347
347 397
397 281
281 427
427 290
290 456
456 273
273 480
480 240
240 472
472 223
417 358
358 388
388 327
327 401
401 352
352 387
387 360
360 420
420 299
299 416
416 382
382 355
355 389
389 326
326 417
490 260
260 497
497 256
256 485
485 253
253 490
307 430
430 296
296 445
445 281
281 490
490 259
259 462
462 278
278 463
463 294
294 476
476 268
268 477
477 270
270 429
429 305
305 422
422 301
301 404
404 307
424 349
349 406
406 328
328 467
467 285
285 444
444 291
291 442
442 292
292 488
488 273
273 469
469 297
297 447
447 276
276 424
414 316
316 424
424 286
286 455
455 284
284 468
468 283
283 429
429 290
290 436
436 289
289 423
423 315
315 435
435 307
307 414
318 425
425 332
332 413
413 347
347 402
402 372
372 359
359 396
396 341
341 415
415 331
331 407
407 385
385 362
362 400
400 343
343 401
401 337
337 433
433 290
290 466
466 301
301 447
447 314
314 428
428 328
328 435
435 325
325 434
434 353
353 414
414 318
332 432
432 316
316 455
455 290
290 461
461 331
331 427
427 332
320 459
459 289
289 443
443 332
332 440
440 318
318 412
412 334
334 417
417 320
472 293
293 429
429 310
310 421
421 322
322 416
416 326
326 410
410 335
335 428
428 340
340 398
398 319
319 424
424 320
320 452
452 261
261 472
258 483
483 263
263 472
472 274
274 457
457 265
265 464
464 258
495 270
270 486
486 268
268 479
479 269
269 478
478 265
265 475
475 282
282 480
480 290
290 458
458 332
332 456
456 310
310 437
437 286
286 491
491 273
273 497
497 280
280 493
493 242
242 494
494 258
258 496
496 223
223 495
439 309
309 466
466 295
295 438
438 322
322 448
448 288
288 439
482 283
283 477
477 307
307 468
468 288
288 454
454 287
287 472
472 278
278 482
304 460
460 287
287 474
474 294
294 492
492 282
282 482
482 306
306 429
429 323
323 431
431 335
335 440
440 337
337 439
439 300
300 441
441 327
327 451
451 304
379 363
363 392
392 365
365 418
418 336
336 431
431 326
326 429
429 333
333 412
412 348
348 379
379 390
390 375
375 379
481 305
305 463
463 314
314 472
472 299
299 426
426 303
303 457
457 281
281 485
485 276
276 450
450 348
348 421
421 390
390 393
393 379
379 357
357 391
391 371
371 368
368 396
396 388
388 386
386 397
397 389
389 419
419 321
321 454
454 304
304 481
394 370
370 403
403 366
366 406
406 380
380 409
409 345
345 410
410 363
363 411
411 369
369 394
330 430
430 319
319 437
437 324
324 425
425 320
320 445
445 355
355 423
423 344
344 404
404 330
434 365
365 416
416 360
360 391
391 376
376 408
408 361
361 423
423 388
388 420
420 370
370 432
432 350
350 401
401 371
371 433
433 338
338 452
452 330
330 434
471 284
284 480
480 316
316 438
438 345
345 452
452 355
355 464
464 281
281 479
479 275
275 471
415 356
356 395
395 351
351 412
412 363
363 425
425 354
354 447
447 312
312 471
471 338
338 434
434 326
326 442
442 340
340 429
429 343
343 413
413 368
368 406
406 377
377 394
394 362
362 428
428 346
346 415
395 410
410 352
352 412
412 378
378 395
398 395
395 406
406 376
376 398
487 286
286 478
478 278
278 487
342 473
473 284
284 479
479 298
298 469
469 291
291 487
487 295
295 494
494 292
292 485
485 338
338 474
474 300
300 462
462 361
361 412
412 371
371 416
416 401
401 367
367 402
402 405
405 398
398 357
357 415
415 342
441 341
341 424
424 352
352 459
459 329
329 450
450 321
321 441
484 319
319 483
483 298
298 484
489 283
283 490
490 309
309 461
461 302
302 458
458 318
318 469
469 312
312 484
484 278
278 489
444 328
328 480
480 301
301 488
488 295
295 489
489 334
334 441
441 369
369 446
446 303
303 444
317 457
457 366
366 407
407 364
364 424
424 390
390 438
438 324
324 487
487 323
323 444
444 308
308 422
422 317
404 396
396 386
386 412
412 383
383 404
335 455
455 337
337 441
441 378
378 428
428 376
376 429
429 381
381 439
439 363
363 413
413 372
372 407
407 377
377 408
408 399
399 397
397 392
392 404
404 367
367 437
437 333
333 444
444 335
317 461
461 346
346 450
450 374
374 411
411 377
377 437
437 399
399 422
422 389
389 413
413 367
367 434
434 347
347 431
431 354
354 476
476 335
335 443
443 317
426 402
402 387
387 359
359 427
427 368
368 462
462 308
308 478
478 317
317 426
416 406
406 398
398 413
413 394
394 451
451 373
373 435
435 401
401 429
429 377
377 433
433 379
379 468
468 352
352 440
440 395
395 428
428 385
385 411
411 404
404 416
351 449
449 343
343 443
443 351
351 472
472 339
339 470
470 377
377 473
473 352
352 479
479 320
320 457
457 351
342 497
497 290
290 493
493 284
284 475
475 351
351 417
417 416
416 420
420 397
397 414
414 367
367 444
444 383
383 431
431 349
349 430
430 371
371 426
426 342
448 333
333 475
475 325
325 448
447 363
363 448
448 324
324 490
490 331
331 463
463 371
371 440
440 360
360 447
423 403
403 393
393 447
447 367
367 423
342 488
488 327
327 458
458 369
369 461
461 360
360 441
441 358
358 442
442 391
391 375
375 423
423 386
386 426
426 409
409 408
408 387
387 421
421 394
394 425
425 388
388 430
430 376
376 459
459 356
356 476
476 377
377 474
474 342
443 403
403 442
442 359
359 472
472 389
389 435
435 396
396 410
410 414
414 404
404 419
419 392
392 432
432 385
385 460
460 368
368 436
436 370
370 443
453 375
375 443
443 344
344 453
347 486
486 375
375 466
466 366
366 471
471 313
313 494
494 304
304 492
492 349
349 453
453 388
388 465
465 347
336 469
469 341
341 454
454 336
489 336
336 475
475 370
370 445
445 326
326 489
495 301
301 485
485 335
335 489
489 342
342 477
477 294
294 491
491 314
314 481
481 239
239 495
345 484
484 356
356 478
478 345
353 480
480 343
343 492
492 345
345 456
456 353
353 463
463 357
357 455
455 355
355 457
457 353
453 400
400 410
410 433
433 393
393 466
466 378
378 446
446 372
372 455
455 374
374 469
469 344
344 458
458 384
384 453
417 431
431 398
398 417
487 350
350 467
467 362
362 449
449 380
380 450
450 358
358 481
481 381
381 478
478 382
382 418
418 406
406 417
417 404
404 432
432 411
411 427
427 408
408 429
429 416
416 453
453 365
365 475
475 368
368 491
491 346
346 487
397 460
460 437
437 396
396 445
445 404
404 424
424 387
387 439
439 397
447 432
432 435
435 402
402 443
443 387
387 478
478 410
410 434
434 394
394 444
444 397
397 447
482 372
372 461
461 414
414 424
424 425
425 417
417 452
452 390
390 436
436 412
412 447
447 395
395 454
454 363
363 482
442 413
413 436
436 409
409 442
443 421
421 419
419 406
406 443
462 399
399 451
451 397
397 486
486 370
370 490
490 358
358 458
458 408
408 443
443 424
424 434
434 423
423 447
447 442
442 426
426 417
417 446
446 386
386 440
440 394
394 448
448 395
395 455
455 388
388 462
395 490
490 414
414 464
464 416
416 430
430 406
406 465
465 401
401 449
449 425
425 433
433 427
427 417
417 438
438 398
398 458
458 395
391 474
474 379
379 461
461 395
395 462
462 391
398 496
496 352
352 488
488 377
377 491
491 387
387 494
494 348
348 456
456 385
385 476
476 431
431 433
433 439
439 393
393 450
450 430
430 429
429 419
419 454
454 398
472 398
398 478
478 395
395 467
467 369
369 482
482 343
343 493
493 376
376 472
485 395
395 481
481 441
441 402
402 458
458 420
420 464
464 433
433 435
435 434
434 469
469 386
386 472
472 362
362 484
484 381
381 483
483 326
326 485
470 438
438 427
427 450
450 394
394 493
493 359
359 488
488 371
371 470
485 406
406 476
476 402
402 457
457 374
374 482
482 401
401 471
471 404
404 481
481 399
399 473
473 433
433 470
470 383
383 485
487 363
363 488
488 402
402 485
485 351
351 487
498 411
411 457
457 423
423 467
467 427
427 452
452 442
442 456
456 417
417 451
451 471
471 418
418 487
487 353
353 498
480 437
437 475
475 409
409 480
444 436
436 419
419 444
421 477
477 412
412 458
458 421
495 413
413 461
461 421
421 449
449 436
436 472
472 422
422 444
444 451
451 473
473 420
420 488
488 389
389 491
491 388
388 489
489 357
357 498
498 331
331 495
428 463
463 408
408 496
496 420
420 497
497 447
447 428
483 428
428 449
449 439
439 454
454 424
424 465
465 417
417 483
399 486
486 406
406 492
492 403
403 479
479 424
424 459
459 394
394 474
474 421
421 476
476 434
434 483
483 399
495 399
399 491
491 450
450 429
429 489
489 452
452 435
435 460
460 467
467 446
446 464
464 440
440 466
466 430
430 484
484 372
372 495
466 472
472 449
449 466
454 458
458 466
466 479
479 442
442 454
444 461
461 445
445 474
474 425
425 476
476 435
435 455
455 444
459 429
429 468
468 405
405 478
478 432
432 486
486 444
444 454
454 456
456 451
451 462
462 426
426 459
439 493
493 418
418 485
485 412
412 498
498 408
408 494
494 409
409 492
492 456
456 455
455 459
459 475
475 439
459 468
468 457
457 461
461 459
495 441
441 492
492 412
412 494
494 429
429 487
487 464
464 468
468 463
463 483
483 446
446 470
470 484
484 431
431 485
485 427
427 491
491 451
451 460
460 448
448 415
415 407
407 495
488 454
454 474
474 463
463 492
492 478
478 468
468 465
465 466
466 477
477 433
433 488
481 442
442 485
485 433
433 481
462 482
482 483
483 476
476 471
471 475
475 462
494 470
470 486
486 466
466 474
474 479
479 477
477 490
490 424
424 498
498 448
448 485
485 489
489 462
462 494
491 496
496 492
492 473
473 491
2 481
481 9
3 495
495 39
4 494
494 67
5 493
493 12
6 490
490 100
7 496
496 27
8 489
489 15
11 473
473 212
17 480
480 357
357 495
495 131
20 486
486 28
23 472
472 129
31 488
488 444
444 491
491 64
32 470
470 65
34 493
493 79
37 498
498 40
42 489
489 169
46 481
481 261
53 498
498 58
56 476
476 124
57 496
496 77
61 468
468 90
68 491
491 159
70 484
484 325
80 496
496 135
82 486
486 140
85 478
478 201
92 494
494 248
102 471
471 111
119 479
479 143
127 492
492 160
130 485
485 195
133 475
475 277
138 472
472 139
148 493
493 156
149 482
482 167
150 490
490 162
151 454
454 188
154 487
487 158
163 492
492 192
165 483
483 190
173 489
489 174
176 458
458 196
179 497
497 222
183 495
495 204
186 471
471 271
187 491
491 217
189 498
498 231
191 490
490 210
203 486
486 225
208 489
489 228
211 490
490 305
215 495
495 220
216 493
493 230
219 496
496 257
229 489
489 232
233 452
234 478
478 311
235 485
485 287
238 479
479 440
243 447
244 458
458 482
482 386
247 489
489 253
249 486
486 266
251 476
476 400
254 442
255 493
493 274
258 495
495 259
268 487
487 360
272 486
486 281
273 495
495 283
275 497
497 307
279 470
470 378
285 496
496 292
291 486
486 312
293 494
494 346
296 463
463 308
297 495
495 329
298 485
485 343
299 493
493 385
303 462
462 318
309 492
492 315
320 492
492 437
321 491
491 330
322 478
324 481
481 344
328 455
455 390
332 497
497 339
333 466
466 496
496 422
340 446
446 498
498 371
347 445
445 483
483 380
348 495
495 349
350 489
354 436
436 491
491 430
430 494
494 368
361 474
364 439
439 460
365 490
490 375
373 471
471 484
484 383
374 463
463 459
381 498
498 388
384 464
389 498
498 470
391 467
467 472
472 416
392 487
487 482
482 463
393 473
396 448
398 495
495 427
403 493
493 449
449 483
483 487
487 488
488 495
404 475
405 494
494 471
410 484
425 481
481 467
428 486
486 491
491 438
432 497
497 483
450 493
453 461
465 455
469 491
490 498
498 488
494 476
476 481

