498 9000
431 335
291 32
194 99
218 456
292 442
42 496
479 268
9 90
333 150
192 211
269 394
90 163
433 273
400 325
171 273
363 214
449 217
187 217
154 40
178 397
217 96
236 109
7 286
375 453
20 225
37 394
46 399
13 451
154 161
252 467
35 469
324 343
401 38
464 94
323 118
328 233
298 290
205 99
160 356
242 166
187 230
462 169
453 349
398 413
236 351
230 48
328 354
455 395
317 461
482 3
397 161
471 110
16 469
310 421
2 305
208 410
446 467
138 351
449 472
311 13
388 462
99 359
94 15
473 11
10 21
431 14
235 139
133 357
64 486
50 359
96 475
77 196
11 367
319 483
313 180
189 373
431 135
362 301
193 263
50 480
27 496
140 373
33 18
179 72
454 11
354 73
304 481
156 88
147 268
362 193
482 487
320 425
172 32
89 263
47 266
286 319
57 496
225 309
426 299
271 425
1 335
49 83
202 325
384 73
3 381
42 309
295 489
429 489
33 489
317 19
451 248
28 145
336 261
165 379
327 212
60 97
404 432
304 494
216 381
246 489
226 22
364 215
88 317
377 154
179 435
253 384
368 371
148 102
46 320
145 33
7 99
475 204
428 92
424 387
157 272
88 438
358 33
229 148
5 403
476 25
192 266
49 217
178 102
21 384
370 272
26 462
475 325
134 261
213 325
199 390
460 202
231 342
243 167
148 344
234 384
32 398
117 213
180 269
483 41
20 51
254 218
240 54
226 156
23 285
297 36
38 41
117 334
458 398
26 475
153 287
37 341
474 342
367 216
437 460
393 390
200 224
11 59
448 60
145 288
346 49
497 447
170 52
120 460
337 229
92 398
474 463
202 4
207 119
9 400
270 404
209 165
388 396
352 473
319 296
497 339
464 162
376 278
235 73
362 114
408 230
83 470
100 114
224 180
494 4
380 168
297 399
8 296
355 111
379 468
318 458
175 409
230 116
450 348
87 296
100 235
133 183
119 248
298 479
36 479
430 406
302 369
424 66
121 294
489 232
167 181
487 122
459 289
483 417
6 492
128 189
21 63
4 419
427 485
260 79
256 374
283 477
154 363
98 431
473 79
373 141
216 423
285 28
426 4
142 245
436 197
155 184
480 240
325 366
466 76
204 305
280 300
373 262
137 251
290 264
109 189
439 64
389 472
403 141
405 187
101 449
467 18
100 490
408 377
328 88
144 267
125 25
9 79
14 157
181 334
456 273
327 388
41 31
387 439
321 85
63 315
426 138
169 445
408 498
12 498
259 375
326 136
446 201
14 278
454 321
440 386
150 324
461 445
409 26
180 203
254 152
138 206
358 209
248 337
454 442
5 350
285 404
25 36
458 332
444 397
296 270
497 260
208 157
282 106
356 55
92 211
83 391
330 268
242 155
113 270
192 334
173 55
85 171
365 225
97 410
14 412
191 45
302 61
71 165
497 273
189 120
268 413
139 299
106 122
147 123
441 341
212 289
143 418
127 410
256 295
60 420
434 338
415 59
313 48
258 112
122 480
263 456
406 239
34 404
216 115
422 220
485 276
383 228
369 64
314 128
277 475
332 182
312 469
353 241
480 282
292 2
108 181
168 195
154 297
355 287
219 426
420 416
415 72
103 480
142 179
257 129
155 118
58 185
61 190
186 370
308 67
387 360
313 182
323 375
290 427
183 72
40 252
40 23
265 370
471 475
378 247
182 372
22 383
135 260
102 83
484 185
401 416
470 21
198 316
203 431
473 255
87 485
348 260
463 247
370 19
141 196
399 491
72 96
232 85
256 442
80 445
264 37
47 39
14 91
349 81
165 260
151 96
197 212
343 303
269 88
389 419
89 386
102 96
387 494
170 496
192 255
282 148
125 201
452 330
273 99
61 445
396 435
415 448
373 451
321 261
71 86
370 153
213 435
428 94
116 273
83 325
368 494
146 381
449 153
462 92
13 37
444 223
48 223
212 331
312 40
36 105
74 397
234 386
60 462
393 379
434 151
250 330
34 446
122 64
106 56
205 35
50 161
432 226
148 467
316 51
66 105
489 208
98 57
222 123
122 185
134 276
92 279
212 344
331 295
102 472
377 411
316 172
261 236
352 354
434 164
351 395
194 411
161 234
482 60
427 124
270 406
325 113
96 290
397 218
402 296
11 411
489 221
219 360
250 464
84 172
423 355
6 481
78 357
482 181
174 65
108 236
316 414
94 301
94 72
176 111
369 11
346 293
79 178
198 129
24 242
65 14
404 234
115 131
235 425
68 19
491 122
381 250
274 124
212 478
31 137
163 293
75 180
479 4
121 67
401 350
327 135
203 365
115 481
371 178
137 11
87 419
207 484
100 129
242 478
121 188
126 495
281 140
382 192
203 486
211 81
486 20
417 186
59 478
491 135
183 19
153 76
72 151
306 89
256 497
438 245
369 374
391 133
382 84
155 307
62 79
232 261
70 199
452 264
410 267
181 444
336 89
322 191
225 258
266 259
266 30
257 439
491 377
472 135
169 326
370 87
141 264
394 444
345 259
460 246
405 310
295 438
418 249
248 326
181 336
220 264
13 200
321 87
407 90
63 317
40 333
447 428
400 87
56 277
28 444
69 216
234 320
449 208
13 92
164 224
324 213
81 455
136 162
356 165
358 211
454 444
316 214
90 396
379 41
337 273
83 393
9 215
284 154
437 396
160 347
187 450
247 272
81 468
48 291
442 447
273 409
17 160
55 415
229 339
27 353
94 114
402 230
16 460
267 42
184 44
208 401
423 289
189 122
230 160
249 173
120 288
106 353
188 163
441 114
430 450
135 7
189 14
216 117
469 297
161 181
307 235
50 350
215 417
330 404
350 53
209 114
30 371
346 348
368 107
236 476
258 235
115 415
82 9
183 61
436 241
496 292
480 284
490 477
89 133
416 299
242 412
176 58
167 238
277 369
492 294
230 294
82 130
235 372
1 205
307 477
362 184
436 133
452 77
176 179
214 434
167 359
286 310
148 80
98 488
198 197
146 7
115 428
290 429
87 366
54 189
193 267
204 362
144 82
452 198
190 198
195 313
281 316
487 192
225 421
473 257
239 90
197 93
381 439
73 323
463 249
12 313
213 74
223 496
383 485
116 370
378 141
396 195
79 488
132 85
426 74
123 36
296 193
375 486
81 39
26 103
282 29
232 437
125 82
419 263
470 494
88 200
126 455
377 37
335 40
481 94
44 93
393 18
202 450
379 83
442 139
466 496
180 139
498 448
350 321
410 335
391 93
456 451
239 453
63 493
467 88
169 394
329 383
62 39
160 281
280 383
407 158
481 107
324 389
236 47
62 160
34 327
282 163
309 266
460 435
336 399
50 42
303 222
289 287
421 443
134 386
34 448
409 325
488 389
474 454
422 35
36 228
96 279
154 220
228 169
44 348
145 400
43 123
263 163
376 40
381 118
460 448
174 54
293 5
64 182
228 290
415 116
406 296
10 67
392 169
450 110
96 292
113 461
22 77
457 5
489 452
322 46
57 300
184 341
365 416
360 72
249 470
54 231
290 13
469 244
257 65
95 3
207 244
279 349
193 309
311 301
457 355
429 293
451 52
470 65
492 349
285 19
381 481
78 480
155 175
114 137
119 252
246 293
270 421
490 424
369 134
28 70
314 198
401 352
79 301
165 75
440 14
373 24
82 77
339 376
191 249
168 494
484 471
121 419
176 126
88 242
262 129
391 14
52 319
93 320
253 80
211 83
114 379
150 73
403 24
208 14
158 422
306 320
466 309
70 80
479 19
350 134
248 86
201 11
406 443
354 253
156 268
252 205
357 258
338 16
150 194
26 387
475 250
86 209
287 199
466 430
264 444
280 425
46 258
371 314
357 379
150 315
398 151
40 443
458 202
183 263
241 204
141 266
213 371
295 440
107 389
313 494
242 25
495 205
426 371
352 156
467 143
81 336
318 20
282 97
428 151
259 379
386 154
262 384
196 30
127 159
27 221
242 146
51 349
169 341
318 141
310 51
122 229
227 282
342 269
92 94
9 325
331 110
124 46
363 328
443 28
233 218
305 323
263 97
328 455
488 444
70 456
386 396
349 285
481 404
296 395
180 449
161 170
455 388
395 108
78 401
133 108
97 414
105 275
270 342
209 103
32 470
252 473
140 3
263 339
337 288
381 65
427 181
413 283
58 55
8 463
94 237
11 239
85 188
286 178
291 293
122 484
483 463
290 297
290 68
174 122
389 47
347 50
490 358
130 52
209 345
140 245
429 119
121 3
112 412
267 57
420 299
368 109
299 238
101 253
87 355
436 243
18 255
441 358
100 294
119 307
301 55
36 309
200 417
281 76
38 355
234 1
43 433
220 66
323 487
54 299
343 173
205 468
375 125
171 66
465 18
107 310
286 312
239 200
354 187
459 240
385 254
18 497
362 307
21 14
482 372
353 487
375 246
347 413
342 69
210 438
359 238
75 479
405 125
317 12
167 482
74 25
165 372
183 426
362 428
86 493
260 151
172 267
361 203
447 243
199 141
493 359
212 80
331 31
157 144
74 146
220 200
321 252
467 77
431 154
274 436
452 442
345 316
419 265
400 23
226 136
331 152
484 431
454 488
449 144
308 205
454 259
165 385
65 447
99 31
393 249
211 272
145 147
7 213
326 195
240 155
460 195
83 208
358 147
248 275
437 211
146 493
173 101
117 206
153 388
442 262
208 95
400 265
231 227
88 444
432 217
330 206
495 273
481 109
197 350
38 34
117 327
282 394
309 268
124 222
309 389
428 340
279 217
251 155
383 45
121 45
43 125
497 332
478 53
101 66
221 397
268 243
455 335
87 168
381 120
193 69
427 7
330 340
283 228
228 292
295 53
379 461
117 461
277 184
244 7
189 71
290 123
455 456
147 303
386 356
193 190
485 335
438 223
204 56
242 348
333 466
131 480
420 354
368 164
365 418
184 343
406 419
103 418
156 244
87 410
395 297
40 69
422 171
12 7
3 187
369 244
300 410
57 423
203 477
51 83
271 352
119 483
482 306
298 485
191 359
339 257
55 498
121 300
295 187
131 493
487 128
165 77
51 204
390 424
445 131
128 195
274 249
105 477
213 239
361 137
366 252
369 257
281 373
5 209
63 187
257 430
491 368
342 16
278 489
437 253
238 309
250 134
370 199
428 140
317 309
143 156
74 322
206 212
459 429
440 150
486 266
398 153
95 381
241 206
394 448
306 335
359 427
93 456
215 153
308 381
220 268
393 196
379 261
370 212
356 277
342 379
153 214
138 320
78 40
83 155
113 263
385 456
374 38
439 433
38 89
218 464
419 454
441 213
465 341
485 256
196 153
242 40
495 220
388 94
48 403
428 395
323 113
139 292
37 281
152 231
386 169
196 274
270 223
325 159
233 341
319 344
104 456
319 115
313 41
81 472
455 390
73 59
386 290
157 467
36 177
223 3
374 172
107 57
272 161
24 59
101 242
101 13
92 459
334 221
325 401
466 111
182 352
297 339
27 478
61 62
107 178
38 344
286 180
332 296
51 17
390 237
304 234
87 236
307 468
161 185
362 175
54 59
381 188
389 49
466 232
55 432
466 3
89 16
383 234
162 6
487 291
406 366
492 406
459 229
155 232
205 349
81 17
141 68
265 363
198 309
327 194
294 17
404 414
299 132
63 121
156 312
357 73
155 353
491 73
441 481
389 291
296 63
12 304
394 369
488 4
182 486
262 186
396 186
341 250
313 417
247 63
352 79
290 433
257 256
444 82
260 261
174 258
466 366
278 315
218 35
317 14
377 28
24 435
348 495
114 328
95 86
255 304
190 323
176 425
303 200
470 377
456 442
187 25
445 320
467 79
250 81
260 274
199 264
56 215
400 25
23 38
369 446
262 320
470 498
498 331
303 92
74 269
49 441
159 84
324 380
453 36
329 495
222 103
411 39
455 82
42 438
212 95
430 25
471 26
104 498
472 436
431 398
208 326
254 442
273 455
474 445
6 111
399 42
41 334
490 160
261 337
66 98
300 36
117 329
43 114
309 270
345 452
460 439
226 272
105 211
353 47
284 442
60 468
27 291
25 218
38 157
464 265
304 47
408 104
91 168
430 388
449 401
237 222
316 286
168 122
388 162
352 468
145 404
90 468
483 399
194 296
455 337
441 402
246 163
143 479
344 469
177 63
168 243
99 409
369 4
396 107
420 464
117 463
230 340
404 227
202 12
381 243
413 461
210 361
215 476
374 469
484 112
423 361
417 58
334 289
480 343
306 190
36 366
292 63
378 66
452 15
295 297
198 364
179 122
93 82
327 20
406 313
362 472
1 264
477 193
274 130
191 361
488 59
223 313
374 482
396 241
248 77
363 64
387 421
468 117
63 297
385 82
40 313
274 251
45 428
12 251
361 139
378 308
378 79
107 488
410 260
33 310
327 262
454 74
109 305
381 498
310 29
141 257
53 144
39 209
245 85
369 380
234 421
430 67
454 424
349 142
440 31
439 72
274 493
12 493
122 99
130 485
275 85
343 485
219 153
150 319
497 134
226 314
143 279
335 220
250 378
90 160
164 109
458 327
370 443
144 396
92 206
56 283
23 106
303 160
256 48
165 455
261 163
402 102
118 343
173 50
71 268
238 445
164 230
258 94
461 453
428 276
328 338
395 99
340 163
64 228
212 163
353 102
279 153
91 102
160 461
435 171
283 43
434 212
167 97
351 443
411 457
318 37
227 407
423 53
422 94
3 110
256 290
127 176
335 354
421 394
104 458
300 104
286 169
318 158
48 297
142 161
4 456
59 163
386 292
298 408
366 54
154 400
228 349
448 123
57 467
126 72
272 163
186 123
268 421
395 462
362 285
1 77
207 411
496 285
389 159
251 454
265 123
77 72
415 67
368 221
365 475
258 349
84 233
225 172
244 185
390 239
235 365
128 10
348 13
375 116
494 67
336 124
322 226
465 9
162 8
248 11
382 11
468 51
487 64
387 126
165 13
459 231
244 306
404 295
202 309
133 475
381 311
155 234
260 250
246 352
241 8
480 290
237 303
443 408
382 132
404 416
192 8
63 123
436 368
370 14
399 486
177 373
163 475
61 198
264 32
46 75
371 360
40 489
150 132
329 363
370 135
494 430
86 376
26 325
408 427
89 381
493 242
400 14
138 14
437 310
253 489
473 492
220 83
294 32
476 9
132 199
426 417
305 127
458 369
398 89
62 140
136 89
157 148
50 22
201 191
285 333
491 438
444 97
263 22
409 76
326 307
226 369
400 256
317 258
47 397
418 81
330 197
327 451
476 251
192 492
44 328
16 266
219 100
183 443
90 215
7 217
166 210
326 199
56 338
303 444
432 100
13 382
44 220
453 388
379 210
370 390
442 266
196 210
110 170
416 213
490 162
333 444
99 277
140 49
90 457
219 113
230 208
97 352
279 100
303 457
377 406
490 283
256 116
495 398
407 285
99 169
360 173
131 350
57 401
411 404
10 60
404 216
249 113
290 114
328 406
288 41
119 232
279 221
86 55
251 388
485 326
237 224
8 172
302 353
186 178
203 347
492 221
48 473
478 286
161 121
307 404
367 226
174 60
427 240
380 165
72 12
399 178
158 52
251 280
242 460
278 117
209 283
154 347
140 183
470 58
392 404
290 356
334 399
475 109
251 401
47 76
79 294
165 68
225 119
197 20
279 355
339 369
53 12
397 347
383 412
452 17
341 415
451 58
404 471
82 420
472 117
408 361
141 246
287 71
3 312
405 63
484 356
410 141
179 474
5 92
373 259
189 438
73 492
427 495
232 485
58 369
39 90
433 17
138 69
295 312
336 313
41 136
321 190
271 369
252 90
472 359
486 28
260 210
309 72
6 34
171 138
331 90
83 25
65 385
211 439
467 136
412 200
337 26
361 383
180 308
433 488
125 372
254 28
204 436
278 385
449 203
247 254
315 388
81 221
342 262
377 219
247 375
321 324
443 21
302 45
104 326
11 98
227 396
125 385
395 209
157 337
69 224
485 139
96 327
275 329
457 40
118 345
140 104
401 145
428 278
106 227
358 219
41 283
22 4
187 337
302 287
467 391
235 4
226 450
408 161
97 299
105 160
297 330
195 53
448 233
38 335
360 120
170 225
304 225
152 356
312 345
45 230
399 462
325 284
311 349
397 389
99 466
313 166
258 230
318 281
115 410
249 410
15 243
309 461
82 4
68 69
109 107
367 402
133 235
274 174
59 286
380 341
399 354
270 469
58 61
397 281
484 169
341 349
267 171
112 297
186 246
179 58
253 7
98 362
468 161
258 351
277 364
63 112
338 51
376 343
395 356
431 13
496 408
260 131
265 475
493 110
350 290
245 8
168 313
107 74
57 482
74 126
46 64
473 131
404 297
10 141
183 69
31 429
191 418
12 187
301 61
172 139
394 252
433 180
209 472
415 311
93 260
387 478
198 313
280 352
321 124
440 75
371 470
271 303
486 191
16 13
54 305
169 255
436 370
236 16
320 424
144 198
61 429
42 187
350 303
157 137
281 203
181 265
327 319
32 142
285 322
486 312
338 185
491 427
436 491
403 314
155 249
442 242
81 34
400 16
42 308
386 81
405 131
83 80
234 478
46 198
151 214
321 137
440 88
155 370
136 91
227 209
53 322
287 260
172 273
125 427
166 199
372 304
391 317
331 37
243 153
281 445
19 445
330 78
220 206
476 132
27 40
467 83
35 389
296 430
411 151
72 456
409 78
488 371
433 435
226 371
28 386
418 312
220 327
127 99
27 161
266 443
132 214
407 153
305 371
379 320
291 207
458 384
337 323
208 438
235 46
166 212
419 392
171 327
97 112
317 381
297 143
27 282
402 159
481 223
448 46
398 454
250 327
291 99
41 338
27 403
481 344
352 459
219 344
62 397
227 464
249 223
345 456
177 54
168 234
388 274
80 121
489 326
30 300
360 175
103 290
139 472
395 398
450 105
78 462
86 57
17 223
163 277
466 49
168 355
80 242
489 218
112 231
395 290
86 178
89 183
22 193
140 414
454 52
354 114
387 62
137 116
376 398
436 412
73 360
491 119
128 67
320 237
8 416
457 242
116 178
186 422
52 193
308 119
198 247
373 248
170 185
378 299
79 417
234 62
179 126
165 191
211 307
426 232
1 497
338 119
49 16
472 119
21 183
320 479
34 122
287 73
278 482
452 140
446 66
465 79
14 143
165 312
201 6
239 261
261 20
393 176
123 315
472 240
250 127
150 189
255 471
329 191
494 258
447 412
361 372
3 435
452 261
493 299
259 132
437 138
13 76
440 143
431 323
21 425
384 248
185 267
358 195
47 333
308 374
303 30
476 187
266 377
357 495
44 35
164 100
236 205
425 141
53 498
400 313
400 84
23 97
303 380
432 265
303 151
96 87
256 39
201 140
388 195
192 320
393 310
486 272
208 264
461 444
15 98
245 331
215 159
247 377
164 342
365 332
236 447
136 280
492 144
203 41
208 385
20 334
309 208
1 55
125 387
37 274
465 455
432 278
377 342
215 280
289 229
261 396
383 93
228 219
333 272
66 157
319 337
217 326
117 388
483 445
166 280
78 167
358 450
480 147
243 234
14 411
22 235
149 47
283 47
195 163
355 152
462 278
57 229
404 273
101 235
249 170
96 342
154 283
323 240
271 50
290 63
417 104
325 286
96 463
306 7
429 343
234 104
468 42
291 409
59 288
380 343
31 189
259 53
405 107
209 232
341 351
470 236
478 356
115 304
205 463
394 362
3 477
273 72
116 125
88 292
468 284
170 361
290 426
285 82
164 21
274 418
293 431
442 2
251 471
265 369
259 295
33 248
468 405
253 480
165 367
220 74
459 356
247 177
159 64
63 127
155 359
174 372
375 362
227 198
292 364
116 367
231 88
148 319
179 423
257 491
472 416
62 252
365 24
81 265
72 445
212 196
262 313
201 74
137 318
233 26
219 91
217 18
384 195
444 209
20 147
395 24
316 145
25 198
187 31
30 47
164 276
16 149
255 431
282 268
263 26
483 258
414 424
180 257
359 488
307 32
220 329
349 214
27 163
302 102
81 399
26 463
20 389
106 163
37 329
102 458
193 51
379 214
296 445
370 394
464 258
469 336
235 169
293 110
105 325
229 391
108 101
476 268
302 344
333 448
173 459
85 346
85 117
401 94
309 276
87 163
106 176
326 445
36 346
481 467
429 48
112 341
6 359
205 276
279 225
119 236
223 293
438 218
195 231
19 5
79 56
332 236
198 7
183 113
202 126
4 407
119 357
72 16
256 362
130 223
259 108
56 8
47 188
468 218
148 11
198 128
165 180
257 183
147 311
78 477
489 462
131 488
288 408
95 242
40 77
463 180
389 231
34 3
359 59
88 239
74 75
146 180
387 306
398 135
370 73
278 484
33 424
465 81
266 137
431 433
475 247
34 245
70 427
240 84
37 21
446 189
396 368
229 191
179 370
165 435
321 194
104 196
417 427
21 427
439 186
117 135
208 24
72 392
268 38
433 371
328 89
419 436
152 92
226 78
97 156
435 151
467 369
44 37
227 387
34 258
268 159
78 35
88 494
124 151
303 382
270 205
196 27
27 218
393 312
352 274
374 33
38 84
351 315
194 331
120 153
185 282
212 156
298 159
69 336
55 172
476 431
407 331
302 49
393 433
38 205
134 438
404 33
235 224
372 495
298 280
124 164
418 382
30 465
30 236
379 390
272 264
20 457
340 398
193 119
353 108
330 390
228 342
16 459
468 31
351 449
43 296
459 211
268 414
221 339
64 355
242 398
80 299
154 285
404 396
478 345
348 235
339 415
3 237
182 468
416 406
283 291
322 219
487 286
82 237
161 301
18 481
26 76
12 178
72 192
452 184
218 17
498 71
281 302
61 70
167 466
267 175
5 138
390 245
279 414
375 351
172 22
493 343
111 12
135 369
42 178
396 410
327 310
332 425
206 20
266 71
412 125
458 241
315 192
482 369
282 15
419 20
364 84
47 377
167 479
96 10
473 256
356 85
361 200
223 495
111 25
47 269
234 361
456 208
473 377
27 31
164 265
158 487
6 93
220 318
127 90
335 268
13 254
280 369
321 141
151 218
104 143
412 259
269 439
351 20
204 495
424 498
157 383
116 382
317 372
432 93
201 426
321 491
209 21
44 213
95 444
351 141
392 142
323 42
139 221
372 200
210 101
196 203
163 26
187 383
365 160
263 149
483 381
428 216
326 434
97 345
427 220
157 396
124 219
69 283
485 198
96 386
330 324
108 211
256 109
297 147
154 327
44 455
295 37
145 278
406 53
101 171
1 233
290 107
340 224
455 211
463 35
105 98
380 37
8 394
8 165
223 53
388 386
332 225
189 176
243 412
466 161
366 223
402 405
99 404
388 278
396 102
38 394
29 345
332 117
10 66
87 286
436 174
389 99
298 469
64 302
320 228
375 164
447 40
493 156
297 281
154 461
443 335
314 413
140 297
484 107
492 456
156 241
417 282
95 2
482 182
130 225
484 228
410 13
415 357
322 166
327 244
239 131
151 18
390 300
235 426
362 467
18 428
466 295
232 128
144 244
185 16
396 236
303 8
33 184
206 75
156 483
266 126
390 421
280 61
31 488
12 246
301 120
347 465
204 416
493 290
378 303
424 190
79 421
421 121
354 131
385 198
118 83
417 416
384 239
301 241
309 65
428 16
259 244
204 308
88 362
437 250
234 187
27 86
211 432
285 381
445 370
491 486
250 131
433 481
78 24
410 268
322 421
377 91
289 207
487 488
5 448
165 437
32 322
192 311
49 262
384 252
153 319
199 435
111 93
437 492
143 45
110 97
8 86
187 317
16 435
324 322
439 309
420 30
67 437
134 198
227 389
194 212
171 494
460 368
372 484
264 456
78 37
205 78
284 142
490 210
416 32
342 497
276 143
455 374
4 209
152 107
224 212
298 161
31 46
485 253
251 86
270 99
314 105
310 400
203 274
268 403
249 161
464 86
290 162
18 228
422 89
59 37
193 229
312 217
279 40
55 295
416 274
300 328
57 341
170 218
332 51
483 449
376 94
18 120
389 33
224 225
325 277
471 102
286 285
79 221
198 172
450 393
68 62
276 277
307 344
3 347
456 63
492 282
304 460
491 286
343 159
59 400
114 70
12 288
298 416
177 355
204 229
452 65
89 13
245 1
300 462
47 16
38 462
492 403
478 468
68 75
293 422
408 409
155 229
475 170
119 306
81 14
325 411
58 296
347 170
89 363
396 291
308 178
192 3
137 67
390 247
104 119
343 401
238 119
472 57
403 186
301 404
64 491
320 417
442 114
287 240
399 481
139 76
39 138
125 178
116 358
350 296
61 193
140 486
468 288
327 312
275 122
459 468
151 315
440 189
132 73
266 302
338 178
109 355
486 76
398 192
155 471
384 65
67 358
227 81
53 194
144 312
364 315
253 484
363 127
96 12
179 306
275 14
32 256
472 299
269 199
461 369
442 127
213 304
120 76
333 76
104 253
310 92
282 259
447 363
345 315
116 492
108 79
27 154
495 259
104 374
44 94
159 81
109 489
150 490
439 364
258 23
227 444
20 380
175 25
20 151
359 371
226 256
133 28
496 80
430 251
338 433
300 141
197 457
180 490
488 377
226 377
251 141
289 396
11 159
71 210
444 455
483 154
6 458
376 28
59 321
353 273
334 31
143 463
344 453
401 206
167 39
57 167
139 465
207 111
246 39
177 168
311 168
130 93
283 106
186 402
131 466
346 391
161 345
293 6
485 442
292 47
493 37
200 458
186 294
2 473
368 42
1 477
376 391
362 227
339 243
251 396
190 120
214 248
267 111
406 418
189 420
82 65
362 348
417 55
422 399
3 415
311 302
259 112
130 227
314 307
355 345
487 464
165 184
132 7
128 302
417 176
301 230
287 66
223 310
245 69
61 248
314 428
451 174
308 354
437 10
79 302
123 308
306 429
414 228
77 377
97 26
396 359
363 182
327 488
253 310
239 375
151 262
393 61
123 200
238 187
384 241
150 74
274 369
136 139
394 434
409 5
364 262
135 439
41 23
247 357
385 321
85 29
150 424
269 375
219 29
16 195
497 239
497 10
409 126
89 444
28 434
377 93
74 321
206 440
145 201
21 431
7 496
76 101
296 370
301 485
29 26
115 29
409 18
240 209
18 96
9 313
148 391
132 383
283 27
118 219
448 94
49 385
219 271
145 93
392 199
411 212
230 137
303 386
160 337
77 43
330 260
256 45
286 153
81 458
340 160
367 263
105 263
353 99
432 392
284 265
430 319
300 209
175 443
464 88
133 217
386 397
207 166
331 461
325 387
149 161
434 330
415 51
406 231
84 217
362 161
23 466
64 238
246 215
168 295
99 461
314 120
98 236
1 303
417 218
109 102
128 115
106 356
255 156
100 282
403 54
427 411
40 2
18 243
251 451
168 416
223 123
140 354
456 65
203 410
239 67
450 287
288 454
343 161
274 61
172 13
438 398
107 298
281 185
189 367
426 51
271 177
169 129
444 68
67 118
227 70
461 8
177 249
218 21
303 65
327 193
454 234
406 486
225 411
385 134
445 185
101 375
254 65
39 140
433 67
42 411
345 183
281 427
446 6
46 301
225 303
86 373
428 73
125 72
345 304
116 481
410 433
83 75
162 368
470 484
124 76
308 422
481 84
486 428
257 376
324 137
269 201
466 486
72 330
262 427
322 478
102 209
430 11
294 379
275 137
421 191
412 371
11 27
472 422
444 323
122 43
72 451
287 376
92 137
23 266
23 37
102 330
229 371
476 248
412 492
164 390
241 381
497 307
395 30
97 336
152 43
331 274
358 377
154 89
291 323
291 94
337 439
76 169
170 33
139 454
428 328
6 339
496 203
432 447
435 452
44 338
300 264
291 444
103 393
409 436
428 449
6 460
312 274
100 95
485 431
480 87
96 390
490 280
388 498
443 205
118 408
429 270
85 231
136 462
103 285
404 213
15 401
423 226
450 329
188 100
348 52
232 106
297 272
89 57
113 451
374 226
401 329
98 62
225 103
170 167
82 54
290 232
109 157
221 398
307 401
257 55
59 336
66 460
140 409
85 473
429 283
489 334
33 54
253 286
57 411
277 414
459 162
142 455
390 291
472 101
471 401
336 176
167 404
415 240
65 127
230 460
285 130
63 54
54 463
128 412
104 55
307 414
21 57
31 479
105 465
39 74
438 345
424 181
451 284
248 184
271 353
1 492
54 355
381 484
463 294
26 256
315 130
232 361
361 246
199 184
479 238
69 74
167 417
313 471
10 433
123 81
257 310
288 414
414 230
180 63
125 127
70 191
455 2
37 243
419 308
135 320
162 423
281 374
330 7
354 364
159 125
458 421
95 369
411 80
428 249
158 425
268 31
194 82
70 312
446 303
47 328
19 495
11 82
109 425
255 479
379 20
62 313
136 262
7 377
241 315
411 201
141 377
342 367
433 485
111 205
419 321
350 487
64 93
9 194
416 23
132 264
352 267
252 329
131 39
117 141
194 95
273 388
433 377
450 21
192 436
85 44
250 377
282 329
37 498
78 270
124 386
430 429
330 491
77 45
438 24
154 36
112 39
76 345
304 209
450 263
97 404
75 93
80 171
369 45
314 109
90 401
131 402
84 327
122 353
170 101
230 152
189 114
110 464
163 327
242 391
316 340
283 163
214 292
186 459
219 407
420 397
222 412
304 451
373 56
244 171
464 440
161 402
389 266
389 37
298 407
413 394
358 458
204 220
355 389
76 479
82 230
49 53
343 42
463 107
311 467
295 230
314 243
262 53
126 192
220 56
332 297
170 235
436 354
205 458
193 367
375 115
158 346
58 408
3 472
364 185
61 184
234 112
32 126
15 482
271 408
206 13
252 129
235 485
257 244
67 349
232 416
414 164
273 188
433 177
42 292
23 13
264 139
19 308
368 462
294 247
24 423
299 362
21 354
155 354
100 418
158 359
116 362
121 477
19 429
41 188
165 483
165 254
206 255
412 131
169 373
155 475
309 124
4 13
9 357
157 255
470 486
432 194
368 475
473 491
159 301
495 21
183 429
250 190
62 139
309 16
185 209
9 249
262 429
336 378
248 494
124 199
418 188
377 150
294 381
192 370
233 371
352 322
305 247
324 260
136 209
442 481
464 11
199 494
273 443
395 140
221 253
190 445
243 271
358 258
380 17
284 80
46 437
321 376
412 494
453 266
425 433
277 269
84 140
43 102
222 104
102 453
118 397
272 312
337 441
492 86
268 341
413 436
430 376
132 453
484 87
217 268
29 446
304 156
395 274
381 110
45 161
193 59
284 443
50 276
485 204
154 333
173 346
126 5
76 413
167 43
258 390
423 457
133 395
26 3
50 397
17 220
58 221
447 33
456 1
318 333
271 221
235 298
56 3
195 347
429 285
451 44
341 172
184 454
426 216
1 481
403 232
174 409
100 231
444 4
260 183
26 16
213 108
77 247
70 59
457 468
89 72
262 229
267 344
371 401
156 247
147 427
324 60
398 9
21 288
494 471
380 406
366 471
204 409
419 68
479 119
401 465
165 188
454 62
477 194
394 425
158 414
466 301
166 9
264 315
9 62
281 255
148 140
487 360
146 296
27 79
151 374
192 183
252 197
357 250
305 60
403 366
293 494
155 301
231 259
129 248
330 9
454 304
421 127
25 127
321 189
250 245
136 143
414 353
152 87
14 382
110 90
187 310
242 17
495 197
90 148
208 369
172 446
205 71
432 262
437 377
41 377
196 22
160 328
242 138
407 205
300 79
489 15
478 85
240 442
326 253
419 444
386 267
353 90
427 39
66 33
379 264
134 433
170 90
103 100
404 28
428 385
6 396
78 272
367 146
212 272
344 391
214 52
57 334
365 221
373 45
404 149
115 46
298 396
394 104
270 334
468 26
487 39
373 166
390 106
4 336
301 34
265 340
110 466
344 404
126 181
346 450
313 44
197 61
213 42
204 222
75 337
223 235
493 96
429 340
137 168
54 399
54 170
218 12
278 63
479 53
176 281
157 2
74 4
473 238
343 165
463 459
475 284
75 350
111 7
264 249
61 186
391 61
465 10
341 469
181 480
459 461
72 200
132 187
81 141
466 477
419 136
129 303
308 305
132 308
495 131
338 184
252 144
62 249
199 254
218 267
111 141
234 477
55 209
253 490
485 59
363 362
294 491
104 367
71 190
319 26
398 319
420 78
76 268
370 486
141 434
222 93
194 260
199 375
326 416
212 85
377 381
388 247
90 324
219 209
7 326
48 327
134 367
87 26
188 78
23 270
152 155
377 273
96 260
66 88
319 268
286 91
453 268
217 257
117 319
103 384
203 93
161 96
326 429
166 440
436 35
377 394
163 142
127 448
256 104
462 209
195 94
286 212
198 99
406 48
103 276
483 497
455 435
191 96
344 338
177 161
466 35
22 58
443 317
448 395
360 282
222 348
189 400
249 451
6 464
23 404
143 469
110 292
471 271
292 40
396 97
225 215
478 395
237 225
438 215
186 408
179 220
382 54
225 336
46 105
373 5
142 338
472 213
343 328
188 454
155 277
191 459
399 408
163 397
273 3
223 411
204 169
424 172
107 236
454 51
225 228
343 449
412 54
417 398
188 346
119 475
67 56
466 290
144 10
267 346
230 464
137 236
128 416
315 242
7 126
153 180
144 360
254 3
199 67
89 424
345 121
116 298
474 6
9 172
47 427
296 121
67 298
315 134
370 70
361 250
438 470
6 22
185 24
479 242
312 65
281 486
146 298
354 476
201 5
165 311
113 121
51 438
388 60
462 9
151 376
169 430
250 126
136 253
318 1
356 27
139 258
309 181
70 424
345 363
460 121
124 135
322 416
284 124
215 253
344 138
187 191
412 309
324 425
257 435
164 207
34 363
268 264
345 484
42 483
391 371
50 78
234 424
127 32
435 148
421 250
448 87
272 127
219 35
48 382
318 14
134 193
213 486
4 312
138 312
298 35
251 189
349 495
163 76
242 369
335 331
104 435
85 156
112 30
62 438
483 202
469 38
413 372
64 218
432 385
418 487
325 259
471 84
200 264
52 100
29 382
395 210
381 275
105 377
251 202
58 36
113 497
438 28
402 334
314 221
355 259
20 454
422 205
114 52
408 41
158 95
149 46
209 97
29 395
271 157
216 221
101 234
390 108
288 97
301 36
3 113
402 347
314 463
429 450
61 54
181 119
396 44
51 9
147 242
193 358
174 116
265 463
301 157
447 211
223 237
154 403
415 407
137 170
1 309
95 173
45 352
12 175
366 407
306 127
125 52
361 63
452 181
130 167
22 368
470 235
294 238
201 47
151 189
354 60
21 345
114 307
320 412
158 350
366 299
433 60
498 189
157 125
468 283
363 1
349 66
165 245
407 7
463 353
12 417
213 178
218 256
166 66
13 9
25 63
393 230
444 195
48 195
37 73
419 138
97 87
28 253
148 318
220 194
435 82
27 28
425 303
117 187
81 264
153 369
199 485
414 410
326 297
226 359
97 208
205 7
196 187
41 84
476 241
443 64
440 318
412 485
90 434
425 424
236 259
76 41
356 324
342 426
226 251
242 195
173 324
44 210
300 136
319 149
62 493
351 367
423 206
78 208
224 262
17 198
14 452
265 34
449 380
476 483
132 444
412 498
11 154
62 385
222 337
161 98
326 431
455 316
432 332
17 90
485 195
388 491
214 109
30 288
71 326
360 163
392 152
109 29
188 322
147 284
147 55
298 224
283 330
80 230
121 268
47 53
85 345
429 155
341 42
79 42
65 107
299 45
390 163
207 456
413 332
399 397
158 42
383 160
61 109
52 289
38 391
415 112
43 469
343 209
114 120
334 160
12 109
108 342
383 281
248 56
112 461
198 235
170 402
280 45
266 110
87 404
293 472
375 53
232 233
278 349
396 341
470 290
79 405
478 410
285 244
192 53
357 120
202 246
255 338
21 171
72 365
405 53
28 295
229 56
437 234
487 351
220 236
225 351
137 238
164 75
348 421
40 305
463 408
34 231
320 359
213 233
97 21
479 123
317 290
47 429
107 480
215 13
426 462
156 372
197 373
439 172
370 301
236 72
241 187
227 252
342 239
199 419
455 116
273 139
135 434
317 182
303 247
368 413
32 198
117 242
403 370
310 142
185 376
345 365
245 427
6 145
397 3
379 363
38 70
272 8
351 301
291 21
62 198
48 263
139 152
331 322
97 155
160 211
379 255
57 204
222 271
428 376
455 250
386 379
97 276
4 85
22 102
316 320
256 40
247 486
416 258
182 91
173 271
25 144
200 145
30 222
117 376
313 22
310 276
277 328
115 37
427 272
292 84
237 148
127 276
256 161
443 253
402 215
415 154
318 258
337 271
450 148
436 213
188 148
45 328
105 379
127 397
204 92
383 94
443 145
140 336
195 43
313 264
459 89
483 446
463 208
246 210
366 275
402 457
116 100
217 448
258 220
101 236
142 274
147 352
210 408
191 166
144 54
89 118
278 54
443 387
61 56
47 121
93 237
19 59
63 102
82 115
390 231
417 334
54 282
496 398
482 463
53 57
232 288
397 392
498 178
322 218
267 282
454 108
266 57
123 8
288 341
169 124
67 113
218 245
405 108
28 121
267 403
74 8
421 52
384 170
114 309
265 478
58 414
383 470
424 242
372 52
327 309
239 196
333 60
145 9
174 481
241 242
356 192
232 422
130 411
42 298
303 73
248 137
377 22
93 492
266 420
51 266
178 307
269 425
199 366
148 320
220 425
294 374
354 425
206 261
352 315
296 420
103 25
134 129
122 38
427 85
50 135
146 368
407 372
118 269
467 423
379 310
305 132
131 208
291 197
370 490
310 210
276 74
496 77
413 308
363 487
449 261
187 261
434 367
425 318
120 436
376 133
469 95
381 211
119 211
358 264
173 447
374 208
483 380
276 316
133 267
446 498
100 90
380 144
339 106
108 210
476 377
443 200
314 49
219 455
170 270
299 155
304 270
170 41
413 442
394 163
154 447
1 353
54 216
491 217
367 447
274 219
193 294
265 399
471 275
75 275
493 34
424 163
470 279
473 284
63 157
156 119
276 450
128 286
397 447
163 280
457 461
341 286
401 337
387 402
156 469
403 346
241 55
442 45
265 412
359 276
366 235
259 109
75 288
457 353
176 340
267 458
107 240
360 420
234 281
415 356
137 119
384 225
7 238
444 10
213 343
227 12
366 356
278 472
125 1
433 117
498 246
446 56
148 133
146 289
271 469
310 131
26 372
172 197
488 174
336 305
148 483
321 182
338 351
183 477
305 174
250 238
472 351
384 238
141 480
29 10
153 305
342 241
125 472
72 380
268 26
488 295
498 488
231 373
226 66
413 121
143 260
358 185
229 300
148 375
88 361
281 490
132 138
388 64
481 26
379 244
150 421
425 131
222 31
213 477
125 364
199 313
221 72
231 265
243 319
88 482
36 26
85 147
164 211
420 137
403 493
76 98
81 442
39 445
450 16
92 308
229 313
201 480
110 96
215 149
242 252
209 75
338 485
164 332
286 29
318 247
153 439
268 389
428 378
326 367
111 442
212 494
432 497
91 204
251 193
38 85
420 150
203 152
240 448
174 94
224 440
494 35
31 45
270 327
201 493
330 378
242 494
333 383
30 345
66 39
415 156
65 43
404 263
268 402
390 99
68 48
422 317
59 265
320 40
110 230
58 40
121 325
281 48
360 112
459 320
103 456
357 43
95 43
307 222
436 107
119 171
413 389
177 112
311 341
438 153
99 458
429 333
11 345
410 54
33 104
406 349
189 351
271 161
463 331
306 118
471 451
61 287
267 163
198 292
371 220
87 461
357 56
176 395
28 231
391 54
216 467
288 343
477 242
425 52
287 347
39 16
378 236
157 8
382 355
495 3
35 247
2 70
425 173
100 413
155 349
67 465
232 303
56 306
23 129
317 347
47 257
215 70
5 260
32 134
285 314
352 75
71 62
145 11
291 65
452 427
419 250
74 481
14 201
60 317
132 422
44 80
481 81
250 185
365 135
153 481
15 22
199 368
386 194
435 315
13 363
27 32
32 376
333 304
209 9
197 443
291 307
29 78
488 363
483 19
185 325
36 202
27 382
383 17
200 81
439 363
365 377
310 212
203 86
423 89
161 89
4 371
205 132
353 30
229 489
41 438
163 135
275 376
184 194
387 28
98 154
4 263
207 97
86 36
205 24
325 318
430 371
325 89
366 90
275 497
8 153
223 41
429 146
387 149
170 151
299 36
120 330
106 395
147 167
436 41
284 438
191 210
270 274
149 213
322 141
126 229
170 272
304 272
73 110
17 215
11 400
179 213
244 342
137 216
423 344
142 331
6 470
207 460
147 180
75 277
322 154
373 348
65 3
445 224
183 224
94 411
424 286
355 452
429 401
253 404
456 9
406 417
473 178
115 470
280 49
440 1
82 293
191 465
442 47
400 50
116 291
295 293
41 117
456 130
146 170
201 106
206 184
393 47
252 71
417 404
150 60
67 291
315 127
301 229
39 192
428 4
378 412
281 479
336 186
146 291
473 420
481 15
178 243
70 417
326 114
363 410
229 181
468 463
192 299
51 323
16 73
21 417
236 76
351 63
20 192
340 133
479 477
498 490
437 480
275 418
239 495
146 304
113 127
352 372
338 474
434 182
71 130
87 74
199 315
185 380
37 253
196 246
17 15
187 426
159 364
85 149
252 326
164 213
208 485
203 141
87 195
78 146
344 265
316 432
283 26
319 437
484 16
434 424
145 321
365 324
2 272
184 20
478 201
268 391
193 217
119 39
261 388
302 389
355 23
71 264
184 141
406 217
376 82
408 34
358 442
284 493
418 493
325 265
22 227
8 329
127 280
383 206
297 203
409 380
18 458
436 217
381 281
312 447
348 104
279 270
278 45
42 34
184 383
225 155
230 270
1 181
362 160
260 112
494 50
77 405
347 37
493 91
438 155
61 168
179 160
170 340
395 458
21 217
375 220
480 273
22 361
204 109
424 341
239 295
454 220
156 297
472 274
109 222
128 235
315 290
89 472
498 411
454 341
113 48
123 241
158 235
149 415
405 112
33 469
451 228
308 179
146 117
385 362
63 348
472 287
466 472
488 231
364 424
55 83
247 290
458 244
461 249
323 19
488 352
287 362
240 250
116 480
83 303
418 293
14 203
129 190
430 118
382 370
220 308
44 311
25 69
467 185
379 301
318 62
194 255
479 424
446 247
289 263
421 419
8 21
30 268
434 129
167 14
236 373
411 374
392 132
307 24
191 78
36 204
325 78
223 30
352 440
467 427
250 429
126 97
184 75
153 496
376 16
133 29
64 158
124 209
251 250
485 188
215 327
75 24
233 381
219 446
453 384
401 194
365 271
175 376
115 96
441 495
133 379
312 381
319 276
448 161
365 392
310 456
390 156
6 459
339 110
25 445
85 459
142 212
271 97
477 165
152 405
274 102
100 215
292 385
306 54
108 335
457 223
140 287
234 151
225 331
10 177
417 272
197 3
114 234
482 401
114 5
494 226
378 280
157 52
47 180
371 277
417 164
34 103
287 54
278 463
223 298
94 413
143 9
167 403
146 280
373 471
5 75
385 296
445 347
385 67
412 170
21 285
447 393
70 406
3 416
144 355
70 177
493 280
240 63
446 168
308 463
354 350
338 342
412 291
486 240
68 252
95 355
29 1
411 66
361 474
232 360
53 129
361 245
326 224
479 466
116 414
405 288
171 121
368 406
269 363
114 489
76 197
296 237
136 19
442 291
180 62
138 294
391 474
363 412
127 135
242 122
435 22
44 366
462 125
412 304
150 304
458 420
477 433
296 358
7 255
20 194
9 301
446 302
451 417
124 22
316 192
159 245
324 312
2 261
236 199
222 264
488 420
166 369
276 12
4 78
231 498
380 69
113 250
316 84
448 203
103 205
345 492
174 85
298 380
242 256
462 259
333 374
448 324
352 387
305 312
38 197
198 149
134 430
208 379
249 151
328 444
340 269
78 498
496 257
4 320
441 321
31 157
265 95
380 82
55 285
182 326
8 439
84 205
156 44
276 375
376 84
36 393
311 103
300 439
181 222
423 280
59 498
45 334
287 96
204 98
94 226
167 216
382 104
368 206
373 284
109 211
276 388
241 101
361 166
177 345
297 447
336 109
487 278
220 163
15 468
329 335
265 350
204 340
493 214
186 471
335 5
343 391
439 99
86 469
356 64
295 350
101 484
16 117
155 461
329 348
370 120
342 287
20 7
488 112
125 60
129 179
215 182
19 307
426 402
305 112
16 9
254 295
466 474
218 372
245 475
240 131
97 82
284 174
363 238
289 252
5 493
294 367
242 177
63 471
104 472
260 490
411 134
356 198
34 184
116 482
410 434
435 198
481 314
211 490
258 13
442 359
392 13
461 372
287 485
428 195
400 362
185 437
381 83
193 32
224 136
210 201
430 241
311 24
448 29
439 475
131 322
425 311
241 490
318 185
249 314
199 493
381 204
413 193
237 196
13 488
443 72
11 149
401 75
48 445
309 257
18 273
6 219
207 209
381 96
482 148
124 440
246 137
344 443
380 137
91 34
22 163
108 203
223 153
297 139
283 204
337 440
318 198
478 150
450 88
463 27
232 94
204 32
264 46
406 395
84 381
318 319
189 397
385 43
276 322
221 386
334 263
193 287
265 163
359 27
121 155
382 159
57 399
357 102
431 51
482 282
119 230
177 400
292 158
493 148
75 160
245 46
195 454
171 97
457 225
322 266
286 343
239 2
137 220
257 56
274 454
269 110
463 161
366 457
72 10
378 282
162 169
19 349
239 352
65 236
63 392
478 405
454 48
109 279
169 293
21 166
348 295
475 336
370 54
31 359
72 131
70 287
273 121
75 402
382 293
487 346
275 167
387 408
280 282
13 167
32 180
151 131
472 223
169 414
21 287
114 478
384 110
475 228
72 481
447 395
306 419
172 190
361 126
37 231
405 398
223 421
157 67
234 287
93 311
160 72
275 59
137 354
486 242
252 75
269 473
439 167
255 346
48 16
278 478
148 368
206 309
495 183
481 248
467 350
285 373
150 414
346 60
2 250
203 11
433 473
428 129
111 422
6 140
279 6
124 132
298 19
308 478
13 301
173 24
145 191
488 301
326 239
124 253
418 471
91 76
124 24
421 476
94 81
314 84
374 135
11 83
85 32
30 96
351 417
420 22
134 419
34 481
15 202
268 382
409 129
180 306
326 360
147 92
59 245
4 80
325 135
242 366
388 420
300 307
66 140
305 422
374 27
489 14
365 207
244 146
342 489
483 428
376 73
474 379
138 430
386 266
427 267
36 382
210 40
201 486
163 194
127 271
457 146
407 325
300 199
267 22
392 202
222 279
404 27
491 144
4 322
265 326
380 84
311 213
259 23
355 256
140 331
267 143
368 195
280 82
406 221
304 439
409 492
189 223
376 315
221 441
472 23
216 97
389 254
279 382
375 90
394 103
77 167
366 41
278 157
154 387
350 33
300 441
355 148
184 495
98 455
390 105
290 167
72 173
424 103
451 206
19 54
299 337
423 403
87 454
376 328
197 60
40 342
482 458
64 470
368 329
146 216
156 409
472 386
238 219
472 157
425 45
347 391
493 216
116 229
190 178
19 296
247 160
373 299
445 404
421 47
136 63
172 245
153 3
72 307
3 473
77 422
378 350
372 47
19 417
179 406
65 304
412 348
238 461
338 170
475 404
375 466
342 289
199 240
166 63
4 1
50 117
336 245
14 194
192 466
183 417
95 304
62 356
26 433
282 130
53 307
287 474
474 300
240 133
157 364
353 10
50 9
248 253
96 125
41 189
471 2
165 484
32 369
118 143
333 68
219 195
71 68
62 477
81 490
469 77
474 421
212 192
196 184
330 184
261 313
462 303
398 318
360 26
103 141
423 82
106 146
133 20
331 264
363 482
146 484
324 490
346 20
175 138
161 203
376 128
235 152
408 80
292 134
108 313
416 429
346 370
131 216
43 332
409 426
455 313
18 275
307 149
380 139
22 394
163 141
378 29
443 424
267 198
305 490
346 491
478 381
221 496
216 152
54 90
50 385
306 45
256 453
429 381
281 217
52 394
468 80
332 219
156 222
390 160
216 273
18 288
394 279
339 343
375 37
58 330
344 458
347 204
438 322
94 283
264 169
295 273
302 461
116 42
341 389
107 222
253 47
59 447
95 104
86 284
191 337
144 225
42 214
283 340
355 445
24 345
431 174
269 112
45 404
77 356
292 281
452 233
350 222
192 50
445 230
271 343
238 166
364 241
42 227
162 292
410 128
107 356
437 231
336 179
266 349
132 120
54 466
219 8
35 187
324 61
458 290
453 175
475 459
26 367
37 4
162 413
239 367
426 459
333 231
233 293
145 180
16 66
475 351
442 403
34 349
345 241
460 228
391 357
372 115
281 485
358 180
143 255
160 424
8 67
393 403
357 480
472 467
305 290
269 367
469 132
20 77
331 427
298 21
36 21
215 252
60 378
490 191
300 67
324 424
420 132
425 476
120 365
290 22
455 355
469 24
367 242
312 306
231 381
443 237
66 21
200 250
401 11
387 76
203 255
76 214
370 432
29 139
153 434
328 435
20 319
289 443
228 204
11 206
341 81
250 488
57 322
299 84
326 483
78 381
45 204
265 207
471 312
435 389
159 491
387 89
65 38
323 333
450 374
106 335
343 19
128 94
389 135
463 84
293 161
191 150
306 100
259 25
360 336
38 322
84 438
409 494
230 263
290 277
18 343
59 381
260 105
12 40
485 489
72 54
89 223
195 161
267 266
184 497
46 38
115 397
188 387
477 224
334 441
174 223
26 59
292 215
94 459
264 116
66 397
74 221
327 401
148 170
439 90
389 498
246 449
246 220
232 285
237 400
89 236
336 342
363 216
201 154
13 103
211 347
247 41
417 452
183 285
90 57
255 390
48 60
134 100
111 116
326 41
369 411
363 337
321 111
178 291
361 412
466 465
273 299
433 288
340 60
391 291
331 11
146 231
385 476
32 129
35 363
458 466
255 403
296 404
7 301
273 420
20 11
9 347
243 248
201 288
481 76
11 127
197 317
453 243
258 4
134 234
222 81
122 143
240 135
231 315
50 240
97 86
243 140
41 420
416 68
481 197
277 138
53 430
409 65
422 4
124 310
124 81
160 492
435 202
297 9
104 368
164 382
444 436
98 28
227 438
276 71
353 25
160 384
163 130
490 259
283 195
198 87
222 444
497 420
48 328
230 305
15 380
483 256
92 371
4 487
312 374
193 157
182 264
462 318
295 141
214 216
98 270
184 81
10 157
244 95
309 490
59 315
224 382
260 39
380 370
17 318
265 154
325 434
416 323
204 144
438 82
360 391
167 262
57 390
423 447
82 154
450 321
436 157
320 211
494 98
378 152
130 87
168 342
173 457
484 319
350 90
451 142
487 324
1 350
367 444
408 216
141 101
12 216
163 385
144 106
438 324
61 337
116 44
354 101
276 447
188 334
293 350
461 163
361 225
273 112
396 448
52 409
46 335
132 109
352 112
54 455
164 61
403 343
274 458
241 281
408 458
67 394
199 284
240 56
185 120
364 351
56 6
157 58
231 7
126 479
437 112
13 50
21 399
136 120
282 174
194 61
144 469
493 394
273 125
176 458
42 229
97 128
212 115
47 307
451 397
239 477
349 120
127 7
151 364
13 171
159 225
324 292
439 279
169 418
324 63
2 12
444 128
72 485
433 464
414 222
377 303
430 166
242 115
462 118
495 66
393 284
412 297
486 246
384 464
136 133
483 177
72 377
488 292
92 63
437 475
110 80
60 259
127 20
168 21
200 10
136 483
492 118
404 5
483 298
414 464
273 488
395 185
226 413
449 421
275 305
5 444
96 74
443 118
25 130
415 19
186 196
272 236
444 491
310 262
409 241
309 303
483 190
455 357
372 359
292 70
335 440
44 493
118 442
195 137
11 316
126 37
184 15
277 206
175 424
202 32
422 301
17 23
489 247
76 337
184 136
404 139
235 330
417 78
334 309
100 142
367 257
205 195
375 81
31 271
394 94
8 324
402 443
462 494
230 373
271 145
216 209
276 260
496 492
255 137
441 327
397 486
167 438
365 453
318 378
115 278
343 142
188 268
45 448
141 156
36 399
158 96
3 451
223 454
295 330
262 153
468 29
445 274
290 400
155 212
193 467
241 215
86 341
353 456
494 166
9 94
80 297
102 56
487 392
206 113
288 448
35 2
361 172
474 49
479 164
83 164
201 156
454 336
82 464
101 477
494 408
361 293
428 54
419 5
424 349
124 57
74 236
462 52
486 180
269 411
169 244
337 57
419 126
23 126
97 75
418 167
354 411
27 16
407 237
123 478
412 352
11 8
305 226
269 303
125 295
469 68
226 347
78 183
330 175
275 239
60 314
5 378
421 293
302 76
99 13
379 296
117 67
296 298
227 427
411 19
78 75
279 65
17 65
129 306
44 427
481 199
434 353
324 481
167 9
186 22
131 86
2 201
29 75
317 478
284 301
129 427
215 430
349 430
22 35
8 137
402 256
388 358
283 76
393 473
379 309
164 384
272 183
236 489
24 81
208 427
423 315
29 196
340 317
111 494
362 76
312 484
441 369
64 153
50 255
127 438
182 145
305 481
57 379
337 433
483 487
101 156
276 423
54 81
348 33
265 264
380 251
232 87
330 430
283 318
88 79
85 333
184 312
10 159
63 22
92 494
202 100
40 38
141 90
265 385
3 385
163 374
108 438
177 272
89 159
383 377
209 261
25 440
214 339
262 87
85 454
24 215
294 39
492 320
170 269
54 94
366 329
75 153
195 218
322 259
451 144
186 398
472 203
394 283
89 401
237 336
168 465
479 98
140 403
107 226
415 342
308 216
478 398
412 44
389 326
260 404
375 391
475 100
172 62
466 280
433 103
61 460
56 116
19 234
247 98
40 293
477 294
172 412
287 399
326 98
424 404
498 353
358 50
129 227
418 101
437 114
220 345
440 119
305 160
202 476
458 402
95 350
150 286
428 1
9 283
451 399
220 466
349 351
60 248
349 122
27 71
151 366
324 294
95 471
291 117
296 232
337 233
497 222
494 476
34 232
241 296
53 245
153 412
254 235
226 402
419 302
96 63
215 14
113 232
495 297
335 79
217 289
324 186
403 479
337 125
227 253
479 474
50 297
462 241
338 471
11 76
304 69
326 353
400 302
209 182
30 439
319 313
374 20
415 21
313 10
492 241
184 125
216 77
450 15
6 267
59 130
279 133
408 18
55 388
36 146
77 147
489 357
219 496
219 267
392 195
122 334
45 316
339 39
256 270
283 373
314 211
214 273
200 375
286 149
483 434
106 447
73 270
119 386
311 327
347 21
176 139
281 155
140 216
308 29
198 157
225 31
128 327
417 201
18 455
73 162
64 342
158 206
182 334
89 106
149 157
126 173
308 150
373 279
404 383
10 227
385 104
216 332
362 386
458 94
274 273
119 399
405 204
264 228
102 166
322 206
360 461
38 447
341 219
456 169
88 39
454 96
440 161
238 212
477 228
482 343
394 459
447 93
70 106
56 171
350 160
341 340
349 164
132 166
206 115
250 158
35 4
180 99
306 238
424 459
212 51
322 448
162 230
308 284
247 45
467 48
431 354
417 456
250 50
291 51
282 231
361 295
177 474
20 2
345 287
111 120
42 286
372 161
124 59
336 238
14 187
206 128
178 295
109 461
76 18
425 172
315 300
48 185
236 7
227 187
180 341
342 174
240 126
377 360
206 249
197 429
71 290
150 354
134 346
122 255
227 308
474 185
124 301
157 249
289 368
399 11
275 470
416 180
242 64
316 13
51 496
352 424
335 255
104 359
38 5
291 185
43 83
497 290
153 480
175 239
483 126
97 319
212 306
237 70
60 437
99 365
164 494
117 419
84 242
203 193
48 319
194 373
290 81
469 83
381 199
23 262
358 481
434 476
76 273
318 301
464 355
276 75
298 322
158 19
8 489
187 491
438 73
492 309
101 158
216 145
441 492
215 445
182 268
438 194
5 46
458 28
441 384
482 156
124 448
430 491
108 440
218 46
438 86
405 138
179 91
258 384
98 395
373 105
290 336
109 261
431 46
436 390
463 264
100 212
292 153
350 323
116 156
80 462
454 151
354 213
189 405
10 174
63 37
202 344
130 441
149 454
80 354
324 162
26 239
287 280
493 385
61 462
410 121
247 100
54 459
62 54
263 44
144 352
231 240
298 1
107 470
294 296
118 70
472 339
131 9
351 49
208 229
282 178
134 51
413 109
50 57
239 481
495 407
316 176
335 189
228 63
407 294
95 473
296 463
337 6
409 111
194 186
87 60
254 237
83 355
413 230
410 484
129 471
96 294
416 235
275 296
316 68
352 479
333 237
44 363
178 363
123 427
467 237
305 175
76 315
356 369
442 409
115 14
249 243
92 296
83 476
231 374
490 76
206 317
154 127
173 140
112 130
351 412
184 6
122 323
390 74
92 417
73 138
326 355
138 304
284 358
320 15
358 307
432 256
289 436
325 130
449 425
99 312
11 199
145 428
346 189
318 356
459 66
318 127
240 436
188 17
124 490
284 479
191 22
168 267
335 444
11 320
434 423
126 270
373 147
376 189
133 431
301 15
246 79
480 17
339 41
366 144
209 426
204 82
80 275
195 262
341 316
181 98
167 200
29 495
10 216
450 259
288 197
188 259
293 275
480 138
466 203
108 495
416 382
98 221
354 147
450 380
147 342
207 393
251 436
72 168
204 324
383 326
61 275
341 329
239 281
142 385
338 31
202 399
128 450
491 273
389 491
288 439
64 465
237 393
22 468
433 39
378 103
451 93
456 171
46 273
271 391
90 50
246 334
350 391
470 227
5 356
426 386
123 119
136 58
26 186
259 394
278 407
56 294
143 182
437 171
238 456
394 474
122 15
378 466
359 224
144 299
231 187
391 176
243 12
165 358
371 463
68 425
428 179
254 292
460 397
386 182
50 233
303 184
41 413
178 418
252 367
453 128
186 13
2 192
406 16
282 475
395 123
166 300
455 174
78 187
353 126
212 187
413 177
124 74
485 53
416 182
388 120
71 413
103 365
98 21
337 303
318 61
189 139
120 305
483 128
450 180
326 410
92 243
312 246
386 195
119 80
303 426
251 236
330 300
127 200
168 201
173 316
159 418
178 431
401 180
313 67
423 198
395 136
188 72
441 252
422 10
495 488
228 373
223 29
283 80
187 372
484 70
140 31
434 249
38 249
286 85
43 327
249 432
15 265
268 445
290 204
276 306
216 26
307 373
427 438
260 32
480 301
193 42
449 493
108 200
457 317
374 319
341 142
57 383
454 19
98 155
459 134
211 32
395 378
288 252
381 214
119 443
320 204
429 376
424 32
33 147
332 443
10 163
249 445
128 384
463 374
367 437
85 458
401 435
198 335
459 376
183 212
54 327
293 343
232 104
171 94
451 148
198 456
332 456
294 164
146 37
211 395
82 281
255 209
155 271
227 110
125 99
415 346
93 295
280 387
211 287
142 453
343 443
475 333
494 346
359 387
309 41
70 284
419 172
248 290
234 392
327 354
449 51
454 395
165 292
104 282
486 347
71 105
403 349
136 234
208 110
461 290
356 8
442 48
409 100
56 470
326 102
498 357
97 13
308 462
275 285
454 287
357 354
35 303
428 234
92 285
37 349
42 464
116 413
312 59
148 365
19 480
27 75
305 285
7 362
81 311
356 250
34 236
433 470
111 419
413 232
339 17
363 411
8 183
495 301
104 416
352 252
393 290
305 406
258 65
342 473
175 296
20 422
216 68
358 417
224 188
113 357
490 78
402 194
108 13
173 142
214 143
131 145
425 363
277 199
222 263
249 366
194 430
193 205
466 71
237 19
27 438
401 127
202 146
59 363
496 135
152 325
353 315
367 250
191 253
242 484
237 140
416 371
355 361
429 310
84 312
15 441
288 307
114 154
408 143
278 33
223 97
195 264
19 38
239 41
277 333
63 81
156 43
403 149
389 251
105 492
315 36
53 36
378 92
493 79
195 385
350 30
429 323
126 285
415 159
234 84
456 160
294 98
277 454
132 36
63 202
21 205
403 270
269 41
155 205
389 143
394 450
306 337
177 223
209 441
176 264
52 457
19 51
146 92
239 283
65 167
63 323
390 452
417 326
265 457
232 280
89 231
345 157
317 95
327 288
98 465
113 36
151 291
13 98
445 280
352 52
412 103
95 396
128 344
95 167
102 291
243 1
123 350
202 414
439 98
141 404
89 473
37 283
70 231
102 412
110 7
275 340
280 455
247 278
448 2
337 171
70 352
92 111
413 166
46 409
182 4
335 246
90 415
85 71
455 284
106 130
152 246
4 119
446 464
157 361
14 312
27 251
233 356
489 53
111 366
138 469
105 292
298 192
105 63
50 127
303 307
270 130
3 15
127 310
27 372
132 425
393 466
489 174
286 74
367 413
331 490
83 425
196 302
177 23
330 302
297 354
476 356
318 413
373 83
442 479
478 136
230 71
109 10
157 495
353 141
215 436
490 375
489 187
16 492
84 367
183 80
73 208
155 18
408 198
191 200
485 418
320 85
3 149
130 190
297 367
286 437
368 247
459 136
137 85
279 434
86 268
91 383
149 324
438 198
195 440
415 214
253 152
258 496
387 152
373 217
480 316
292 494
493 255
209 496
302 458
102 104
396 93
253 273
165 160
10 286
192 34
390 278
68 227
183 214
422 496
21 152
389 319
293 345
366 335
493 376
264 287
295 391
33 391
338 209
491 451
122 59
232 456
158 278
180 37
171 217
317 271
28 168
41 107
285 467
266 225
426 214
44 112
90 228
21 394
81 179
494 348
461 171
53 117
6 5
372 99
102 238
5 305
132 117
250 338
356 239
122 72
213 456
268 126
226 395
391 462
432 234
418 336
41 349
25 112
145 177
398 357
219 126
477 421
175 56
249 5
157 416
9 289
413 113
270 64
321 295
159 233
16 184
230 113
249 126
39 316
106 77
171 472
245 421
212 244
83 359
377 311
110 196
22 83
256 21
261 365
272 231
444 486
271 6
180 413
460 467
496 124
23 429
138 416
427 253
96 419
91 75
163 180
416 360
435 373
2 262
98 199
170 75
323 317
183 14
37 485
45 309
408 132
100 16
8 198
402 317
198 258
101 96
343 124
307 430
325 484
394 89
466 194
237 371
457 374
223 207
322 186
448 325
360 441
346 314
387 315
115 381
216 433
73 155
361 33
264 100
195 266
93 218
19 40
327 156
165 94
170 209
390 212
67 202
86 215
273 41
223 449
498 159
140 451
267 263
382 213
308 35
235 459
436 449
114 398
155 207
100 271
232 390
58 274
273 162
83 38
415 282
132 159
65 169
467 149
142 389
431 226
477 342
241 331
141 393
260 344
26 177
86 228
227 167
347 269
273 54
479 159
470 339
234 328
349 49
247 267
321 216
192 102
412 334
431 347
157 229
231 178
336 231
160 5
335 235
206 350
285 414
263 103
287 460
259 398
226 221
4 108
424 465
284 162
416 52
489 42
472 398
370 350
365 6
153 352
483 227
328 353
268 73
488 342
469 63
378 470
4 229
212 178
372 167
377 474
451 460
418 283
294 476
25 288
283 58
173 186
200 60
282 358
254 296
455 286
245 476
212 299
317 352
160 368
108 178
96 124
435 307
335 369
402 130
302 192
314 17
305 463
393 347
30 258
448 17
355 55
39 492
235 138
469 76
246 4
129 422
99 479
434 469
401 63
194 487
82 17
293 200
105 186
143 441
41 430
77 87
402 372
365 490
98 146
84 248
332 84
483 482
211 23
469 318
408 79
191 81
96 487
232 82
366 82
8 374
203 320
170 372
175 487
395 490
87 374
288 364
161 323
408 429
482 149
270 495
256 331
214 334
181 157
492 315
244 442
406 275
202 216
403 206
292 375
366 324
447 20
256 452
70 33
186 393
24 331
354 206
206 42
192 144
188 439
67 149
375 265
213 203
172 165
58 329
223 396
130 205
262 324
162 386
102 106
468 429
201 85
146 149
184 441
244 455
445 216
486 217
348 283
67 270
227 222
342 209
218 173
33 393
181 291
253 396
363 39
239 461
473 399
132 106
137 221
49 337
16 160
90 109
329 391
269 111
287 165
125 332
125 103
385 407
192 278
407 166
393 268
467 217
159 101
183 458
269 461
150 281
453 53
351 271
76 66
342 222
273 351
395 48
42 455
61 468
97 125
157 176
413 102
451 394
143 241
233 171
197 477
425 112
222 12
72 482
20 292
287 407
231 475
275 289
173 241
123 420
145 179
439 397
219 128
20 413
120 122
226 289
312 292
193 75
476 400
242 233
495 413
233 413
429 59
300 174
453 416
29 354
414 461
87 66
6 141
133 182
422 56
59 4
432 478
182 74
341 67
2 372
112 15
282 426
423 136
156 21
18 316
133 74
193 88
494 16
316 424
297 182
99 426
360 201
272 354
411 432
103 316
304 306
304 77
6 383
334 185
279 249
182 316
295 193
52 206
112 257
179 18
492 478
464 416
409 480
343 126
417 75
475 16
171 19
190 32
135 96
336 86
192 78
426 16
49 29
469 386
472 132
307 324
155 196
408 376
105 375
72 161
17 262
232 150
498 40
88 142
253 209
98 335
473 212
440 35
170 211
101 340
123 99
197 48
269 153
475 29
375 91
461 94
195 389
176 147
93 341
437 151
487 268
220 153
352 43
431 336
417 438
491 387
269 274
417 209
329 325
393 81
384 32
72 403
153 99
378 446
479 269
245 102
281 284
253 451
41 43
26 179
70 451
259 387
433 274
70 222
391 48
146 217
239 408
476 92
373 408
431 349
236 110
7 287
315 403
81 236
494 405
328 113
50 105
382 349
261 59
159 48
164 355
453 229
329 459
89 477
465 468
298 62
14 303
432 62
44 411
154 54
321 231
374 57
16 349
139 190
326 282
157 473
28 359
451 462
224 5
148 424
344 70
201 287
471 111
66 62
35 483
444 422
356 309
268 425
142 57
254 298
4 352
312 239
325 178
25 411
481 425
388 234
38 121
420 186
81 491
428 306
87 13
6 317
59 180
307 16
157 486
413 183
36 196
94 137
355 178
346 129
79 14
134 475
230 183
20 373
307 366
50 481
91 253
196 306
438 68
484 184
85 438
175 368
142 191
408 310
475 71
72 95
416 430
476 481
149 86
405 12
459 248
271 197
431 149
362 315
265 382
77 331
493 17
94 271
388 489
396 313
98 390
478 382
1 457
21 143
458 144
95 92
296 82
67 30
158 377
287 33
163 492
314 395
382 270
406 398
280 259
63 261
82 274
35 162
324 36
100 328
130 436
378 272
345 95
350 210
176 323
336 275
41 98
5 175
225 444
206 165
495 39
371 498
32 49
294 49
357 334
362 449
320 452
282 160
34 95
144 455
410 345
19 460
93 409
308 334
160 170
352 111
274 457
103 50
102 350
215 227
46 455
201 100
220 342
252 294
145 168
477 412
318 96
442 391
208 224
153 288
166 227
345 229
23 178
157 178
231 127
229 283
248 296
239 476
32 412
154 109
481 9
16 404
164 302
150 404
103 63
194 181
469 120
199 296
56 476
340 6
37 234
331 415
224 60
96 289
430 165
275 291
108 114
173 243
154 1
379 348
458 412
351 286
411 300
263 173
279 117
344 246
251 55
476 402
25 237
85 251
217 178
310 369
370 420
87 297
423 17
96 302
383 66
247 471
52 195
57 310
411 313
423 367
271 10
240 431
188 241
482 193
45 192
427 257
140 200
429 74
200 251
76 444
147 324
147 95
215 495
364 29
388 423
404 367
15 326
290 265
408 257
298 385
359 72
479 137
25 492
140 442
387 319
65 268
496 491
169 96
348 327
100 262
12 378
86 327
246 316
110 455
116 206
368 427
230 493
49 152
403 155
40 103
158 324
466 440
77 399
259 147
336 330
391 37
47 227
14 50
458 212
384 34
425 35
375 443
287 101
166 40
231 169
410 400
465 107
317 209
248 109
437 45
113 150
151 176
63 329
16 217
431 230
128 458
155 332
342 158
414 263
273 287
70 453
199 109
264 467
102 405
157 112
160 117
118 120
117 161
134 330
134 101
469 54
328 115
166 53
419 233
405 335
83 284
64 5
14 184
467 395
338 281
150 459
76 15
29 169
455 277
226 454
303 408
55 77
261 411
435 69
481 185
439 454
305 225
52 8
57 123
425 290
256 188
90 421
370 475
365 131
323 363
455 290
446 470
243 370
191 180
91 242
289 257
388 465
429 237
219 427
374 72
300 123
57 136
103 481
103 252
491 68
128 16
422 234
73 80
367 298
386 311
191 72
292 124
8 365
435 432
395 481
142 72
202 86
427 433
193 266
270 486
471 476
218 30
66 427
434 365
179 75
263 483
15 381
216 371
290 320
188 309
95 81
477 146
155 132
325 314
383 484
378 140
470 143
487 83
454 135
357 202
491 202
255 191
348 382
155 24
91 497
325 435
167 263
93 48
82 384
68 220
35 43
384 197
95 94
169 43
205 491
114 107
361 213
91 389
9 27
317 143
214 459
275 146
32 159
238 264
255 433
164 49
475 207
141 102
359 261
223 400
56 223
88 441
341 392
308 444
19 341
308 215
335 52
393 259
324 159
384 210
114 349
375 390
12 338
153 48
185 229
116 395
391 334
102 231
33 397
349 337
113 97
385 290
305 38
370 167
409 95
106 57
400 275
111 172
229 393
284 100
96 49
385 411
159 334
145 170
7 465
26 478
409 216
273 355
312 283
358 170
435 124
32 414
462 227
233 404
421 226
159 226
85 11
208 347
122 307
483 57
166 350
240 299
469 122
18 186
207 122
372 455
4 288
205 49
465 417
485 103
113 460
168 130
113 231
448 184
145 183
269 478
277 302
464 165
39 430
395 65
469 14
331 309
105 232
383 176
335 428
416 124
209 60
305 293
258 181
406 79
106 312
386 366
422 60
446 417
50 417
8 420
242 358
462 361
406 200
15 315
1 151
340 371
202 141
138 422
105 245
158 71
127 492
75 73
462 482
402 202
283 251
429 305
200 482
286 256
167 76
404 248
68 33
188 364
367 366
329 74
188 135
210 382
191 140
110 444
344 382
251 420
154 487
388 425
484 362
61 30
346 428
184 366
385 90
15 328
211 203
390 205
257 90
72 44
383 431
364 152
168 277
336 90
52 331
88 25
360 447
24 269
252 96
472 136
257 211
153 90
292 434
278 270
341 326
382 327
253 442
368 200
192 203
285 165
68 396
357 270
178 39
202 396
101 344
403 157
141 157
383 444
135 342
121 444
391 39
432 40
74 332
129 39
253 334
349 42
109 326
439 201
136 163
477 227
260 229
70 334
488 93
433 157
92 93
212 158
74 453
93 466
215 163
294 227
445 396
30 117
250 157
136 55
72 299
92 214
111 227
364 407
474 50
23 114
363 448
330 42
60 181
233 338
137 401
434 99
219 174
439 214
356 179
342 281
449 114
349 176
261 292
454 458
402 2
352 410
62 348
277 7
442 340
328 467
254 289
226 456
400 343
307 115
349 297
44 415
117 405
409 284
323 15
138 464
331 364
427 72
270 354
96 238
366 62
270 125
223 13
402 15
429 118
489 169
35 487
43 311
323 365
328 480
106 138
293 193
251 233
399 131
77 80
443 403
297 120
25 415
85 429
103 483
263 472
406 255
268 321
436 134
367 300
441 249
147 31
279 187
485 292
22 265
452 78
435 434
314 144
332 427
184 300
327 83
473 137
175 480
271 188
235 265
329 129
427 206
251 475
154 313
468 180
112 316
84 483
459 131
101 386
211 29
276 424
287 24
424 258
181 271
332 440
189 391
1 340
87 380
238 24
389 422
477 40
246 373
72 220
130 198
168 453
245 148
295 494
484 430
83 86
157 35
429 494
454 29
225 206
63 144
183 438
463 492
403 212
370 35
375 379
12 327
433 91
116 384
32 161
426 317
290 456
439 27
114 230
208 94
69 164
275 40
266 449
40 402
217 35
169 287
114 351
461 395
455 92
116 397
281 464
363 274
192 392
440 228
16 166
12 461
6 121
465 406
372 215
196 218
173 5
250 225
117 339
249 229
367 221
56 359
157 411
432 350
210 8
215 123
490 62
132 354
118 419
76 193
277 183
304 57
87 59
427 127
64 75
435 476
223 68
85 363
2 365
318 342
43 137
29 239
459 52
351 290
18 309
59 347
367 234
83 475
124 476
193 81
124 247
36 363
380 173
366 9
261 481
476 406
415 130
346 296
304 70
288 62
298 484
463 63
163 67
383 299
402 312
173 489
286 137
401 124
186 199
79 73
103 430
371 181
381 374
207 487
54 16
389 235
480 353
413 363
375 71
36 376
283 482
452 25
457 140
88 14
487 19
354 133
175 427
17 255
209 425
135 210
454 192
137 256
491 259
114 272
246 428
494 264
375 84
3 441
72 46
283 495
66 497
267 487
417 431
357 151
472 138
100 495
155 202
86 331
58 498
75 438
326 20
364 46
264 108
135 223
9 84
281 277
47 110
418 23
146 89
280 318
183 385
315 275
306 226
144 164
42 382
97 52
135 344
14 54
294 108
421 149
252 111
109 328
384 267
150 100
155 444
62 216
53 396
493 439
326 262
97 173
479 275
157 224
391 162
418 265
303 49
41 49
435 168
51 471
136 286
138 103
162 460
437 399
430 211
397 34
476 98
71 278
486 291
310 294
103 1
115 55
400 453
111 350
56 414
207 58
446 340
229 342
303 291
210 63
8 114
118 474
51 484
374 171
30 132
164 361
134 455
203 60
263 111
474 294
496 53
372 283
143 423
229 463
110 246
485 160
449 466
127 186
11 240
178 417
52 12
189 246
423 184
142 171
240 477
54 58
166 299
4 237
348 10
331 366
143 315
96 469
289 369
397 168
13 471
66 68
11 132
30 374
217 237
134 468
263 353
170 125
386 423
205 348
496 66
367 181
270 477
485 402
281 77
167 241
459 120
188 71
193 378
105 302
12 74
31 87
196 420
366 306
402 488
33 133
24 313
115 431
189 380
376 472
395 485
276 305
202 319
109 128
188 192
152 498
256 326
170 259
192 18
101 388
491 314
59 428
353 380
414 67
126 337
211 152
427 450
12 208
232 211
488 137
438 316
42 316
171 201
61 329
47 394
88 203
33 267
220 93
192 260
101 401
142 439
472 314
62 150
213 319
292 383
328 40
273 104
419 158
176 437
9 31
456 454
294 163
454 152
437 333
275 271
5 410
462 97
51 297
118 58
486 225
398 112
351 37
180 155
240 169
6 2
129 338
294 405
8 48
51 418
145 282
481 2
324 284
169 410
125 340
326 330
226 392
372 446
205 40
372 217
102 356
298 2
344 118
96 53
302 121
319 61
219 123
90 238
134 281
119 121
105 223
325 226
91 59
196 112
127 241
27 303
476 166
140 180
30 308
76 195
222 249
175 174
212 470
64 306
284 346
303 359
432 244
270 182
490 414
77 16
187 413
355 226
489 226
131 252
24 126
230 231
268 486
87 182
64 427
100 121
224 187
325 239
108 241
388 295
176 116
85 257
33 67
374 131
267 234
253 70
332 363
423 252
376 406
82 188
432 486
380 296
91 193
265 80
256 260
438 237
278 19
369 137
121 72
258 306
387 191
249 486
409 475
445 132
279 365
339 379
480 126
53 22
108 483
402 435
355 360
272 362
57 437
46 19
473 86
174 433
480 247
325 373
465 87
74 202
170 435
390 438
82 322
178 30
54 260
343 134
463 428
26 161
394 328
180 76
74 94
184 491
258 440
354 148
431 102
296 143
155 204
375 207
378 441
345 264
264 339
102 277
231 162
179 497
128 451
95 274
2 46
7 161
83 156
220 161
82 456
118 113
136 167
497 146
134 94
199 223
340 162
364 290
28 341
451 444
41 280
8 103
393 439
285 411
159 43
398 288
269 403
420 47
34 277
342 393
166 167
460 385
23 118
212 54
201 390
104 457
123 470
189 6
120 172
110 127
3 1
22 14
187 347
206 360
429 109
374 173
305 339
250 403
497 280
244 63
227 419
92 231
367 170
224 121
380 109
17 57
110 248
8 237
457 63
300 345
30 255
131 307
404 173
189 19
174 125
298 191
160 486
416 183
118 489
374 186
365 366
425 417
165 12
263 355
170 127
450 181
235 256
207 423
348 133
293 197
207 194
320 71
480 60
251 237
448 485
286 194
332 310
318 412
63 122
54 302
40 138
293 318
205 471
155 125
36 433
31 89
154 425
140 490
410 85
126 326
445 79
307 374
114 208
246 135
17 312
218 36
204 138
176 305
66 433
38 371
313 310
285 211
51 44
431 265
389 305
320 205
70 30
317 136
429 377
107 326
258 495
151 103
216 498
257 270
238 28
255 197
241 262
81 44
494 213
361 327
414 190
317 28
329 267
241 383
120 93
479 440
405 262
97 109
148 340
308 329
456 227
201 203
275 152
440 219
32 165
412 386
491 450
54 449
76 171
324 44
342 327
483 37
89 406
312 155
243 55
132 224
426 442
333 214
44 111
49 455
145 163
212 338
74 404
110 61
215 114
145 284
357 463
319 171
448 56
406 59
213 455
273 469
416 225
57 292
62 407
203 117
249 233
276 107
4 402
18 71
243 189
449 294
8 292
311 64
421 461
261 472
314 69
489 336
11 68
489 107
455 459
133 179
334 169
279 233
50 410
399 298
22 82
149 123
489 228
11 189
337 359
15 308
1 144
343 110
202 134
496 352
161 133
196 356
41 482
493 54
223 193
8 305
462 475
190 16
219 488
267 236
167 69
120 482
1 265
109 64
152 434
389 118
50 423
485 351
493 175
176 239
429 419
341 306
318 359
440 19
115 259
371 185
137 18
423 375
469 491
276 362
478 311
288 187
141 137
176 360
360 440
24 262
65 263
170 316
472 129
447 301
89 327
149 378
369 381
479 24
262 255
107 381
327 384
19 268
253 206
385 96
250 137
40 327
384 137
174 327
7 150
287 204
125 142
350 489
294 328
132 37
412 91
95 384
348 335
310 43
361 274
433 379
72 171
359 201
326 24
231 164
148 395
14 166
41 40
473 451
280 322
462 33
137 273
481 46
371 440
348 456
351 202
120 40
37 271
474 272
226 207
248 225
430 202
449 215
220 392
36 46
495 331
440 395
335 113
104 446
412 333
379 156
384 271
351 94
444 285
268 59
39 236
309 97
419 228
317 217
229 333
215 169
481 59
123 351
324 341
43 62
461 346
6 180
474 285
422 95
224 110
363 454
14 300
113 279
242 164
228 229
238 459
439 449
90 295
76 131
464 213
469 291
96 231
127 298
335 476
132 413
402 8
11 352
346 342
351 457
103 126
115 180
367 401
367 172
138 349
279 59
339 73
397 280
127 419
242 406
187 470
94 242
261 419
489 283
434 347
103 476
115 72
312 357
353 358
482 14
224 244
210 309
191 67
36 193
335 489
176 173
200 301
253 127
323 371
68 81
202 81
21 6
367 414
389 173
191 188
485 406
306 138
177 253
256 317
383 358
350 181
209 242
66 422
295 16
195 78
98 374
318 414
392 363
464 468
189 263
101 379
1 441
371 11
68 202
357 76
109 11
496 420
274 307
307 255
174 369
298 435
246 245
119 204
36 435
213 68
397 414
22 271
204 19
264 33
290 436
486 82
494 202
433 192
292 253
295 487
457 320
264 154
429 487
415 323
52 271
148 208
382 146
368 248
275 20
60 95
468 186
98 387
304 492
32 33
128 495
458 141
255 78
301 194
378 148
314 392
151 105
338 197
54 438
257 272
255 428
114 452
274 441
475 202
26 110
204 382
149 446
267 438
437 324
14 221
299 390
440 100
329 498
281 457
47 290
330 90
160 167
354 447
233 157
379 211
114 465
62 275
12 454
442 267
428 103
474 219
240 52
4 41
446 386
391 221
143 119
187 162
443 88
117 103
62 167
76 65
180 159
326 442
419 404
298 114
377 407
344 230
471 42
495 399
99 170
338 452
48 353
139 242
18 181
224 57
160 301
209 163
305 396
415 2
401 104
38 52
282 412
356 361
268 477
115 6
235 71
422 163
334 50
413 343
96 407
330 345
471 284
457 120
94 68
443 222
295 58
33 58
286 9
57 186
492 343
24 9
277 189
263 291
409 345
271 115
395 410
18 194
237 238
3 71
256 251
149 125
94 189
223 74
71 471
30 433
33 179
258 297
425 474
24 130
115 248
6 490
491 10
386 482
293 25
86 190
394 77
292 66
378 69
22 205
11 312
454 64
142 243
232 136
58 249
130 125
314 434
264 88
126 383
184 361
220 18
98 321
10 208
266 134
82 84
109 187
202 149
188 251
348 203
414 5
94 323
121 426
396 136
234 74
393 67
109 308
458 196
394 440
414 126
75 431
424 319
295 434
314 447
83 26
281 270
41 29
60 42
46 144
261 32
252 212
450 493
257 327
123 98
338 23
34 26
42 375
171 260
23 96
377 99
