423 9786
261 153
65 278
211 332
197 397
178 155
150 322
95 386
21 208
296 147
67 324
125 265
199 214
89 342
190 394
47 345
124 40
418 258
127 45
118 225
305 88
269 394
301 383
342 384
359 324
345 160
78 45
138 96
344 164
113 268
25 155
233 333
44 168
16 106
112 43
62 222
34 389
213 391
273 405
180 214
340 166
240 228
37 165
207 51
105 40
236 230
296 281
345 402
64 123
251 215
198 59
84 223
203 174
103 236
423 177
409 279
340 408
78 179
399 234
196 171
330 400
311 121
27 362
25 289
283 59
319 241
52 126
346 344
332 180
249 182
23 364
191 177
94 15
244 188
423 419
249 303
161 419
1 201
161 190
307 244
45 244
12 67
91 131
198 193
271 183
390 134
123 19
221 362
114 199
348 137
279 303
17 303
58 304
3 368
306 140
256 319
204 129
283 422
168 206
80 322
317 6
167 247
170 252
285 202
68 204
357 78
183 191
100 422
389 296
293 322
26 207
394 374
86 258
53 81
91 373
366 312
364 202
245 22
369 317
391 76
33 368
47 37
415 204
234 129
327 91
189 386
51 156
412 135
257 261
95 199
62 22
241 24
67 137
306 382
359 16
42 309
295 260
28 145
262 312
80 335
410 210
74 261
19 96
239 328
421 76
192 253
10 276
266 202
151 215
63 139
357 320
123 153
357 91
21 371
95 320
155 371
67 258
301 196
260 158
287 261
86 271
232 325
328 33
273 97
144 212
372 76
418 192
363 256
234 371
327 333
412 377
352 97
252 159
169 390
315 215
134 140
180 256
245 156
14 223
129 210
248 161
206 164
352 218
90 218
398 105
48 221
34 323
125 212
23 164
333 97
81 290
337 216
84 36
67 392
361 344
20 51
377 288
108 100
34 336
120 339
18 62
212 342
157 406
251 41
8 54
402 173
388 275
99 401
99 172
233 401
71 339
52 60
309 396
194 180
20 293
111 411
182 291
22 73
30 422
57 296
277 299
323 186
376 49
106 188
298 358
237 119
355 111
30 314
186 302
217 406
272 342
404 232
15 420
115 129
244 14
309 409
274 122
334 173
193 197
270 417
369 130
355 232
195 243
162 66
61 14
360 310
52 194
19 17
84 412
332 248
343 114
40 76
36 371
58 130
311 310
232 17
218 82
295 302
368 292
285 28
128 310
72 149
3 315
259 12
278 25
364 28
42 14
167 423
79 310
253 197
60 31
285 149
216 315
238 74
398 26
343 127
348 205
394 321
259 133
278 146
61 377
80 390
377 88
181 213
10 331
32 90
398 147
257 208
250 20
114 388
375 200
125 254
226 77
9 79
391 144
317 195
102 41
14 157
46 375
280 313
151 162
357 267
26 167
337 29
259 375
364 391
9 200
97 47
317 87
382 216
275 90
46 267
373 396
137 385
255 377
296 378
29 34
141 275
287 329
226 319
358 209
143 284
148 399
349 389
269 396
236 219
318 29
120 273
120 44
345 391
59 34
83 391
69 227
284 152
201 383
55 63
127 168
30 6
328 343
180 216
39 240
106 1
187 340
90 407
24 53
98 2
189 120
194 235
161 58
23 353
4 111
100 48
243 356
96 343
177 2
237 53
311 2
27 243
121 107
118 361
106 243
422 220
78 410
105 284
36 413
177 123
397 163
168 74
154 176
167 115
310 423
122 372
216 7
128 123
343 48
395 238
91 241
158 2
237 295
75 4
404 408
128 244
202 193
155 118
279 413
31 311
86 18
70 10
223 252
190 75
264 24
314 370
302 316
281 193
186 370
234 118
165 18
241 13
347 180
402 375
369 198
281 314
79 136
373 317
385 142
288 246
155 360
150 16
193 386
315 83
153 21
273 86
391 78
267 308
129 78
248 29
234 131
179 195
382 29
46 80
32 145
65 93
285 325
156 211
81 37
246 370
282 27
361 320
414 183
3 383
218 271
317 250
264 158
396 314
363 137
160 37
165 152
32 266
51 279
211 268
118 40
178 91
296 83
370 32
218 392
97 102
331 40
88 319
234 373
41 207
165 273
239 222
321 261
30 48
197 225
384 317
329 381
291 89
141 330
356 218
139 220
106 43
221 30
259 322
264 400
372 199
157 45
349 215
160 50
127 102
123 397
370 274
48 223
260 402
409 202
254 99
166 215
69 53
407 277
16 392
236 395
277 167
28 402
413 213
331 174
8 164
316 51
228 167
71 220
4 166
105 218
317 397
96 398
8 56
407 290
352 354
11 61
217 395
365 293
208 346
340 236
202 6
326 338
193 186
64 301
243 303
210 126
108 344
420 350
387 173
203 352
128 178
133 293
155 52
274 3
191 5
77 132
366 6
223 186
402 417
383 175
300 406
300 177
308 1
189 309
304 296
156 132
309 411
49 6
183 6
380 291
265 75
75 180
223 78
388 411
102 17
401 350
167 183
24 363
371 178
329 181
119 371
17 360
53 17
89 199
253 307
198 371
258 422
327 27
65 27
151 30
285 30
238 184
68 261
250 9
147 325
269 22
26 35
153 76
70 78
410 146
303 20
415 261
382 313
79 312
65 377
220 22
183 369
197 38
403 372
329 194
119 384
86 207
125 135
254 20
56 35
19 382
165 207
192 81
51 105
178 146
123 210
63 196
255 366
141 264
139 154
130 371
190 156
148 388
289 98
93 223
349 149
41 33
201 22
178 267
238 318
197 280
310 157
81 105
222 44
120 33
199 326
340 36
42 379
23 100
157 100
410 280
215 41
335 106
25 146
151 285
35 339
269 277
255 379
222 165
337 152
213 382
340 157
166 270
111 105
231 399
143 286
215 162
275 213
335 227
123 344
164 345
71 154
269 398
7 398
351 208
208 159
122 119
125 390
6 173
111 226
364 406
59 36
83 393
317 331
279 39
196 41
96 103
261 399
145 224
291 278
62 226
282 229
194 345
376 93
166 283
193 120
143 299
191 47
397 152
113 393
316 227
8 111
168 63
71 396
319 232
401 42
20 350
400 342
133 227
312 229
212 291
265 117
303 409
325 168
182 348
383 109
85 415
38 340
112 289
420 405
103 240
48 304
87 232
92 347
73 68
100 171
386 299
212 412
191 289
177 125
22 251
223 12
388 345
80 192
52 130
267 55
98 17
10 133
290 187
293 192
119 305
339 79
369 187
162 123
286 189
258 356
318 407
230 294
161 423
202 195
369 308
28 15
369 79
272 412
401 297
79 246
239 198
65 82
404 302
156 200
257 252
288 356
21 12
408 421
7 77
301 295
26 90
58 308
190 198
295 251
47 149
234 241
225 421
354 306
294 26
82 372
51 39
109 246
21 133
26 211
213 74
58 200
234 362
220 198
65 324
239 211
123 36
269 319
255 192
62 26
260 270
405 136
317 23
284 75
93 278
96 24
151 219
13 26
44 93
118 42
412 260
305 134
351 21
241 149
67 262
328 266
240 153
97 104
9 257
14 335
88 321
248 273
234 375
96 145
388 24
104 265
49 329
291 91
310 104
411 156
48 104
153 157
53 219
70 388
111 389
92 147
345 327
138 34
124 99
229 152
182 40
187 155
132 219
393 260
35 286
76 287
2 109
139 343
268 228
235 51
326 206
4 155
413 94
358 158
148 348
96 158
94 48
159 214
104 278
412 394
92 160
221 45
312 392
207 110
400 276
224 279
298 228
344 115
201 332
22 64
261 346
121 43
66 107
219 349
365 403
291 225
236 289
134 278
20 405
254 343
133 282
224 400
372 335
193 67
224 171
284 222
96 400
22 185
416 112
236 410
84 282
332 118
216 172
395 403
221 287
166 351
73 123
367 341
133 174
422 48
205 50
397 220
66 349
355 223
195 234
11 184
57 300
387 175
79 59
390 180
422 398
59 346
381 360
155 54
274 5
413 349
251 287
17 120
110 311
196 351
94 303
281 129
355 115
244 247
225 5
189 311
216 414
304 298
82 185
376 174
269 11
202 21
375 178
125 3
75 182
85 375
262 8
146 62
170 419
357 16
232 250
347 237
77 376
53 19
130 239
278 137
223 201
47 204
107 255
252 84
257 199
260 204
405 70
336 199
262 21
418 9
354 253
132 140
352 143
109 422
183 371
417 309
35 207
398 30
95 258
296 19
301 363
287 199
89 214
37 24
317 78
33 319
192 312
13 81
333 22
150 315
169 328
291 25
236 89
351 76
282 205
356 154
53 153
254 143
199 207
171 145
330 138
183 384
117 30
370 210
345 382
364 395
171 266
386 154
157 331
185 164
262 384
215 272
421 377
261 159
25 148
352 277
62 215
263 205
122 229
34 153
120 156
419 223
207 44
418 264
159 269
319 221
250 387
219 54
420 44
291 159
351 210
263 326
139 290
125 392
142 36
386 396
78 51
205 92
119 52
270 221
416 275
242 159
44 403
154 46
99 110
352 290
252 352
337 396
15 116
205 213
193 122
152 121
105 46
55 188
140 232
406 122
423 291
189 124
221 342
73 178
326 395
193 243
115 296
147 19
59 172
334 111
31 73
270 355
355 170
267 286
85 309
300 234
401 286
29 414
230 404
271 176
290 189
128 127
202 76
114 192
274 181
67 117
31 194
144 71
3 132
116 9
79 356
258 358
137 68
257 133
91 366
347 292
265 253
42 181
245 15
383 245
52 374
341 248
186 374
280 9
189 379
51 149
271 418
54 420
150 128
172 146
380 361
259 300
359 9
218 33
176 302
116 22
410 203
303 77
165 143
239 92
86 264
213 305
153 25
199 141
218 154
405 246
266 316
252 152
109 369
324 257
306 388
39 273
264 391
23 36
281 331
19 331
294 270
261 93
132 208
44 95
393 249
233 31
252 273
81 162
122 163
134 254
222 101
199 383
139 103
218 396
378 385
226 257
245 270
28 272
234 377
416 88
275 149
192 380
266 329
134 146
172 401
249 96
323 45
122 55
144 339
9 380
317 267
50 152
284 90
270 155
344 104
146 385
108 93
8 155
275 270
178 337
71 211
16 275
136 340
323 166
180 383
106 168
37 334
240 168
59 93
4 157
386 222
129 337
215 340
108 214
374 104
29 335
249 109
106 60
91 166
416 222
256 4
223 56
154 222
302 120
333 224
66 109
167 161
291 227
24 112
263 394
337 343
120 345
409 219
115 1
77 123
182 176
94 292
154 343
302 241
327 5
277 413
189 300
10 69
423 238
249 351
271 110
395 405
73 125
367 343
205 281
347 105
177 182
407 415
360 303
415 10
286 125
253 177
277 305
299 64
115 243
235 308
271 2
257 67
288 171
114 18
31 249
251 289
259 113
278 126
195 357
336 67
1 262
389 344
255 115
274 128
251 410
306 80
204 69
295 416
209 413
308 126
220 13
244 370
192 180
63 295
14 47
144 139
264 204
171 13
267 246
220 134
294 83
170 313
238 188
150 75
403 255
370 78
134 67
301 244
306 322
405 72
135 211
88 365
234 419
303 24
123 322
273 37
37 26
116 319
55 43
220 376
354 376
5 222
132 34
352 266
178 150
379 140
95 381
384 255
35 101
39 220
37 147
419 212
364 276
23 212
157 212
14 392
363 317
294 217
321 320
266 384
261 40
25 29
238 322
117 261
153 214
409 140
254 266
6 164
340 40
59 27
23 104
102 397
372 258
124 156
336 335
377 336
270 210
159 379
379 382
35 343
112 38
95 394
310 282
15 105
409 32
395 97
312 328
124 277
243 228
148 405
289 115
388 94
233 220
318 35
276 38
152 231
124 398
193 3
224 107
302 175
159 392
355 38
217 333
98 116
34 397
6 298
174 111
143 303
270 344
344 293
292 103
131 414
126 70
346 110
404 280
235 242
422 334
188 167
288 105
40 3
152 244
119 296
64 360
193 245
243 362
210 414
91 234
45 118
422 105
127 416
302 417
66 406
99 354
314 242
272 282
186 242
10 245
404 172
417 111
279 406
86 11
397 398
77 191
70 3
108 295
130 54
283 296
61 183
85 311
253 124
24 301
5 22
299 240
290 420
202 78
193 258
17 298
77 312
195 304
126 204
253 245
46 181
244 196
216 363
390 250
59 416
188 301
67 240
246 242
262 186
126 325
24 314
357 194
95 194
273 200
204 366
89 150
405 127
88 420
421 71
137 312
44 84
197 326
197 97
255 304
81 151
260 382
171 310
171 81
245 30
231 95
32 151
338 194
370 146
361 326
139 213
106 36
125 86
245 380
56 215
160 272
96 28
148 218
32 272
99 33
269 215
227 218
199 385
39 167
152 44
224 149
231 108
330 316
96 149
41 213
275 151
60 226
16 385
186 42
90 105
169 398
263 262
29 95
263 33
409 87
419 280
196 208
416 211
154 211
402 47
200 98
379 329
2 113
81 406
101 55
87 157
161 106
119 109
50 275
196 329
237 101
416 103
113 331
27 291
355 93
126 4
272 95
365 286
313 96
43 6
170 47
194 404
20 288
59 216
298 232
243 296
96 283
182 286
163 44
383 47
305 393
214 9
126 125
272 216
131 240
277 294
263 396
29 229
411 294
230 219
156 4
323 181
188 222
133 286
205 391
17 340
91 289
380 163
91 60
256 356
316 407
383 168
341 171
253 58
24 235
373 123
285 10
114 128
362 1
334 168
64 307
105 345
320 233
397 224
256 248
130 109
278 7
311 184
322 50
346 407
365 420
277 307
318 345
170 181
82 297
354 2
189 423
82 68
142 119
343 109
241 61
174 71
265 418
141 123
246 176
265 189
380 176
177 76
278 128
168 256
121 410
190 15
355 348
47 195
33 297
286 248
179 122
373 365
156 367
266 10
54 356
288 294
21 179
207 369
301 233
70 71
42 238
350 125
401 356
93 203
368 408
19 25
65 141
304 423
82 310
68 146
169 198
95 20
72 265
369 259
102 144
281 375
410 260
396 362
93 324
239 378
123 203
250 15
40 205
34 131
72 386
153 82
39 209
149 377
157 201
88 367
102 36
321 80
137 259
269 149
263 75
260 329
361 381
359 308
139 39
298 32
413 19
41 147
132 265
151 278
352 39
16 90
296 373
134 311
34 144
287 324
273 160
345 265
264 340
55 166
60 281
242 29
388 83
25 31
407 96
178 273
352 389
291 150
249 153
340 271
340 42
381 43
166 155
226 206
152 220
298 45
196 263
108 150
182 99
333 268
118 343
355 27
71 39
150 332
203 158
414 378
221 212
83 278
391 394
14 407
124 50
210 53
289 346
344 53
206 348
173 171
85 287
122 354
318 37
235 231
221 104
6 179
18 4
64 120
143 413
27 238
118 356
200 166
145 230
271 46
54 48
207 290
91 115
256 411
154 400
402 236
407 351
30 364
360 239
368 100
203 292
392 228
189 357
323 357
404 53
390 118
82 2
161 295
183 54
166 410
288 107
91 236
306 124
177 239
130 164
75 228
127 418
295 231
135 13
336 3
319 359
184 171
371 226
235 365
343 164
413 408
191 295
380 231
163 233
135 134
264 19
295 123
371 118
343 56
384 57
408 414
205 351
293 198
375 8
342 60
232 188
223 368
383 357
350 180
80 319
281 309
214 319
360 373
401 411
225 414
373 312
156 314
338 62
276 416
257 366
183 188
255 293
172 258
72 320
53 78
135 147
355 416
192 129
371 360
183 309
296 186
141 312
241 21
264 382
190 204
229 132
19 322
151 212
285 212
357 317
394 384
53 91
111 32
350 314
162 263
308 317
113 78
324 261
62 261
136 210
134 137
306 392
92 140
405 371
364 333
331 156
41 94
385 392
407 151
233 264
85 100
159 86
324 382
38 25
76 51
423 95
180 374
175 30
400 377
419 390
245 274
129 328
215 331
55 113
275 382
113 320
206 282
233 156
71 94
236 390
2 223
18 167
45 41
298 221
256 224
108 97
25 328
140 49
305 382
277 54
309 272
328 285
4 390
193 60
55 355
163 154
335 409
402 170
314 57
167 44
249 342
312 398
339 235
237 224
182 288
108 110
242 339
94 175
126 127
272 218
117 344
258 283
84 167
216 57
288 162
367 226
394 63
96 406
399 178
319 414
214 132
52 299
198 124
29 352
304 291
376 167
169 66
207 358
193 194
67 55
149 353
383 291
405 50
388 406
355 229
271 235
343 340
197 20
54 237
307 417
21 60
293 253
241 63
353 304
12 240
26 138
61 361
56 17
47 197
253 73
51 87
390 307
238 179
329 297
255 119
191 363
361 20
359 176
223 315
405 63
88 356
162 305
368 410
225 361
132 133
206 82
104 71
288 417
324 74
394 318
359 297
139 28
70 194
89 207
56 259
190 259
377 85
253 315
5 213
354 367
206 203
252 90
71 15
109 307
269 259
296 133
141 259
409 10
213 135
116 202
234 423
74 205
215 144
46 372
5 334
242 18
385 326
118 211
30 98
324 316
219 34
164 98
250 138
370 203
134 192
273 270
139 41
345 375
378 323
185 157
4 82
312 198
377 327
74 326
215 36
321 203
159 141
282 211
34 146
180 200
240 214
312 90
358 206
14 396
251 80
27 106
379 265
43 50
208 383
48 165
263 90
1 53
307 96
358 327
261 165
351 324
268 289
414 380
328 340
185 291
59 152
64 230
413 155
36 168
209 96
25 275
300 214
90 404
38 214
112 163
365 343
332 166
276 271
343 32
18 235
400 337
381 58
284 391
191 163
303 404
339 61
41 404
163 101
94 230
168 179
25 396
176 40
300 335
200 397
396 43
24 171
332 287
43 184
356 415
73 63
114 64
293 66
224 232
91 346
383 225
223 7
107 61
253 115
24 63
103 356
221 348
343 45
119 300
26 72
320 290
264 129
195 295
336 5
392 351
371 228
51 21
54 292
307 243
329 2
241 118
293 308
265 246
292 349
110 372
311 362
135 136
28 10
234 115
10 370
321 3
95 185
384 59
274 187
174 249
119 313
301 61
380 354
218 255
278 306
218 26
61 308
295 246
281 311
336 18
234 236
93 260
46 185
65 198
13 8
225 187
109 241
169 255
95 77
7 193
274 308
213 69
39 145
414 59
378 365
366 311
190 314
264 263
350 303
372 62
336 368
231 86
349 78
187 16
266 80
51 155
109 362
260 265
34 188
227 88
172 152
166 78
345 309
47 386
79 375
280 365
25 75
44 88
62 142
199 376
361 209
326 188
111 263
317 368
275 142
187 29
44 209
407 32
219 210
169 389
236 150
136 212
310 99
122 277
287 381
20 37
6 102
367 81
83 322
243 274
196 199
270 148
358 32
220 327
113 201
13 263
159 88
38 27
150 268
21 383
29 207
134 260
153 273
423 97
254 325
328 274
276 84
124 215
143 228
270 40
127 220
173 336
305 263
217 379
324 276
236 392
186 46
411 393
406 49
153 394
194 395
328 395
268 115
188 92
221 40
152 169
50 387
380 33
418 325
399 46
99 279
85 344
164 408
186 167
29 220
115 223
423 339
318 94
120 338
323 172
235 288
139 351
23 405
133 48
64 177
224 166
110 293
237 105
332 113
411 406
101 180
18 411
381 234
69 413
270 403
347 98
36 236
177 175
182 290
374 231
189 414
299 57
244 121
404 110
271 224
161 352
183 111
343 100
45 406
86 178
17 344
399 409
292 283
96 408
158 54
77 358
99 413
322 162
57 416
198 355
272 341
179 113
84 290
10 304
170 293
1 255
394 186
251 403
213 111
366 124
89 75
245 63
11 421
355 231
43 373
5 81
137 237
63 59
161 365
238 60
398 12
381 368
114 253
241 65
246 409
394 307
70 183
89 196
157 71
28 186
239 140
123 194
274 363
375 415
191 365
414 114
111 76
308 361
137 250
412 189
338 11
114 266
26 382
72 269
144 374
405 186
176 363
83 135
97 33
281 379
418 125
215 25
5 215
132 256
373 382
305 184
252 92
296 135
20 200
139 151
309 74
400 192
9 78
69 92
335 211
321 313
68 392
412 202
136 38
263 79
282 92
180 81
400 313
226 197
386 149
372 251
303 380
124 149
333 30
213 379
409 25
180 202
185 280
124 41
270 95
302 47
159 264
233 213
277 219
122 116
180 323
39 347
166 388
106 108
78 275
59 33
119 47
96 329
215 280
182 103
80 55
398 401
57 108
43 173
103 224
134 328
222 175
304 214
422 206
18 116
372 385
193 117
69 347
270 337
344 286
196 159
383 214
187 339
168 60
401 39
43 294
29 396
10 117
15 232
175 221
87 108
348 112
23 352
422 98
105 162
193 9
325 165
182 345
256 294
278 53
383 106
355 273
214 297
302 181
43 415
258 111
225 163
175 342
422 219
279 399
348 4
154 404
228 353
369 292
410 64
360 243
387 346
84 345
123 7
54 173
307 353
207 415
403 61
100 289
293 189
67 112
389 163
163 345
108 409
259 53
209 232
300 350
267 173
253 238
142 407
216 356
338 53
361 185
168 315
135 138
322 230
162 12
33 127
148 77
354 182
299 246
280 4
373 195
371 122
197 198
26 87
153 128
223 372
341 364
377 21
338 295
285 203
398 80
274 310
315 82
394 375
309 8
70 251
130 302
42 189
74 141
257 262
384 303
329 367
62 252
315 203
34 190
180 15
171 195
96 21
385 383
44 90
319 29
145 142
49 205
81 157
395 24
419 381
400 139
345 203
294 386
261 209
35 391
150 378
81 278
175 142
180 257
185 335
97 222
372 198
215 214
261 101
99 39
219 104
272 196
398 335
2 335
296 324
134 262
249 212
309 263
87 150
276 86
212 330
36 104
237 94
13 386
209 32
217 152
84 37
249 333
268 346
249 104
390 43
226 386
97 235
344 341
261 343
168 115
11 168
360 56
387 159
406 172
323 403
304 161
376 37
417 38
147 177
307 166
422 153
97 356
105 217
292 43
416 338
108 222
335 413
30 302
341 164
272 330
179 102
401 215
332 115
318 217
230 333
170 53
101 182
290 118
147 69
110 416
77 10
27 418
88 105
167 169
126 131
362 344
128 177
343 102
339 360
53 3
3 411
366 234
144 121
33 290
360 419
165 180
230 346
101 195
357 121
95 121
255 110
329 59
307 300
306 304
158 177
58 239
144 13
295 411
245 65
28 67
107 360
322 285
162 67
74 183
387 414
368 172
198 249
385 75
285 137
412 178
1 378
128 419
246 411
301 118
204 185
336 75
415 368
234 64
368 293
310 22
40 198
67 301
141 250
296 124
72 150
37 129
278 255
386 17
391 132
303 19
13 186
261 22
104 75
178 24
67 422
337 17
153 196
56 263
331 202
243 89
143 151
146 422
41 140
151 271
269 263
134 304
34 366
370 86
175 76
361 266
199 204
152 92
325 20
308 376
344 33
13 199
132 150
385 330
49 381
379 256
21 319
208 374
29 143
122 105
120 32
106 97
400 315
279 25
124 151
413 25
284 140
261 156
32 333
44 158
398 390
71 32
291 264
139 395
111 333
97 398
138 207
391 387
330 377
94 100
25 266
300 205
30 115
203 272
222 285
230 146
161 46
59 264
221 97
4 328
224 102
339 52
325 154
297 321
80 57
333 274
360 111
131 288
401 149
189 229
48 290
230 267
101 116
340 398
92 333
54 41
312 336
174 106
205 210
279 159
22 237
268 414
1 70
422 329
246 103
394 1
196 282
214 299
126 186
179 49
24 175
115 293
101 129
357 55
293 299
353 350
89 11
168 304
116 114
302 304
332 412
63 224
230 401
202 73
348 356
408 178
260 14
306 130
121 350
181 364
396 60
24 417
258 355
51 25
197 79
73 309
329 6
26 197
260 135
17 414
177 366
391 66
126 320
363 4
354 184
32 133
150 125
114 202
315 192
208 66
227 79
347 410
172 143
39 28
130 412
23 20
176 299
281 315
14 200
148 200
354 305
225 420
338 297
343 412
241 364
208 187
315 84
12 312
342 187
306 264
400 128
245 254
42 191
391 308
229 246
129 308
44 200
164 265
145 23
305 12
269 318
90 87
153 143
347 423
4 20
231 211
124 85
349 203
352 208
393 246
16 259
219 93
227 213
218 393
400 141
312 257
127 211
8 31
407 265
112 88
365 39
337 206
304 29
125 323
340 211
386 98
251 139
380 24
110 163
187 383
407 157
319 44
360 45
76 286
277 47
249 214
409 203
20 391
307 155
215 337
335 402
302 225
154 98
233 391
71 329
16 393
291 332
2 229
84 268
310 345
203 219
161 222
92 388
64 60
270 394
210 114
121 42
66 106
126 120
167 158
84 389
225 99
87 394
120 342
106 407
343 91
188 217
36 348
3 171
369 228
295 50
281 115
52 63
249 348
109 45
381 238
367 340
193 187
251 394
232 115
66 348
355 222
396 223
162 56
181 69
179 225
198 238
404 343
82 292
15 302
128 179
45 410
353 297
86 182
339 362
320 120
94 302
135 303
364 126
140 418
313 346
79 179
294 67
211 69
54 351
109 58
362 238
26 23
380 292
88 349
248 72
368 403
5 85
385 306
192 177
238 293
338 2
114 257
62 67
403 131
260 311
241 69
81 80
213 236
53 18
144 136
61 367
317 64
341 421
248 193
129 13
46 244
63 413
151 260
385 198
118 83
95 136
134 64
208 13
86 316
227 255
111 80
116 195
331 83
372 121
418 237
143 32
418 8
330 124
65 378
178 255
197 268
403 373
262 370
322 421
74 319
418 129
196 16
242 132
146 195
151 273
137 375
71 21
263 191
67 316
153 319
175 78
254 371
39 217
199 206
166 258
138 196
157 209
410 389
69 96
251 73
132 381
113 139
228 89
66 27
90 155
57 207
310 158
282 325
103 94
409 137
138 317
83 381
372 255
284 142
229 206
421 376
242 145
261 158
99 325
118 338
402 97
411 331
337 153
53 394
293 46
64 223
23 222
270 99
164 346
291 387
387 95
115 161
6 403
188 151
307 102
133 215
23 343
413 269
320 41
399 334
36 282
17 40
210 169
297 94
200 390
360 113
43 177
142 156
235 118
59 158
408 275
100 159
50 338
232 49
177 113
256 406
397 153
223 229
168 293
420 285
207 406
174 229
177 234
339 67
218 6
127 413
168 185
66 403
47 124
33 226
167 226
318 395
170 231
51 14
1 422
183 170
417 108
18 362
274 288
77 417
237 406
58 175
350 54
239 186
115 416
73 419
241 3
22 373
89 134
405 111
195 301
33 239
341 355
19 304
179 293
60 76
104 119
257 361
114 312
329 237
241 124
375 353
347 291
58 188
369 309
322 234
229 6
363 235
165 250
51 377
343 293
329 358
172 374
70 363
58 309
56 199
185 84
231 200
28 137
146 358
63 360
118 30
197 323
384 186
81 377
155 363
134 240
120 76
328 254
139 89
125 191
340 79
78 79
226 14
176 422
363 248
196 71
261 200
266 315
393 356
305 243
255 422
76 154
356 208
328 146
367 74
264 390
152 149
143 329
124 87
363 369
127 92
187 143
132 207
44 323
352 210
338 312
30 159
145 146
291 200
76 275
323 152
180 369
273 331
157 385
284 197
229 261
303 210
416 87
352 331
85 216
71 318
30 280
11 38
57 154
217 143
365 270
356 221
175 146
87 33
83 328
143 342
182 41
421 323
302 106
140 44
258 36
395 41
59 92
205 146
110 286
77 109
228 278
173 342
360 168
406 284
411 399
230 324
189 57
166 339
334 152
327 112
244 114
142 332
290 230
334 273
205 388
353 286
298 350
22 186
80 127
121 165
281 117
300 396
19 117
131 358
84 283
211 58
389 101
320 230
246 52
325 345
237 232
314 415
61 6
52 186
38 288
253 176
179 227
60 10
10 189
257 295
128 410
380 402
287 174
399 415
246 173
53 7
121 407
317 53
415 359
198 361
191 358
227 15
361 244
153 66
311 423
405 287
345 7
364 20
9 58
391 123
181 313
126 377
167 415
79 302
373 254
206 77
197 28
255 235
114 259
26 375
62 69
100 361
287 187
232 251
139 23
111 190
185 139
42 356
364 370
364 141
121 420
212 13
80 382
396 359
88 243
377 80
28 192
275 69
156 377
35 316
169 316
62 190
370 306
12 369
153 79
227 28
273 373
158 423
326 236
218 208
111 82
303 252
327 380
368 418
165 318
127 26
192 421
247 128
118 206
25 15
44 28
159 15
90 144
164 93
21 310
282 85
53 262
39 327
400 306
259 367
221 75
377 93
310 268
134 308
153 321
120 144
166 31
245 324
331 327
124 263
148 391
330 368
416 142
108 26
132 383
173 155
66 29
76 222
62 324
122 109
166 381
161 37
105 142
279 29
413 258
143 397
330 260
283 148
402 99
302 161
316 96
195 35
145 214
184 142
175 322
208 270
87 209
37 388
78 160
386 276
408 35
50 327
243 227
182 217
297 204
113 383
94 104
209 91
302 282
374 158
319 222
219 284
332 161
392 212
208 391
87 330
246 94
96 335
77 56
316 338
223 110
11 227
341 102
337 397
115 284
304 220
87 222
18 351
78 402
64 238
193 123
265 228
270 343
232 51
350 43
374 400
396 159
107 56
198 174
332 174
244 61
142 279
216 228
188 395
367 397
105 397
366 172
302 416
33 228
267 166
52 241
294 3
239 67
271 285
216 349
238 108
68 185
128 236
381 416
403 175
53 62
58 177
77 190
135 131
410 70
181 247
189 367
142 292
128 357
183 64
147 370
348 360
12 411
315 183
303 65
198 308
335 17
192 234
257 363
136 73
141 188
414 54
328 14
218 142
111 16
364 196
47 260
382 250
368 352
146 239
60 199
74 134
27 22
275 124
197 204
357 193
398 194
35 142
250 67
7 80
213 414
361 312
39 261
130 416
240 22
83 304
138 11
231 202
229 129
44 83
150 250
282 140
166 194
212 81
336 376
192 368
407 256
310 323
169 384
164 40
263 248
26 335
227 325
106 35
240 35
212 202
143 331
5 397
333 199
407 148
352 212
338 314
216 28
221 143
377 390
17 84
36 97
96 148
297 138
228 38
44 217
52 41
164 282
272 81
310 336
395 151
307 38
279 205
284 320
265 41
223 44
383 33
25 325
228 159
214 224
203 102
409 207
309 269
417 31
147 170
100 95
45 159
105 210
353 46
265 162
339 111
77 111
209 267
94 51
126 232
415 106
236 400
258 159
277 172
249 339
133 393
348 52
124 344
251 385
289 411
242 336
350 98
80 237
314 175
11 403
258 280
43 355
277 293
79 49
15 293
156 232
288 159
362 108
155 44
158 49
89 178
402 409
190 1
167 283
112 347
79 170
65 6
147 304
40 178
389 103
348 65
306 68
218 184
3 296
295 404
116 173
19 240
170 409
290 245
329 173
7 122
301 111
72 251
58 353
3 417
177 304
158 291
144 127
245 179
42 116
28 181
181 423
239 364
373 364
266 9
271 353
68 253
109 291
315 130
34 117
218 197
83 9
179 242
287 418
158 304
70 420
259 356
326 117
116 307
245 192
264 205
229 184
363 184
421 125
137 366
266 251
333 12
117 128
337 131
88 366
143 265
14 380
160 205
146 307
13 192
261 28
25 17
145 82
21 312
2 33
81 326
310 149
208 367
337 23
419 321
367 131
312 195
331 208
157 321
102 385
379 141
131 39
103 206
48 270
356 386
115 31
315 385
221 198
207 34
312 87
256 155
209 80
85 44
84 85
189 101
409 141
1 50
240 332
188 142
326 372
100 29
284 375
50 208
377 337
210 160
60 401
27 224
421 380
154 265
113 264
333 267
219 394
16 331
258 93
222 399
423 160
293 50
193 112
279 152
298 165
251 319
17 152
401 263
225 37
101 230
221 332
128 104
205 324
45 106
339 58
110 235
108 391
402 343
223 112
302 405
61 50
121 101
281 53
401 384
219 407
327 169
43 410
203 399
24 168
10 233
98 117
142 160
260 115
347 40
402 235
281 174
112 402
332 405
257 231
202 295
343 271
288 335
202 66
26 69
279 286
375 223
149 405
89 125
42 50
264 126
137 287
197 72
357 61
68 187
31 305
278 411
378 120
179 176
5 252
5 23
68 79
324 5
188 410
370 121
342 59
259 290
218 252
157 13
382 360
79 359
294 247
299 362
417 354
370 242
136 75
174 367
158 359
328 16
144 195
42 184
331 21
303 188
247 293
385 257
371 359
44 193
291 70
315 198
409 62
323 22
42 305
336 257
14 206
201 69
25 72
197 327
305 126
35 265
57 24
263 129
282 142
153 257
309 245
143 212
69 34
248 265
96 137
349 317
289 37
132 319
333 309
412 373
16 373
90 322
16 144
269 324
7 324
29 83
304 22
133 140
4 255
4 26
386 91
69 384
289 387
146 375
407 150
140 35
16 265
420 89
175 258
139 335
199 386
307 148
413 315
105 199
91 35
113 319
11 271
374 94
38 145
390 38
87 37
226 381
331 397
124 333
399 272
228 390
223 46
214 226
217 268
263 384
152 287
279 328
355 323
140 169
200 220
29 338
115 341
175 392
423 228
371 38
188 331
246 272
50 397
210 349
369 113
167 393
382 52
313 218
299 283
290 234
68 121
288 390
147 414
174 288
119 352
193 301
36 354
209 282
33 56
198 352
257 178
109 51
362 231
287 57
218 186
185 9
168 365
130 110
350 113
9 49
167 406
308 116
327 129
373 245
321 55
304 411
156 247
269 124
384 111
260 304
375 291
180 52
204 180
80 373
195 360
102 132
336 70
33 298
225 239
151 24
393 52
338 116
238 178
54 357
216 419
357 358
389 347
7 245
208 6
350 355
372 114
28 75
281 255
181 317
308 358
248 78
146 296
127 17
225 360
354 245
44 19
338 237
30 84
68 376
245 194
28 196
129 248
19 376
148 261
416 12
211 317
117 130
315 374
337 133
240 200
207 23
69 318
358 192
129 369
344 28
289 92
90 377
310 380
203 25
106 92
185 156
243 326
143 388
270 200
344 149
196 22
96 84
215 264
388 192
200 141
398 385
217 81
122 221
423 149
249 262
240 213
78 151
372 369
353 90
270 92
182 208
302 273
173 159
300 200
388 84
250 379
117 264
387 88
420 36
43 49
392 203
411 216
20 331
6 167
221 92
64 337
408 147
105 146
124 159
215 277
22 111
421 382
383 90
374 270
379 385
167 206
131 283
392 324
277 108
409 264
235 340
288 203
73 49
207 278
298 396
413 383
36 396
36 167
374 391
88 34
145 339
38 213
198 165
313 152
203 280
106 347
221 334
307 337
128 106
183 42
45 337
105 388
141 45
353 224
86 109
408 160
380 98
311 227
42 39
253 222
98 348
79 106
175 339
87 226
362 165
18 355
298 409
171 45
42 160
195 402
350 47
295 340
410 61
181 238
179 165
189 358
271 397
343 273
147 361
40 6
394 238
210 417
260 9
157 2
102 66
195 294
396 284
286 412
33 232
52 245
98 361
373 300
65 184
137 289
343 394
161 417
274 294
58 410
89 248
176 402
42 173
157 123
314 366
308 292
63 232
178 182
290 423
123 17
95 184
414 166
218 254
223 369
5 375
294 249
299 364
421 61
183 418
357 305
164 139
49 189
255 294
62 128
309 5
199 133
364 200
350 302
262 418
234 356
151 321
178 195
71 69
305 7
62 20
122 34
282 23
309 126
312 131
335 263
118 265
99 23
250 421
412 254
238 367
150 254
62 370
62 141
282 373
222 93
59 72
212 314
50 23
91 24
333 311
374 83
305 249
35 388
112 83
346 21
136 211
212 206
303 324
418 311
289 389
265 32
127 327
8 147
335 276
206 391
159 316
401 78
291 206
420 91
263 373
282 386
318 80
263 144
20 386
381 99
367 201
413 88
399 153
36 101
27 281
195 94
420 212
57 160
203 214
29 327
318 201
323 279
334 145
380 32
8 389
214 228
360 282
126 115
392 271
225 94
84 155
122 410
189 400
54 212
188 212
4 391
358 394
108 219
217 391
299 164
304 279
170 50
18 410
205 273
91 400
399 287
366 110
204 48
135 177
314 179
234 156
167 166
299 285
244 349
100 341
64 418
320 344
347 218
306 180
232 2
182 410
273 3
149 233
135 298
262 110
341 403
107 236
65 239
51 75
54 346
155 398
329 56
141 234
260 185
53 121
292 403
273 124
130 341
75 405
42 228
28 64
52 421
93 193
146 56
5 80
373 247
385 301
82 300
68 365
288 405
403 355
269 126
241 293
315 242
86 419
375 293
315 13
172 193
359 285
278 360
364 363
56 18
405 172
281 365
220 126
173 14
118 78
49 244
252 78
68 257
412 67
183 244
417 411
21 182
370 299
155 411
35 80
370 70
12 362
53 363
107 370
242 6
118 199
164 86
117 11
318 1
83 363
303 366
410 263
336 314
303 137
36 22
148 263
416 14
151 268
266 255
356 377
134 301
411 84
282 199
20 199
273 379
372 358
331 91
243 207
28 319
196 132
201 247
146 311
127 32
118 212
159 250
305 304
286 25
401 12
310 382
117 253
398 266
29 140
103 89
230 130
409 132
331 212
124 148
339 36
69 212
55 277
215 266
60 392
275 317
397 14
187 204
164 220
131 272
351 312
296 376
48 274
15 97
87 202
276 138
326 255
59 140
205 194
413 372
229 322
388 315
407 328
314 100
374 151
319 215
401 25
217 204
332 154
263 320
175 207
395 210
381 275
367 377
133 210
50 212
366 152
256 280
316 331
25 384
99 333
341 95
272 261
38 94
258 326
404 151
249 277
87 215
161 164
340 395
395 331
307 218
147 229
293 283
251 323
191 43
270 336
267 38
368 90
225 41
211 106
285 55
87 336
307 339
367 390
45 339
119 288
67 98
31 175
58 49
70 103
3 113
311 229
402 347
314 234
374 285
179 46
203 403
373 289
115 290
290 291
21 103
241 106
311 350
314 355
214 417
336 114
33 342
396 165
198 409
109 108
274 175
45 352
168 422
283 409
66 411
377 7
363 109
74 235
382 122
239 302
197 76
16 1
348 245
174 358
394 361
72 310
172 19
213 57
139 71
125 173
89 250
359 111
83 176
377 128
361 305
268 77
287 127
259 294
37 181
391 184
129 184
330 174
146 353
5 377
5 148
233 12
393 1
21 358
169 256
7 423
342 184
395 10
70 250
345 189
413 64
14 318
316 131
349 79
321 246
393 122
217 125
365 23
409 66
111 372
166 79
372 184
243 262
224 20
196 187
220 315
242 74
27 149
118 267
398 321
420 80
291 195
277 31
120 313
175 20
326 418
381 88
152 265
226 251
284 192
17 77
358 141
270 28
55 103
416 82
13 372
99 375
261 208
374 85
365 265
346 23
117 200
29 316
411 381
153 382
185 334
224 33
191 85
344 98
223 37
407 383
214 217
200 319
71 205
164 396
136 334
230 198
340 329
23 393
4 151
224 383
339 104
110 281
94 273
127 221
94 44
355 85
85 224
217 380
277 394
373 102
423 219
409 321
395 386
298 224
325 327
91 160
341 271
322 29
52 168
79 42
170 160
423 340
73 227
155 37
394 282
223 171
154 337
176 96
214 351
281 112
360 405
271 104
343 209
147 297
128 55
40 171
334 389
119 235
86 58
158 163
89 63
405 40
369 346
267 335
341 284
47 66
322 42
211 174
255 217
329 166
174 292
293 243
45 407
301 104
339 359
53 2
218 69
56 7
116 58
281 354
341 405
33 289
234 279
82 410
128 297
293 364
408 351
125 228
419 180
223 305
245 64
116 179
79 297
247 110
370 180
136 13
227 131
70 413
273 18
226 172
231 250
303 126
146 408
382 190
165 421
215 13
201 115
132 15
49 246
241 187
356 137
125 241
240 191
6 24
405 295
171 128
234 413
160 198
368 413
127 21
247 352
338 241
238 303
269 370
117 13
81 319
254 247
259 362
166 134
345 365
364 378
42 364
171 249
50 188
284 126
74 316
397 3
44 373
252 322
374 19
300 70
305 185
319 83
200 132
76 96
296 365
337 137
139 381
409 13
180 190
309 75
23 206
312 80
212 142
284 247
418 247
94 86
407 317
66 24
233 201
30 330
85 37
117 255
76 217
103 320
277 207
244 30
39 335
59 21
358 317
55 279
160 332
22 102
60 394
256 40
242 142
333 260
85 158
319 96
398 389
131 274
365 212
392 315
307 207
205 196
408 30
36 387
413 145
77 159
297 199
383 202
168 48
295 89
195 151
140 215
145 330
272 142
406 105
10 105
249 387
161 274
395 212
386 392
348 100
193 226
298 279
243 343
91 215
251 204
36 279
163 320
77 51
204 92
416 271
302 398
225 151
299 100
101 115
288 207
31 285
193 118
380 210
176 151
80 177
369 51
11 343
121 215
33 102
286 282
214 177
52 344
184 271
290 172
255 151
408 393
403 49
380 331
325 395
366 396
259 41
364 57
102 57
82 115
161 408
376 333
260 121
158 110
214 419
267 282
24 295
294 119
151 70
238 224
164 9
35 124
274 406
408 406
213 167
77 306
378 234
130 398
171 170
405 108
88 401
262 59
93 250
321 114
238 345
197 78
40 360
35 16
274 298
315 299
174 360
7 183
361 186
70 239
273 73
400 114
176 406
231 76
102 191
377 130
69 14
275 119
220 183
294 132
211 363
407 9
348 368
81 253
42 298
391 186
46 417
206 369
412 245
199 366
180 124
372 65
330 68
213 422
249 79
110 149
242 305
297 12
187 140
16 258
346 133
258 20
175 251
423 87
395 25
400 369
381 90
212 318
23 153
284 423
275 374
316 146
209 20
35 392
236 382
84 25
92 374
128 31
265 36
380 23
3 36
397 192
302 332
99 269
115 213
411 275
423 100
4 382
334 28
182 388
344 221
22 170
108 210
71 328
415 101
179 90
84 267
332 103
10 52
54 95
155 147
193 173
191 100
108 331
300 272
33 157
401 324
420 337
103 401
68 114
114 1
64 409
31 232
397 326
130 211
283 224
195 340
88 214
214 353
415 343
396 101
93 63
387 281
198 116
82 170
216 399
255 98
26 9
153 50
251 393
110 417
380 278
306 63
278 230
42 219
121 283
382 58
165 60
10 186
257 292
238 50
269 117
260 68
158 286
125 109
61 353
405 163
248 179
349 2
354 346
299 410
46 230
51 308
118 69
352 7
268 13
144 243
149 358
245 295
303 7
41 7
13 174
151 138
44 12
398 244
296 233
7 130
246 412
72 259
328 185
340 10
400 61
37 9
336 305
243 77
206 195
63 412
13 66
197 375
90 20
155 415
236 74
122 201
34 354
273 370
326 233
391 362
349 136
99 190
352 370
178 254
291 131
203 18
222 31
323 83
309 185
125 364
221 72
56 264
4 74
138 303
335 322
261 144
379 365
2 149
115 26
309 306
249 26
331 324
105 247
224 198
143 273
311 86
256 150
316 201
94 88
261 265
44 267
200 255
365 93
244 32
282 324
268 389
409 136
194 211
288 75
59 252
41 383
127 386
22 104
219 389
291 265
392 317
411 330
230 255
216 91
161 155
376 80
133 322
50 324
251 314
339 161
347 22
121 204
66 268
355 142
112 384
401 258
286 42
368 81
249 389
404 34
268 402
235 225
54 150
106 340
422 317
205 319
292 207
77 53
360 341
392 330
404 384
101 117
188 271
54 42
59 386
408 274
91 338
210 289
218 113
204 215
267 271
327 56
357 164
109 99
269 51
128 112
95 164
67 102
213 156
176 274
107 403
327 177
266 167
257 347
109 220
348 236
260 352
169 5
394 352
301 161
320 174
292 341
278 406
273 62
278 177
157 116
396 398
47 244
129 54
248 5
234 107
146 223
46 285
332 413
349 57
385 239
290 416
109 341
250 51
255 395
40 241
34 167
375 231
204 349
111 121
364 301
70 120
419 237
405 110
176 287
350 403
179 292
206 129
321 116
233 3
197 309
104 118
49 182
183 411
324 121
259 406
247 288
27 19
206 250
32 134
117 178
315 193
139 196
171 185
157 250
9 123
143 86
308 419
399 12
242 65
32 255
16 247
370 250
34 301
199 368
106 140
259 419
166 191
56 319
312 16
233 366
228 22
30 266
131 89
62 255
166 312
212 199
248 381
402 30
300 19
16 260
398 325
186 146
203 86
409 420
175 253
48 212
20 379
37 319
422 130
381 92
419 384
23 384
372 309
377 387
85 215
272 307
90 330
332 92
395 377
1 221
87 32
422 22
353 151
105 86
108 320
256 218
242 320
22 51
228 385
168 105
314 159
11 387
140 43
305 376
346 377
57 274
318 315
299 36
189 164
106 395
101 51
161 102
202 103
417 28
155 28
205 374
413 323
228 277
126 229
52 51
387 41
15 398
290 337
257 160
72 114
77 229
378 157
311 167
402 285
350 95
314 401
264 55
405 31
94 169
179 213
103 403
183 103
177 288
182 403
350 216
209 277
195 342
300 395
262 103
88 216
52 293
341 167
313 334
371 275
216 401
338 98
290 350
109 46
361 230
91 406
177 180
3 293
278 232
226 42
245 55
9 44
80 247
88 337
33 172
368 391
179 226
165 291
10 417
206 63
156 242
49 116
343 334
329 399
40 296
81 68
26 132
320 350
359 278
292 288
245 176
176 342
391 1
382 181
239 361
280 399
385 415
123 186
260 420
414 106
312 58
83 235
47 312
349 125
32 189
233 179
407 66
120 9
166 125
37 240
312 179
345 127
322 409
113 6
236 305
76 87
7 253
340 133
419 197
157 197
270 74
215 138
201 240
416 128
242 12
151 382
11 79
420 18
365 82
76 208
203 20
39 326
307 77
422 64
23 318
97 267
279 15
289 208
228 198
159 364
178 377
252 326
145 200
305 189
346 190
84 190
411 319
15 90
254 372
221 195
152 324
367 20
138 197
108 254
127 267
316 203
173 154
319 208
420 31
170 85
288 77
185 393
138 318
108 375
302 389
173 275
214 276
388 200
332 268
198 39
43 165
332 39
356 396
189 219
334 85
353 98
12 34
55 404
177 101
27 342
154 383
295 93
420 273
327 45
184 262
406 338
10 109
290 163
205 321
193 230
191 157
380 93
347 145
237 273
75 211
209 211
47 112
126 405
286 394
281 50
322 88
112 278
286 165
203 396
406 230
299 104
390 222
290 284
18 350
347 266
77 405
232 50
77 176
341 222
299 225
192 99
390 343
357 166
150 102
147 356
315 169
359 212
292 222
149 402
369 405
336 228
47 125
303 51
363 102
308 166
79 343
32 2
343 389
238 107
128 235
95 287
174 351
301 163
366 292
405 220
157 118
88 284
33 348
162 233
322 222
327 300
275 110
46 287
354 403
132 61
290 418
54 407
183 292
375 233
226 110
363 344
234 230
65 421
266 182
104 120
282 126
342 177
340 67
42 410
231 309
129 298
160 136
352 306
352 77
346 3
208 69
185 314
6 83
331 368
226 123
14 203
55 204
242 67
407 134
393 236
140 19
99 18
219 83
384 416
29 188
277 24
337 304
376 3
326 411
166 193
23 373
133 16
69 260
8 21
13 365
388 13
118 152
84 16
48 322
221 250
279 191
69 381
36 204
316 258
182 29
168 94
11 147
379 314
420 315
230 191
175 255
139 332
39 394
340 322
312 260
224 376
353 32
368 17
43 220
249 325
189 45
390 35
128 35
59 201
293 102
334 140
12 89
251 142
177 156
407 389
115 217
362 323
128 156
288 145
348 159
163 379
366 213
209 266
195 331
135 51
52 282
360 398
19 105
137 97
216 390
290 339
1 236
205 268
320 218
232 105
350 97
28 46
410 111
181 59
10 406
43 354
63 269
362 336
45 400
81 57
342 98
380 390
125 100
58 110
295 282
107 231
363 157
275 44
93 67
376 392
417 164
288 279
310 1
241 167
134 41
72 358
227 3
70 285
181 301
93 417
267 341
5 304
266 116
44 3
285 129
197 245
183 347
305 44
150 170
155 285
12 236
172 188
273 240
259 342
419 65
405 167
248 183
382 412
96 55
160 70
60 132
285 250
233 60
255 344
291 1
315 358
26 255
356 130
72 371
359 401
56 363
171 350
317 404
234 406
129 124
215 127
220 242
335 192
393 170
197 258
90 132
291 122
365 71
351 173
141 363
122 84
208 124
337 9
92 178
56 255
212 243
162 422
363 412
44 366
151 263
233 302
393 291
85 138
219 138
16 75
57 76
117 127
395 71
312 302
69 315
215 369
251 63
407 310
333 132
186 82
420 20
134 417
409 356
342 366
268 380
139 266
1 36
340 256
221 76
386 372
96 310
215 261
388 189
154 22
374 25
379 369
117 369
365 205
310 269
291 256
411 321
189 208
323 208
87 197
413 138
36 151
355 133
352 387
126 44
184 22
263 315
170 87
43 46
268 393
276 254
307 321
288 79
59 256
340 269
23 333
100 28
45 92
301 18
339 44
311 211
278 34
401 370
267 141
341 90
175 323
376 313
340 390
152 339
334 316
45 213
246 203
149 270
228 334
66 272
355 146
93 109
368 85
387 98
422 321
59 269
188 154
329 93
155 206
232 160
306 109
292 211
361 45
350 152
181 114
308 155
387 219
220 42
354 42
115 285
63 95
293 291
334 329
31 291
237 396
273 53
149 283
171 42
391 45
5 9
151 63
128 345
183 52
403 284
100 283
72 184
326 37
322 332
129 166
244 412
63 108
150 225
183 173
114 302
141 405
282 115
56 297
42 170
9 222
33 350
336 122
148 300
14 71
215 61
313 404
192 343
10 366
247 50
398 182
164 15
356 185
342 287
268 72
148 421
289 131
19 307
330 169
385 364
178 300
57 10
136 303
287 243
221 118
37 297
326 171
278 423
92 4
78 69
413 59
148 313
421 179
321 241
236 133
81 259
103 18
106 23
386 306
157 254
303 308
160 259
5 385
8 131
228 134
43 88
48 203
208 192
34 305
106 144
193 32
317 364
69 262
110 34
55 98
13 367
407 257
252 383
131 322
420 196
164 270
35 385
43 209
76 157
48 324
29 82
282 262
263 249
64 39
284 308
380 16
163 18
316 260
121 21
126 99
76 278
282 383
175 257
395 260
99 383
135 40
376 368
290 99
376 139
147 279
408 320
246 29
22 284
397 198
228 389
168 109
195 212
374 214
360 279
167 150
79 266
203 332
299 40
371 145
376 260
106 399
362 325
161 335
133 273
119 338
399 392
295 42
57 399
332 338
22 297
223 287
204 45
28 48
248 51
79 279
104 43
1 359
109 158
26 123
260 61
218 293
204 166
405 156
234 45
368 274
220 110
198 351
387 287
354 110
211 290
290 354
109 279
169 64
296 105
111 59
350 341
369 354
33 405
336 177
28 61
181 303
382 293
146 53
225 346
170 410
63 284
338 223
183 349
169 414
227 126
28 411
231 245
9 169
336 298
231 16
410 247
248 185
363 172
308 236
275 59
5 198
407 178
252 304
238 406
219 127
257 419
123 190
315 360
134 285
337 119
20 183
39 196
400 175
83 239
386 11
108 3
220 244
41 13
27 78
127 16
132 131
261 16
49 362
85 19
197 260
2 250
329 416
250 123
411 189
48 137
356 253
20 75
111 422
259 357
419 309
185 142
138 67
215 250
344 135
214 25
90 255
249 19
161 135
180 185
326 239
400 188
240 199
143 266
303 255
94 81
406 87
222 266
404 14
133 194
59 16
312 196
212 258
399 84
289 212
77 33
261 379
27 212
173 266
305 422
272 245
203 374
351 309
406 208
365 207
244 146
392 81
312 317
17 140
407 325
30 338
43 277
156 154
381 272
188 143
147 105
274 146
279 261
119 43
191 148
325 377
108 379
256 277
130 138
204 87
66 382
33 205
277 336
280 82
225 146
202 162
89 221
80 172
267 264
107 46
43 290
10 342
101 231
269 44
274 159
293 172
31 401
163 328
108 392
405 90
350 154
295 218
360 347
5 119
343 151
95 49
296 39
130 272
391 47
93 353
179 393
32 114
63 218
192 103
51 127
35 119
384 44
86 350
31 414
320 288
24 411
321 109
393 214
123 353
156 301
68 188
329 229
117 50
152 7
212 58
391 60
14 302
148 302
93 366
41 176
354 407
333 55
123 245
109 347
145 4
269 299
255 401
169 361
315 186
153 353
282 9
273 189
89 368
226 114
229 348
41 68
46 412
233 9
269 420
250 178
150 240
62 356
134 232
337 66
48 192
39 143
340 71
419 364
97 313
9 237
83 186
157 135
358 125
330 292
55 87
27 25
352 310
374 69
71 297
35 374
62 248
392 123
153 366
48 84
342 302
224 246
105 66
143 321
418 297
363 361
27 146
335 262
302 85
333 189
374 190
236 256
84 128
404 69
356 321
180 361
309 246
161 82
18 33
119 85
205 125
224 138
380 126
330 305
22 152
127 205
383 131
66 195
355 69
52 31
346 249
57 146
268 329
18 154
279 195
408 80
251 362
143 334
17 195
22 273
397 187
163 20
99 264
302 98
121 23
217 256
225 80
84 141
122 396
207 211
155 21
119 327
320 88
55 342
292 26
402 157
61 93
374 324
179 85
332 327
313 85
29 326
371 26
169 40
59 205
114 104
293 106
130 85
181 50
420 332
98 281
387 155
43 345
390 389
100 327
174 276
293 227
64 404
26 112
292 268
359 29
94 283
135 55
317 32
341 389
267 211
167 273
179 327
382 161
63 152
123 166
241 158
246 273
287 45
292 389
144 225
405 37
88 330
93 179
387 397
280 42
192 158
197 7
255 214
241 279
342 102
58 343
347 217
135 297
354 341
169 295
7 233
174 410
136 118
141 233
301 222
134 45
315 120
39 185
157 177
69 64
107 356
248 66
148 128
10 423
151 133
192 171
109 402
145 59
21 289
329 405
348 418
26 367
301 343
34 228
345 349
116 297
289 188
233 293
217 56
351 285
310 247
62 182
134 58
199 416
125 238
326 228
231 368
231 139
13 411
283 6
388 59
365 75
134 179
287 421
139 257
166 360
345 362
210 137
104 421
355 3
85 142
305 182
38 67
263 185
409 239
249 21
87 188
138 419
353 78
366 17
297 183
52 86
164 327
401 11
346 75
423 258
249 371
133 196
78 260
293 148
45 83
302 153
214 269
300 309
121 78
76 335
406 210
411 325
78 381
274 27
380 194
196 373
347 17
416 376
168 274
135 97
121 199
11 327
88 22
360 215
277 217
371 81
87 322
276 258
301 22
265 99
130 140
204 89
350 143
322 81
360 336
253 210
184 376
371 202
156 277
216 328
290 277
238 87
137 35
288 204
334 320
17 384
77 398
168 287
355 379
181 226
253 331
406 344
10 344
266 41
68 285
207 400
389 148
306 342
325 392
361 49
77 290
22 354
89 115
383 333
135 231
341 336
179 274
253 223
146 97
5 121
321 98
257 342
389 269
260 347
67 218
342 157
158 336
213 272
139 57
125 159
273 57
144 172
359 97
149 287
181 239
289 1
343 274
12 403
37 167
185 65
28 347
143 68
377 6
148 183
275 224
220 288
252 11
40 357
155 344
2 65
384 167
67 231
342 170
218 363
378 352
326 162
391 291
336 355
410 304
303 178
248 242
132 296
261 181
187 3
51 371
266 296
137 411
81 250
370 124
282 11
144 306
102 309
9 118
224 6
243 19
160 250
165 365
385 368
118 253
233 240
206 137
238 355
103 130
342 412
409 173
194 19
359 352
419 366
367 176
152 251
193 23
138 124
127 194
261 194
206 258
236 366
2 199
277 138
323 254
356 202
328 369
139 204
143 323
248 376
94 138
242 73
407 369
85 318
66 76
286 79
406 144
258 17
337 310
139 325
188 187
395 22
97 328
279 76
193 36
121 133
407 261
30 274
401 187
310 328
387 23
404 192
230 305
1 216
133 372
381 208
210 97
416 202
283 316
181 39
167 141
84 372
225 82
304 375
175 261
257 34
307 151
224 382
298 331
339 332
397 310
292 28
258 380
24 213
170 267
63 141
376 372
1 229
417 144
152 398
408 324
191 326
158 149
366 327
311 391
209 380
190 101
410 104
396 206
11 395
308 93
79 270
93 168
98 283
382 42
170 388
280 31
271 211
343 316
147 404
307 393
417 36
155 265
174 278
246 383
246 154
232 219
306 168
130 208
204 157
61 337
121 388
281 340
363 150
253 278
220 101
46 214
170 280
271 332
49 219
54 334
288 272
174 399
329 44
67 273
375 160
213 98
158 162
144 227
56 114
42 216
331 53
176 216
52 409
248 55
354 222
357 227
202 353
20 53
39 66
125 106
350 224
341 404
93 302
74 60
261 115
417 399
183 232
35 68
21 170
356 123
359 394
259 227
345 230
226 50
93 423
220 235
104 289
407 61
150 176
301 345
221 56
231 249
215 241
201 343
36 10
146 407
60 367
74 302
41 125
63 409
51 318
238 410
150 297
136 362
213 353
172 315
268 23
345 243
138 179
143 257
36 131
377 195
160 197
127 20
407 74
85 23
423 18
409 120
161 18
6 144
345 364
419 313
138 300
205 61
303 367
210 139
196 12
289 203
283 129
118 321
374 247
300 69
145 195
286 134
392 301
423 139
409 241
115 23
340 370
111 318
251 298
284 246
413 131
289 324
75 72
66 252
66 23
286 26
392 422
244 29
268 386
304 80
18 211
386 378
314 209
121 80
80 42
140 93
11 208
112 260
19 32
131 273
84 198
390 204
128 204
274 29
193 333
17 144
270 324
177 96
378 86
341 204
225 29
343 250
73 389
307 327
193 225
58 37
33 209
415 274
170 214
339 400
311 338
75 327
391 38
126 292
387 333
192 94
82 222
183 274
288 327
348 341
114 174
86 341
141 48
53 164
320 279
213 153
171 156
116 220
405 94
121 335
66 399
286 402
327 403
401 389
19 287
239 290
165 112
239 61
285 406
271 279
21 333
35 2
67 220
301 158
292 338
130 276
405 215
308 282
252 121
384 277
40 238
348 354
67 341
12 405
375 228
232 408
409 41
70 346
144 295
312 108
308 403
248 123
330 162
242 49
13 226
321 342
27 124
233 229
252 242
136 296
48 183
273 301
92 226
37 290
111 239
331 242
83 177
220 411
349 296
46 295
159 172
30 21
145 8
71 59
169 365
34 406
67 354
87 3
340 183
39 255
331 363
413 173
284 59
243 21
308 416
377 250
275 239
247 406
208 414
222 83
216 9
6 199
212 304
331 255
349 309
94 19
291 75
203 191
175 129
323 27
106 29
226 360
69 376
344 315
182 253
187 368
316 253
140 27
267 68
71 193
112 194
420 81
222 325
244 84
411 261
304 135
161 315
106 150
18 37
353 256
298 320
191 194
251 245
270 258
80 97
415 87
52 35
115 320
371 17
216 143
362 197
18 158
293 97
64 274
397 420
292 138
350 79
126 105
253 146
203 325
65 95
24 94
304 377
63 22
101 277
371 138
403 90
40 38
86 154
210 220
182 387
259 82
383 377
295 264
198 331
19 100
313 89
371 259
175 384
156 105
197 106
54 323
202 221
348 275
114 108
274 97
232 100
359 141
383 269
245 39
295 156
52 398
167 385
382 44
406 401
82 277
271 213
49 100
343 89
255 205
58 334
116 275
364 111
47 175
181 175
234 267
5 178
65 229
13 39
10 293
257 399
109 272
218 178
204 280
89 293
28 283
262 221
143 4
229 44
19 234
160 173
349 109
49 342
390 406
68 355
35 178
202 355
81 294
26 358
86 409
125 337
180 44
223 414
190 237
322 393
418 101
363 165
146 167
354 345
421 106
118 68
352 6
324 173
384 224
62 173
236 60
241 404
375 404
6 12
97 130
358 171
129 348
46 350
346 53
337 4
120 235
157 302
303 356
330 230
27 192
178 361
145 184
38 58
21 414
29 238
276 115
359 409
106 192
91 69
416 125
154 125
71 356
38 179
346 66
24 15
323 311
342 361
423 20
87 71
344 141
297 295
237 15
335 321
228 195
80 31
374 20
131 262
406 201
235 90
4 423
381 144
372 361
380 185
251 300
399 198
369 26
71 369
310 385
258 195
404 249
73 149
381 265
334 190
119 36
22 332
57 326
115 267
249 267
255 18
114 42
389 18
399 211
355 141
170 324
260 217
193 227
58 268
364 45
405 83
295 211
107 160
415 276
181 109
161 396
417 322
21 93
403 158
40 106
287 212
199 99
414 24
231 51
393 86
49 47
250 37
255 381
378 222
350 160
181 351
229 99
418 35
234 214
247 153
63 332
44 53
371 219
238 104
150 220
269 171
169 233
40 348
403 171
81 120
12 286
180 99
218 354
273 61
345 166
9 217
47 243
74 346
234 335
179 399
32 349
412 341
271 402
169 354
250 50
150 112
315 408
7 292
310 64
141 292
241 230
172 359
213 397
351 102
130 399
56 413
218 246
405 338
262 289
113 166
233 231
16 233
219 67
16 4
95 297
370 236
227 416
34 287
409 164
361 416
400 344
37 292
221 113
418 398
19 423
261 185
266 300
398 419
76 139
291 64
53 421
268 80
221 234
210 75
289 368
110 137
335 255
407 360
118 257
319 247
219 309
401 57
131 196
76 260
263 352
203 72
189 137
48 198
323 137
161 75
83 421
377 373
196 298
344 196
13 362
402 137
99 136
85 201
291 306
29 306
10 27
15 142
309 360
20 257
87 18
128 19
381 199
279 188
353 137
69 378
210 317
209 129
314 145
181 30
258 250
98 32
337 314
404 75
323 379
120 316
390 140
87 139
276 75
207 204
138 370
298 322
311 261
292 19
237 83
77 94
402 379
173 327
214 328
80 99
314 37
38 139
420 204
115 322
244 207
216 145
152 389
100 199
353 379
193 161
408 86
3 37
204 27
264 41
209 142
135 156
126 336
198 212
304 379
15 276
73 217
100 91
361 95
265 158
77 336
70 148
3 158
177 45
359 22
278 97
223 390
168 225
314 279
33 37
198 333
313 320
93 51
156 336
329 264
389 315
72 113
366 331
177 166
218 167
347 89
195 220
368 148
46 97
225 328
373 226
404 330
390 395
338 205
343 320
348 398
62 41
176 328
360 408
299 398
239 118
357 110
177 408
292 395
9 43
368 390
60 8
371 395
233 165
393 154
104 280
49 115
269 118
39 70
326 100
345 113
116 290
372 216
157 62
231 11
275 283
41 116
349 232
261 119
132 234
63 400
104 401
159 108
208 229
227 242
254 116
166 3
317 401
243 186
143 248
303 237
132 355
321 291
261 11
352 358
118 191
233 178
117 232
310 132
208 121
120 237
419 304
240 73
119 12
157 304
50 178
303 358
69 191
143 140
349 245
402 71
200 122
117 353
236 304
29 240
392 63
411 76
15 76
120 129
161 130
6 256
400 412
152 81
14 376
191 9
275 417
127 253
206 317
200 243
71 358
203 248
304 71
340 253
83 368
380 66
210 143
55 269
3 79
209 184
44 376
118 325
305 417
346 189
112 22
313 12
203 140
189 205
142 130
188 246
381 146
64 210
17 135
36 148
237 138
127 266
94 89
228 318
66 256
140 205
214 154
286 259
313 133
276 251
54 138
288 76
18 215
12 141
86 90
380 308
397 248
267 138
341 87
225 141
390 208
109 195
362 375
343 133
413 377
394 98
397 369
416 382
214 396
121 205
336 93
107 41
327 44
115 390
288 318
54 151
320 270
306 106
42 262
195 275
126 404
234 203
382 101
198 280
60 50
387 216
104 93
357 273
109 208
241 98
361 163
254 37
61 167
317 93
410 284
231 53
363 209
93 348
95 165
370 104
241 219
81 1
153 106
181 353
41 50
165 345
266 168
49 399
44 55
338 44
255 275
62 109
41 171
160 122
349 287
113 47
211 353
109 342
35 127
384 281
403 294
296 168
370 117
356 182
232 412
171 402
111 122
312 112
160 243
421 284
13 230
151 423
173 182
261 66
319 7
384 402
208 176
227 189
273 305
56 307
97 308
312 233
50 4
270 7
294 364
407 241
314 13
118 138
53 423
120 184
139 197
138 238
353 126
50 125
187 359
383 5
333 413
407 362
173 195
319 249
85 82
272 174
411 252
15 252
230 177
323 139
142 64
400 359
422 118
394 19
110 260
91 18
251 7
242 187
118 380
295 13
300 128
200 190
57 141
43 206
406 29
222 208
304 247
216 134
290 83
390 21
87 20
422 239
205 241
224 254
163 244
366 78
22 39
204 16
416 195
140 260
401 301
112 198
186 147
304 139
221 370
45 373
353 260
416 316
278 86
402 381
107 204
57 383
43 219
373 94
51 43
390 263
207 327
380 255
347 78
77 217
22 281
108 321
184 316
354 202
404 319
265 389
380 376
191 211
246 147
347 199
364 102
308 207
165 158
385 161
51 56
183 212
109 34
21 150
193 405
408 330
31 343
405 261
364 223
327 341
349 100
352 105
343 322
7 107
26 120
361 339
89 405
359 37
138 38
157 51
129 218
308 220
60 118
299 400
357 341
329 279
351 38
241 166
67 279
394 408
199 169
116 400
171 107
295 402
187 51
266 344
211 408
44 231
63 281
371 397
51 419
71 105
192 395
67 400
134 161
287 403
227 123
213 225
221 49
111 177
9 166
47 421
262 346
159 339
407 175
412 290
104 174
305 164
217 51
76 75
260 421
342 231
92 56
4 172
6 16
157 414
138 172
372 339
201 228
242 229
168 14
393 398
159 231
233 180
11 67
16 182
365 70
48 363
29 121
48 134
409 113
199 303
307 65
381 14
331 422
97 255
207 127
152 191
69 422
105 116
243 80
160 311
416 237
297 57
256 19
127 134
154 8
407 188
319 304
346 178
62 419
134 295
122 204
290 17
276 119
307 186
152 312
339 138
399 189
96 417
316 420
75 65
173 371
66 245
263 301
337 250
122 325
216 189
142 11
147 89
105 358
408 130
251 183
17 16
237 248
311 197
297 299
416 250
383 73
168 148
355 240
281 25
219 379
341 76
346 191
420 140
79 76
332 27
137 17
276 132
73 261
265 202
223 205
402 207
173 384
368 71
211 87
290 380
202 267
265 94
306 95
397 250
170 207
385 95
371 197
417 313
288 199
202 159
21 84
114 46
279 379
45 212
260 100
17 379
380 202
311 331
77 164
126 285
74 95
198 161
373 162
137 151
211 100
142 266
169 103
125 33
204 326
89 339
259 33
405 87
262 267
121 328
281 280
322 318
107 164
179 269
101 349
54 274
174 339
119 403
259 383
414 28
135 347
42 156
264 232
33 336
179 390
239 404
233 101
357 396
68 293
412 103
90 52
134 95
70 339
144 288
92 98
226 98
83 49
13 219
169 237
255 277
273 294
28 234
396 401
275 111
261 176
206 240
173 63
104 229
324 232
291 55
282 235
20 235
254 173
240 9
129 407
308 409
129 178
330 168
113 170
266 412
333 173
379 289
217 227
57 9
411 241
263 114
134 229
340 297
276 53
4 119
205 109
284 402
358 122
325 174
344 187
297 112
27 251
44 191
219 192
164 256
112 66
217 348
351 348
337 184
249 300
411 133
414 404
235 136
408 64
50 356
270 359
265 15
41 307
302 311
217 240
203 305
277 254
29 189
318 63
230 179
73 195
152 259
367 184
353 249
105 184
191 187
418 415
196 302
399 136
25 420
374 308
10 31
288 12
59 189
270 372
397 413
297 246
374 200
360 265
313 190
165 26
244 90
115 205
230 192
376 246
202 93
237 316
292 23
223 152
195 319
336 29
57 385
258 375
368 18
79 144
101 391
51 45
100 203
91 383
210 334
311 386
80 224
107 98
387 381
313 203
63 257
64 401
17 326
58 98
149 216
336 271
377 43
313 324
387 273
371 265
156 340
343 203
293 345
67 268
193 407
125 209
89 286
364 225
317 150
264 58
88 98
308 330
248 50
74 163
146 268
79 278
10 407
266 333
109 386
324 45
81 287
62 45
7 109
419 282
111 166
83 104
5 184
99 48
82 404
104 163
49 227
238 163
351 40
81 179
361 233
328 56
359 160
226 274
400 161
312 48
391 341
372 99
391 112
234 394
143 10
5 305
247 333
187 53
132 117
27 64
32 408
393 158
21 286
259 343
312 169
212 2
146 402
333 228
407 177
62 179
15 67
276 108
108 2
192 410
388 56
66 5
200 5
16 184
291 352
217 174
153 418
342 354
328 419
395 180
340 244
312 411
4 66
363 413
55 260
325 121
289 198
145 419
374 13
145 190
112 242
38 64
131 255
156 19
254 362
97 378
334 62
224 190
91 75
210 26
366 14
182 193
383 183
13 421
327 22
131 147
351 416
84 301
43 263
221 306
279 247
45 80
86 81
399 312
292 186
196 249
96 311
219 381
392 309
404 134
120 375
73 263
174 86
339 153
292 78
75 80
149 29
402 209
355 134
186 325
24 263
332 379
49 27
161 268
119 271
232 148
125 22
420 384
220 30
65 156
285 159
232 269
361 154
306 218
273 41
135 336
410 46
313 379
253 99
338 143
357 156
49 40
408 387
12 387
153 97
361 46
259 264
70 99
345 38
116 215
364 51
47 115
385 339
192 210
280 94
123 339
95 277
26 406
67 215
320 395
241 102
172 231
180 92
139 54
226 208
259 156
116 336
405 210
253 341
46 277
247 267
51 355
247 38
338 156
238 218
150 334
291 44
227 288
194 111
268 60
254 162
328 111
130 392
326 38
231 178
160 234
349 170
385 352
266 172
104 110
379 49
403 406
62 113
282 116
231 299
413 47
41 175
192 344
154 52
291 57
34 401
122 248
139 417
180 226
207 63
157 242
316 235
127 70
13 234
99 237
352 417
49 416
236 242
43 76
356 307
120 296
323 130
139 309
235 17
298 302
339 74
41 417
397 52
220 419
154 65
164 258
272 57
217 121
10 20
208 301
254 417
161 189
37 419
240 253
73 76
326 293
312 358
205 232
22 30
187 363
402 22
305 355
120 309
216 17
45 135
191 189
272 299
203 199
376 356
276 418
320 195
223 262
355 189
179 192
327 90
406 383
43 331
385 31
115 207
230 194
246 138
204 141
278 90
283 205
135 41
300 374
198 326
115 328
82 151
142 202
357 90
288 256
21 141
306 44
163 261
42 200
190 98
350 87
47 278
406 396
10 167
385 44
155 262
389 200
260 278
67 149
361 101
125 90
163 382
421 88
32 47
371 267
49 216
324 155
31 347
177 401
39 171
245 276
372 88
231 112
160 168
151 119
183 337
40 288
315 227
208 101
375 278
273 230
166 104
419 55
138 42
74 286
275 276
55 7
118 63
357 345
120 109
199 402
268 7
273 351
185 238
231 125
358 166
308 345
5 307
46 345
104 286
49 350
252 184
20 292
161 2
340 233
414 219
381 5
4 55
50 171
187 176
71 230
164 421
351 284
332 5
356 362
20 413
273 364
359 404
73 10
419 418
4 176
207 10
312 292
157 418
413 115
17 115
191 2
32 423
236 418
411 419
277 190
423 244
227 369
249 128
307 69
312 413
152 195
312 184
353 185
205 58
381 18
17 7
108 125
302 139
324 423
313 5
318 349
263 413
423 365
323 198
6 262
78 367
212 367
36 141
22 206
286 252
420 252
115 141
106 321
276 244
128 80
188 131
399 314
130 126
168 381
94 203
302 381
332 260
404 136
271 21
54 252
257 86
40 88
177 93
256 386
237 144
171 19
33 314
131 391
10 330
1 281
174 209
293 160
105 375
193 222
339 276
211 212
40 330
100 381
177 335
259 145
135 338
157 97
269 274
310 46
260 225
414 140
378 217
278 279
264 115
267 386
418 30
384 382
7 166
141 395
394 346
144 171
419 110
9 212
377 113
248 228
41 164
373 408
206 2
71 43
164 234
67 338
370 110
34 161
139 177
39 239
37 166
185 64
226 102
9 104
330 159
146 338
349 172
261 288
49 405
35 241
117 51
203 54
103 116
106 121
42 402
231 301
284 164
220 408
261 180
118 360
118 131
398 414
29 59
337 175
208 290
20 239
340 180
147 14
92 115
212 409
331 360
97 193
224 234
298 183
160 249
242 288
283 60
398 306
269 421
62 357
136 306
222 80
392 3
221 121
78 72
372 290
413 62
96 355
292 1
237 65
118 373
38 121
230 291
371 1
230 62
340 422
174 130
45 245
45 16
353 132
413 183
196 185
94 137
407 368
52 140
341 14
43 320
404 299
423 312
15 258
409 414
87 363
142 70
276 299
395 250
348 138
380 127
108 193
378 17
416 309
57 376
346 250
98 148
170 253
288 245
114 92
408 310
205 247
325 312
306 33
77 210
402 266
28 25
179 194
198 207
5 41
65 92
404 312
137 197
385 33
142 312
1 336
343 73
279 317
260 38
320 89
361 90
182 384
405 133
102 95
281 97
167 261
382 149
5 162
332 328
299 151
63 140
101 395
21 143
274 323
177 390
88 318
281 218
88 89
129 90
349 93
24 333
211 388
192 146
352 98
202 339
255 202
26 113
320 331
58 331
39 52
405 146
42 94
264 170
382 391
253 277
5 175
165 164
132 216
44 103
238 154
384 208
35 54
153 275
227 224
53 108
185 227
190 342
97 114
157 165
19 231
65 347
393 149
183 339
180 270
273 232
400 273
23 57
262 339
5 417
113 216
13 278
27 176
137 344
178 345
95 347
296 337
351 44
375 401
39 415
395 50
386 230
124 1
248 296
110 66
96 168
294 412
247 337
13 170
154 109
412 404
319 176
407 60
150 404
217 165
136 240
392 166
29 114
221 55
78 6
319 297
305 399
379 348
16 296
222 364
404 112
337 122
356 364
20 186
138 407
210 246
91 66
297 171
416 122
13 412
283 7
313 115
390 69
290 131
73 133
18 197
386 364
97 261
124 364
243 315
358 302
366 126
41 366
77 23
242 356
149 128
214 28
184 122
277 313
103 197
423 138
1 149
106 202
188 241
91 308
31 28
347 5
77 144
397 351
126 265
112 367
308 13
327 26
387 77
103 318
371 69
376 413
343 7
86 85
325 367
209 421
135 206
162 80
24 375
24 146
10 211
390 203
276 367
147 216
311 324
94 326
168 275
383 200
295 87
410 37
415 152
308 26
93 101
24 267
239 155
299 206
151 42
189 334
156 157
155 198
125 26
130 141
204 90
88 144
396 260
267 375
142 380
109 203
100 383
40 103
241 93
42 378
266 271
385 222
104 209
324 212
89 345
259 268
166 40
204 332
130 383
116 219
331 107
377 223
143 56
14 171
69 107
148 171
354 276
5 122
269 168
180 96
111 225
364 405
42 391
245 225
226 212
410 292
201 155
316 105
266 284
173 56
319 110
324 225
249 51
144 294
6 64
413 159
50 107
143 69
352 179
305 104
217 220
120 287
139 300
138 341
78 61
261 182
159 400
118 133
30 249
71 58
258 113
134 343
166 295
78 182
224 7
41 300
22 21
316 239
11 128
341 3
2 308
203 298
136 308
103 360
184 56
318 285
15 247
235 250
400 354
345 418
105 177
50 241
339 78
418 408
99 362
173 311
295 8
195 70
11 249
332 75
115 77
274 70
334 121
64 260
17 185
91 134
265 21
397 177
256 201
204 11
149 75
94 139
407 370
253 132
423 314
101 263
390 137
274 191
149 196
66 198
140 147
38 365
93 35
183 194
357 81
202 207
147 271
133 373
54 80
389 70
177 150
70 24
130 75
89 37
198 209
146 19
170 376
285 97
269 89
307 381
21 24
348 382
241 27
86 153
402 389
98 392
299 382
239 102
123 156
398 95
255 312
35 43
81 159
67 261
193 400
394 390
72 339
292 379
149 330
190 331
308 94
239 223
137 212
266 97
252 162
324 38
348 395
241 269
199 272
278 336
245 159
229 151
341 392
363 151
148 226
197 347
393 30
398 108
67 274
134 35
309 36
39 175
130 330
229 272
69 54
363 272
93 411
74 169
382 285
65 349
159 213
352 113
35 406
21 279
315 231
172 411
356 3
359 274
400 275
240 57
400 46
138 275
28 403
284 100
146 395
294 293
256 1
25 105
104 398
178 347
30 183
104 169
420 109
282 175
92 280
400 396
56 357
116 408
97 129
224 170
138 167
50 54
55 132
113 339
407 291
388 49
324 293
310 129
423 6
106 70
4 59
372 226
224 62
196 229
325 114
22 76
335 307
228 181
30 196
401 109
236 301
395 65
133 294
419 422
358 412
330 350
289 312
66 240
267 1
272 345
112 127
277 194
392 181
406 79
189 81
235 197
87 70
221 299
246 63
8 420
77 25
187 422
316 307
200 361
267 122
401 351
2 376
184 124
390 192
235 318
4 422
40 79
64 207
320 133
12 17
378 74
311 84
176 125
295 76
186 318
387 308
313 130
137 133
423 261
1 272
202 262
417 187
188 135
45 315
119 264
191 369
210 382
344 382
168 385
302 385
102 31
126 388
24 377
387 200
290 267
73 269
119 385
67 195
246 197
213 20
144 149
218 98
156 388
343 251
35 98
375 203
273 155
281 275
126 401
206 101
151 165
159 26
21 92
62 93
350 267
74 332
248 219
215 42
275 93
46 270
412 98
361 281
328 104
359 208
130 385
345 273
39 1
369 401
129 160
294 227
354 278
49 396
252 230
357 283
21 334
403 399
169 232
318 32
7 170
122 120
273 289
326 152
56 291
262 396
157 114
410 294
243 117
224 104
41 168
13 335
421 160
113 44
266 286
412 340
164 238
30 9
356 179
323 2
166 284
37 170
157 235
124 58
251 99
289 354
289 125
154 166
388 104
25 52
90 410
398 297
269 412
84 107
337 58
340 63
97 305
413 282
55 308
344 182
416 58
32 361
118 364
25 173
233 351
314 10
117 405
217 114
76 138
29 292
406 13
203 179
208 294
282 243
194 359
276 169
87 4
185 310
133 120
293 72
129 415
330 405
55 200
402 244
52 131
115 187
409 405
411 249
161 74
307 128
4 356
205 346
298 308
50 243
399 131
297 349
256 82
173 313
214 85
198 77
184 179
387 13
249 308
207 311
312 364
320 188
86 21
149 77
388 359
369 80
355 182
314 144
341 18
313 185
285 86
376 241
188 419
329 129
174 255
359 8
383 136
336 24
396 75
38 367
198 319
313 306
93 37
354 78
15 383
271 80
362 198
147 273
255 72
114 96
315 86
246 252
153 24
70 26
363 19
146 21
354 199
84 375
371 368
285 99
357 204
123 37
67 142
12 206
83 86
396 317
107 214
148 215
280 371
32 40
63 144
257 158
384 199
348 276
342 202
53 99
232 330
378 384
218 166
111 40
190 333
28 271
363 261
19 222
275 148
5 58
21 268
255 206
296 207
53 220
144 338
400 35
28 163
322 381
358 38
157 48
410 228
96 38
220 104
5 179
352 223
90 223
123 171
255 327
122 175
175 38
171 333
405 271
83 220
28 284
212 105
284 210
308 338
349 339
407 51
11 51
379 218
150 395
310 118
81 295
370 169
141 346
136 231
227 349
268 121
92 161
245 403
152 175
418 331
143 126
14 241
297 41
316 54
335 67
32 295
250 225
76 301
21 402
241 405
39 419
328 293
20 177
199 408
6 13
413 108
196 110
311 60
247 341
407 293
44 241
118 190
365 67
29 118
153 413
189 70
15 183
323 70
386 355
408 114
344 129
41 357
27 422
8 180
223 68
38 59
117 352
131 250
2 365
156 14
268 255
212 360
31 19
366 9
154 355
228 304
209 62
374 358
300 180
267 3
167 65
420 245
98 194
406 310
230 350
392 183
1 261
395 417
106 314
221 301
128 73
4 303
348 76
45 75
380 294
36 255
344 371
383 299
387 189
332 253
299 76
271 14
343 119
147 207
100 132
353 312
31 32
366 251
383 191
121 191
88 14
148 28
406 323
313 132
285 33
271 135
188 366
100 253
389 127
64 330
375 192
301 14
265 320
61 261
88 135
253 202
327 151
184 368
98 328
313 253
299 318
146 76
258 317
285 154
257 321
384 133
389 248
246 199
322 194
396 143
239 159
250 25
274 382
40 215
293 395
34 141
144 272
231 160
46 380
187 90
421 28
82 333
338 259
68 398
379 31
362 387
403 388
40 336
250 146
414 254
259 380
70 215
113 33
211 339
338 380
357 393
250 38
403 280
134 92
86 344
20 219
409 31
273 170
89 349
382 342
146 331
338 272
2 57
282 340
48 173
39 353
125 393
92 216
185 178
97 294
317 334
303 170
36 55
60 183
239 414
25 162
321 224
338 393
233 111
57 114
365 230
203 168
134 334
337 168
213 398
323 4
106 235
166 286
37 401
386 60
391 404
127 65
242 52
333 170
118 245
250 401
117 286
406 123
318 47
227 417
381 66
18 14
353 4
210 184
17 55
196 286
416 289
237 58
335 364
228 238
154 60
90 304
186 12
222 194
122 256
115 68
235 133
4 237
298 418
205 227
45 9
256 192
297 230
27 369
355 171
71 412
319 248
167 120
84 351
332 187
1 87
417 2
147 141
307 130
288 117
367 181
155 2
124 423
334 4
91 246
366 185
108 415
22 375
355 292
112 305
346 243
313 295
170 246
323 259
276 413
101 146
288 238
128 20
348 23
105 302
251 356
72 88
177 141
311 370
149 308
223 257
89 28
130 66
80 208
369 82
401 300
313 187
170 367
189 380
288 130
329 131
174 257
205 361
100 79
347 185
359 10
223 378
3 146
364 88
281 90
382 142
234 15
318 423
211 31
417 365
202 211
73 326
174 378
169 34
26 214
100 200
301 190
394 152
378 144
264 42
47 273
47 44
79 262
280 252
46 85
354 201
211 152
371 141
68 332
412 142
128 383
288 372
67 144
320 324
86 157
177 275
144 327
185 99
400 24
350 203
303 91
201 80
197 338
233 32
123 160
21 378
21 149
7 214
342 204
328 40
419 158
116 386
97 107
262 211
88 324
33 388
354 214
333 91
169 397
150 155
260 286
48 107
72 235
284 91
363 384
19 345
201 93
187 158
206 171
99 45
236 50
337 102
356 115
213 332
287 281
254 333
328 53
171 335
138 158
377 403
206 292
173 115
388 40
252 408
393 155
90 346
11 53
384 335
346 43
370 400
7 348
263 274
76 182
136 233
84 43
342 338
414 214
240 290
400 279
196 220
275 284
349 233
220 348
206 413
388 161
200 110
164 416
57 61
258 51
268 244
87 169
290 3
226 284
317 402
224 174
284 225
399 175
330 341
55 136
8 290
32 418
11 295
379 233
250 348
43 18
309 403
6 365
59 228
64 306
105 344
298 244
279 2
36 244
344 131
316 298
99 300
402 72
300 290
388 174
112 10
29 241
244 129
15 306
373 14
82 67
395 298
161 131
340 362
6 257
221 182
64 198
397 344
8 303
283 242
302 255
355 118
140 193
200 244
71 359
186 309
38 182
179 121
332 363
30 321
253 70
374 131
230 352
189 314
115 136
15 198
142 239
147 88
353 193
77 258
364 22
80 263
327 140
189 206
73 260
193 325
210 265
366 253
256 381
204 191
56 27
374 373
410 30
396 132
332 376
156 379
216 201
307 319
260 207
394 207
72 156
77 271
190 148
43 394
104 81
381 389
100 376
141 148
53 35
80 397
190 40
336 94
19 158
65 274
211 328
63 201
255 142
72 398
166 33
226 84
294 218
285 398
151 169
68 400
417 325
169 223
136 46
263 87
67 212
139 51
185 167
42 384
229 210
129 43
275 97
146 212
51 352
178 164
117 154
315 398
12 397
213 387
72 411
331 342
264 352
157 226
14 406
196 154
41 280
333 159
44 56
123 349
352 172
145 108
35 236
103 111
20 342
53 290
254 280
309 216
235 1
298 57
275 339
220 403
27 8
145 229
134 336
115 57
356 183
268 70
235 122
133 111
298 178
251 103
325 52
206 360
85 299
250 403
379 288
277 240
337 291
356 304
304 114
120 293
92 231
45 119
325 173
177 9
330 288
344 186
311 9
289 250
36 70
295 1
117 409
57 129
277 361
230 286
409 288
268 312
188 60
372 406
279 178
31 76
163 232
256 423
311 130
154 412
107 71
360 251
126 84
24 73
65 74
115 191
209 240
176 63
281 79
258 361
189 261
51 31
290 313
357 74
394 141
31 89
70 17
281 200
181 262
88 71
19 200
368 125
327 87
230 420
271 192
422 361
100 310
67 133
232 200
182 379
80 331
363 131
126 218
258 374
285 211
183 200
329 254
347 308
366 321
3 269
130 310
372 72
239 216
373 216
32 152
247 77
82 269
338 195
412 144
269 95
114 221
246 377
20 34
23 39
264 165
121 382
47 396
46 208
371 264
118 47
342 206
331 47
50 34
33 390
14 111
220 216
335 166
187 39
132 103
233 155
49 334
123 283
365 45
254 214
199 278
180 36
185 343
259 329
111 165
97 230
418 322
377 55
239 350
99 47
123 404
357 342
241 396
7 229
282 168
157 173
243 176
14 353
30 297
16 170
62 286
153 404
122 71
194 176
106 63
69 410
231 243
325 107
36 4
173 238
178 353
90 240
401 102
263 397
230 220
400 402
78 351
143 251
319 413
374 120
420 236
365 300
313 110
258 174
84 58
122 313
404 228
268 367
92 407
422 53
152 192
284 348
358 297
191 120
196 235
22 311
278 8
322 51
38 292
346 179
423 362
404 120
249 246
343 110
334 61
17 125
168 257
135 80
410 19
155 180
367 359
45 308
174 193
50 423
405 62
341 77
98 319
258 308
280 67
211 196
54 249
26 150
339 381
47 209
294 86
368 72
46 21
385 204
54 370
269 29
86 93
3 324
226 73
262 255
336 204
368 422
253 206
357 263
255 252
174 327
26 163
339 394
53 37
89 219
135 335
14 45
179 378
198 391
313 378
321 202
412 320
178 153
35 104
236 94
296 145
67 322
39 223
125 34
419 215
28 330
60 282
242 30
113 145
261 43
123 338
164 110
269 163
7 392
213 268
72 292
328 218
273 282
23 107
391 274
28 222
294 341
51 354
150 333
90 53
296 387
263 210
410 408
284 269
231 177
50 102
69 115
416 159
247 387
11 110
324 341
365 113
29 164
411 229
356 293
227 408
323 116
199 346
400 336
226 220
4 107
298 59
229 225
108 164
349 290
297 100
113 279
228 229
32 354
118 357
132 292
236 349
310 298
258 108
282 236
340 177
240 239
205 218
231 419
50 344
367 51
69 357
50 115
303 295
149 57
352 416
374 175
164 365
379 290
24 62
208 408
29 177
268 422
73 183
224 352
298 301
320 60
256 304
383 116
61 65
126 194
415 68
38 347
179 57
117 411
217 349
277 363
411 363
120 416
362 178
265 245
380 232
232 68
237 183
209 350
176 173
333 416
200 301
10 140
249 422
276 296
1 91
4 362
119 312
260 22
311 253
383 358
149 191
314 258
300 360
392 363
216 366
412 12
216 137
348 256
40 140
67 14
31 320
287 17
397 414
359 122
116 135
121 250
313 420
198 204
5 38
329 135
389 186
320 315
213 189
125 76
77 328
42 307
135 269
281 323
262 81
341 374
79 374
253 261
137 315
271 315
290 328
343 420
257 151
141 205
34 79
58 207
359 135
218 159
364 213
150 146
67 377
241 264
81 46
246 379
180 25
70 153
264 396
116 269
23 41
317 259
157 41
284 82
41 95
280 377
299 390
151 226
13 33
217 28
35 51
351 28
7 218
227 221
273 337
56 110
264 288
212 98
405 264
201 205
151 347
51 409
388 31
412 388
30 57
370 162
240 281
92 154
6 114
226 154
205 31
229 159
129 221
27 173
388 152
333 216
32 288
120 337
96 165
27 294
407 286
233 170
412 401
291 340
84 47
153 406
48 124
194 178
138 283
339 7
399 58
182 60
80 12
200 114
84 168
392 284
277 68
323 184
142 109
216 58
275 409
355 109
30 312
286 238
57 415
24 238
392 405
390 66
216 179
6 369
307 297
288 55
18 194
207 130
205 286
284 350
191 122
177 187
77 249
204 61
383 63
198 246
184 119
392 297
222 374
276 351
257 72
45 418
40 74
334 292
196 358
402 197
38 415
225 241
244 254
73 372
362 246
100 246
163 302
278 23
190 139
396 244
253 195
79 308
5 93
354 18
299 82
288 418
155 303
174 316
12 254
375 77
158 308
163 423
232 28
94 323
391 21
368 303
294 88
111 88
47 332
143 40
201 18
65 157
357 265
164 99
150 201
202 391
414 247
144 386
317 314
171 31
372 21
19 391
