210
1 39
39 42
42 14
14 18
18 4
4 16
16 1
5 41
41 7
7 17
17 12
12 6
6 13
13 8
8 21
21 22
22 5
9 26
26 4
4 20
20 23
23 5
5 9
6 24
24 15
15 25
25 19
19 17
17 16
16 6
3 40
40 6
6 30
30 9
9 37
37 3
9 49
49 6
6 43
43 9
36 23
23 26
26 13
13 33
33 2
2 32
32 47
47 14
14 45
45 9
9 44
44 3
3 36
1 50
50 4
4 36
36 1
37 33
33 18
18 37
20 37
37 24
24 21
21 12
12 34
34 20
2 57
57 9
9 58
58 5
5 38
38 11
11 51
51 20
20 10
10 31
31 8
8 27
27 22
22 39
39 13
13 41
41 45
45 16
16 35
35 2
53 11
11 61
61 6
6 65
65 2
2 53
1 70
70 3
3 53
53 1
1 87
87 3
3 79
79 11
11 67
67 15
15 28
28 10
10 27
27 25
25 17
17 53
53 7
7 55
55 4
4 66
66 5
5 81
81 1
25 38
38 27
27 19
19 31
31 28
28 25
44 28
28 39
39 23
23 50
50 34
34 29
29 25
25 52
52 10
10 36
36 22
22 30
30 21
21 51
51 14
14 67
67 12
12 44
18 62
62 22
22 51
51 25
25 31
31 32
32 19
19 44
44 47
47 37
37 26
26 35
35 43
43 18
35 52
52 31
31 51
51 35
53 35
35 54
54 8
8 56
56 7
7 80
80 5
5 85
85 19
19 53
53 24
24 62
62 20
20 53
40 74
74 4
4 59
59 36
36 55
55 17
17 40
18 56
56 17
17 98
98 2
2 82
82 4
4 75
75 16
16 59
59 21
21 46
46 28
28 61
61 14
14 71
71 32
32 40
40 38
38 58
58 37
37 53
53 18
18 87
87 4
4 111
111 8
8 60
60 31
31 80
80 12
12 89
89 11
11 86
86 18
23 57
57 10
10 60
60 21
21 71
71 15
15 76
76 40
40 49
49 27
27 56
56 33
33 41
41 23
84 21
21 96
96 19
19 94
94 15
15 90
90 16
16 84
64 27
27 59
59 34
34 79
79 9
9 78
78 6
6 64
22 64
64 28
28 48
48 30
30 57
57 24
24 63
63 22
10 73
73 22
22 88
88 14
14 69
69 10
52 41
41 50
50 42
42 79
79 40
40 88
88 34
34 69
69 26
26 62
62 53
53 44
44 56
56 35
35 80
80 46
46 43
43 51
51 39
39 52
45 80
80 42
42 54
54 41
41 62
62 45
70 26
26 87
87 20
20 75
75 45
45 51
51 52
52 86
86 21
21 92
92 4
4 107
107 7
7 77
77 10
10 70
66 24
24 70
70 17
17 84
84 37
37 81
81 13
13 66
66 47
47 49
49 43
43 50
50 61
61 65
65 27
27 66
91 24
24 73
73 31
31 76
76 22
22 104
104 9
9 83
83 6
6 102
102 17
17 77
77 33
33 59
59 29
29 66
66 23
23 99
99 18
18 91
60 74
74 65
65 82
82 29
29 95
95 20
20 90
90 26
26 72
72 25
25 84
84 48
48 54
54 50
50 60
38 64
64 60
60 52
52 63
63 59
59 38
94 38
38 67
67 28
28 96
96 24
24 94
1 114
114 42
42 94
94 41
41 68
68 35
35 91
91 1
2 113
113 3
3 108
108 2
1 149
149 2
2 109
109 34
34 131
131 8
8 147
147 14
14 111
111 16
16 106
106 1
87 37
37 85
85 23
23 77
77 53
53 69
69 64
64 39
39 71
71 43
43 55
55 44
44 90
90 32
32 87
84 43
43 76
76 66
66 39
39 70
70 36
36 84
100 23
23 106
106 27
27 78
78 53
53 108
108 26
26 113
113 6
6 114
114 18
18 103
103 21
21 93
93 5
5 122
122 7
7 109
109 10
10 105
105 19
19 100
28 100
100 29
29 83
83 44
44 84
84 30
30 98
98 32
32 111
111 22
22 102
102 31
31 89
89 28
17 137
137 28
28 75
75 25
25 77
77 56
56 51
51 87
87 33
33 97
97 15
15 116
116 9
9 120
120 17
44 95
95 41
41 107
107 23
23 104
104 43
43 88
88 44
49 83
83 45
45 78
78 61
61 57
57 76
76 51
51 75
75 72
72 59
59 71
71 58
58 49
46 97
97 36
36 102
102 33
33 99
99 45
45 92
92 59
59 79
79 49
49 73
73 63
63 55
55 98
98 35
35 93
93 44
44 85
85 46
17 125
125 3
3 132
132 15
15 105
105 46
46 81
81 53
53 90
90 52
52 130
130 7
7 123
123 17
127 21
21 121
121 5
5 119
119 4
4 145
145 8
8 154
154 18
18 116
116 22
22 112
112 10
10 133
133 16
16 127
17 140
140 10
10 117
117 34
34 110
110 11
11 128
128 20
20 127
127 17
36 104
104 35
35 101
101 36
26 120
120 32
32 114
114 29
29 106
106 36
36 131
131 39
39 99
99 48
48 94
94 44
44 126
126 4
4 155
155 2
2 158
158 3
3 146
146 24
24 112
112 26
115 26
26 138
138 11
11 117
117 13
13 135
135 17
17 115
115 30
30 117
117 19
19 123
123 9
9 118
118 29
29 121
121 23
23 115
1 124
124 27
27 140
140 19
19 128
128 31
31 115
115 1
21 141
141 12
12 119
119 36
36 123
123 26
26 127
127 32
32 133
133 21
21 153
153 24
24 151
151 4
4 143
143 21
146 27
27 149
149 21
21 146
44 120
120 33
33 113
113 44
37 93
93 63
63 89
89 37
54 80
80 55
55 67
67 62
62 69
69 54
129 54
54 95
95 49
49 100
100 48
48 107
107 46
46 114
114 64
64 123
123 37
37 129
43 119
119 35
35 106
106 43
51 94
94 77
77 51
40 111
111 59
59 93
93 51
51 78
78 69
69 71
71 70
70 87
87 55
55 96
96 38
38 112
112 43
43 129
129 13
13 144
144 6
6 167
167 10
10 143
143 29
29 140
140 44
44 103
103 40
19 158
158 18
18 161
161 2
2 157
157 13
13 136
136 46
46 109
109 45
45 106
106 40
40 105
105 25
25 146
146 19
156 14
14 157
157 4
4 156
75 80
80 57
57 81
81 86
86 58
58 84
84 47
47 99
99 53
53 91
91 60
60 76
76 75
76 79
79 68
68 73
73 76
102 66
66 91
91 69
69 96
96 76
76 87
87 71
71 88
88 89
89 75
75 65
65 92
92 56
56 107
107 50
50 102
7 170
170 13
13 171
171 3
3 166
166 7
152 17
17 144
144 16
16 150
150 21
21 155
155 8
8 164
164 6
6 183
183 7
7 152
35 134
134 32
32 152
152 22
22 125
125 33
33 127
127 35
55 128
128 35
35 124
124 48
48 104
104 71
71 94
94 88
88 72
72 78
78 70
70 103
103 55
93 67
67 82
82 68
68 81
81 80
80 97
97 47
47 113
113 55
55 101
101 51
51 105
105 66
66 107
107 61
61 93
139 28
28 145
145 23
23 139
42 121
121 38
38 139
139 39
39 143
143 32
32 151
151 30
30 118
118 60
60 106
106 66
66 112
112 47
47 115
115 50
50 117
117 51
51 109
109 62
62 93
93 65
65 95
95 63
63 108
108 57
57 102
102 41
41 116
116 42
132 55
55 122
122 34
34 132
170 21
21 182
182 16
16 170
147 37
37 170
170 22
22 154
154 60
60 132
132 26
26 125
125 41
41 124
124 40
40 118
118 42
42 156
156 19
19 147
45 119
119 47
47 118
118 45
58 116
116 49
49 115
115 57
57 114
114 56
56 110
110 66
66 109
109 58
134 74
74 95
95 77
77 123
123 73
73 128
128 62
62 113
113 72
72 114
114 68
68 118
118 63
63 106
106 70
70 99
99 110
110 58
58 98
98 67
67 133
133 48
48 137
137 35
35 140
140 40
40 135
135 51
51 127
127 45
45 134
125 50
50 124
124 47
47 125
134 64
64 120
120 76
76 111
111 133
133 73
73 125
125 34
34 141
141 48
48 134
41 139
139 113
113 78
78 79
79 100
100 91
91 75
75 104
104 83
83 86
86 109
109 77
77 111
111 82
82 85
85 124
124 58
58 134
134 41
142 36
36 141
141 45
45 135
135 41
41 147
147 11
11 142
5 184
184 11
11 168
168 14
14 171
171 19
19 172
172 4
4 166
166 9
9 164
164 23
23 153
153 25
25 148
148 5
149 51
51 139
139 63
63 144
144 34
34 138
138 42
42 170
170 47
47 149
69 107
107 71
71 105
105 88
88 98
98 92
92 69
162 25
25 155
155 28
28 148
148 36
36 168
168 24
24 171
171 31
31 166
166 33
33 157
157 41
41 140
140 43
43 121
121 68
68 115
115 69
69 118
118 78
78 129
129 57
57 149
149 29
29 189
189 10
10 186
186 12
12 162
15 164
164 40
40 143
143 56
56 162
162 5
5 178
178 35
35 142
142 15
5 191
191 2
2 177
177 9
9 169
169 5
5 200
200 14
14 173
173 6
6 179
179 5
15 198
198 5
5 175
175 20
20 163
163 18
18 167
167 36
36 151
151 78
78 121
121 53
53 146
146 34
34 161
161 58
58 130
130 54
54 150
150 26
26 159
159 15
1 262
262 8
8 180
180 15
15 190
190 1
165 48
48 157
157 45
45 159
159 30
30 181
181 28
28 163
163 26
26 165
93 104
104 81
81 94
94 89
89 103
103 96
96 84
84 85
85 86
86 93
167 61
61 132
132 77
77 115
115 101
101 93
93 109
109 99
99 80
80 135
135 55
55 136
136 38
38 138
138 54
54 151
151 42
42 191
191 9
9 185
185 22
22 184
184 16
16 187
187 3
3 193
193 7
7 197
197 26
26 167
37 167
167 34
34 153
153 50
50 152
152 44
44 155
155 37
42 189
189 32
32 145
145 39
39 171
171 42
18 194
194 19
19 200
200 9
9 193
193 36
36 180
180 25
25 173
173 42
42 160
160 37
37 165
165 18
140 93
93 108
108 87
87 90
90 86
86 94
94 100
100 85
85 119
119 52
52 140
102 97
97 108
108 100
100 95
95 102
65 156
156 51
51 155
155 54
54 139
139 57
57 141
141 65
154 65
65 127
127 102
102 67
67 138
138 76
76 125
125 86
86 105
105 81
81 120
120 70
70 126
126 52
52 154
38 179
179 21
21 202
202 6
6 199
199 2
2 212
212 9
9 237
237 4
4 176
176 27
27 173
173 56
56 146
146 57
57 154
154 46
46 161
161 37
37 166
166 40
40 178
178 24
24 175
175 38
29 182
182 38
38 145
145 59
59 140
140 49
49 158
158 44
44 168
168 41
41 164
164 29
29 188
188 34
34 169
169 64
64 142
142 62
62 141
141 74
74 163
163 44
44 167
167 39
39 187
187 29
18 211
211 10
10 207
207 29
29 177
177 20
20 197
197 18
1 216
216 9
9 214
214 7
7 223
223 2
2 206
206 14
14 203
203 18
18 201
201 1
67 134
134 95
95 121
121 80
80 111
111 103
103 94
94 104
104 118
118 83
83 112
112 67
136 75
75 130
130 66
66 153
153 53
53 187
187 51
51 157
157 62
62 146
146 76
76 139
139 71
71 122
122 84
84 107
107 98
98 117
117 67
67 149
149 73
73 136
175 39
39 185
185 17
17 216
216 7
7 218
218 6
6 208
208 11
11 204
204 16
16 196
196 12
12 223
223 37
37 181
181 46
46 179
179 57
57 160
160 50
50 170
170 53
53 164
164 95
95 136
136 79
79 106
106 92
92 114
114 96
96 145
145 82
82 115
115 89
89 131
131 52
52 194
194 31
31 175
67 142
142 70
70 127
127 92
92 115
115 91
91 134
134 89
89 125
125 90
90 105
105 111
111 88
88 147
147 69
69 143
143 68
68 137
137 67
144 77
77 148
148 70
70 153
153 76
76 154
154 71
71 144
92 147
147 89
89 139
139 87
87 124
124 99
99 126
126 84
84 128
128 80
80 127
127 134
134 92
173 48
48 168
168 60
60 165
165 43
43 173
40 182
182 49
49 179
179 62
62 173
173 54
54 158
158 59
59 152
152 92
92 140
140 63
63 151
151 82
82 153
153 79
79 144
144 67
67 162
162 66
66 169
169 40
41 176
176 40
40 171
171 41
1 229
229 6
6 224
224 7
7 233
233 3
3 227
227 15
15 183
183 60
60 182
182 41
41 175
175 30
30 221
221 1
196 39
39 181
181 42
42 184
184 43
43 177
177 45
45 171
171 50
50 188
188 55
55 166
166 78
78 160
160 70
70 151
151 81
81 152
152 63
63 141
141 84
84 167
167 65
65 157
157 71
71 174
174 13
13 186
186 22
22 196
20 186
186 28
28 196
196 30
30 183
183 20
20 213
213 5
5 215
215 36
36 204
204 27
27 192
192 13
13 199
199 20
235 24
24 213
213 38
38 197
197 28
28 192
192 48
48 183
183 42
42 200
200 20
20 209
209 32
32 193
193 23
23 207
207 35
35 195
195 17
17 235
1 267
267 3
3 241
241 21
21 208
208 13
13 215
215 18
18 235
235 1
33 209
209 39
39 198
198 40
40 190
190 34
34 207
207 26
26 211
211 31
31 205
205 33
206 23
23 212
212 13
13 219
219 53
53 210
210 26
26 218
218 33
33 172
172 59
59 201
201 22
22 206
52 168
168 84
84 155
155 52
220 29
29 225
225 5
5 222
222 9
9 217
217 39
39 223
223 14
14 226
226 13
13 220
1 256
256 6
6 242
242 30
30 220
220 22
22 228
228 34
34 219
219 20
20 203
203 54
54 183
183 52
52 180
180 44
44 191
191 43
43 206
206 12
12 236
236 1
181 59
59 198
198 48
48 203
203 25
25 215
215 40
40 205
205 49
49 189
189 45
45 204
204 61
61 183
183 73
73 178
178 50
50 181
108 110
110 104
104 97
97 106
106 108
97 130
130 85
85 138
138 94
94 137
137 96
96 148
148 98
98 116
116 101
101 121
121 107
107 97
109 130
130 103
103 116
116 105
105 122
122 111
111 121
121 106
106 125
125 100
100 132
132 90
90 129
129 97
97 114
114 108
108 109
109 122
122 116
116 114
114 104
104 119
119 109
75 150
150 72
72 149
149 75
175 76
76 157
157 81
81 180
180 75
75 161
161 74
74 168
168 63
63 176
176 83
83 135
135 97
97 137
137 110
110 130
130 140
140 106
106 128
128 104
104 120
120 109
109 181
181 69
69 191
191 47
47 175
118 138
138 96
96 158
158 85
85 142
142 119
119 122
122 120
120 133
133 118
58 188
188 60
60 199
199 56
56 184
184 95
95 165
165 96
96 149
149 77
77 164
164 99
99 136
136 118
118 131
131 91
91 166
166 79
79 179
179 78
78 175
175 58
126 143
143 86
86 157
157 116
116 135
135 88
88 112
112 127
127 117
117 101
101 163
163 104
104 166
166 113
113 145
145 108
108 125
125 109
109 142
142 105
105 126
185 68
68 146
146 101
101 129
129 120
120 126
126 115
115 173
173 63
63 196
196 41
41 207
207 51
51 235
235 20
20 224
224 33
33 226
226 60
60 193
193 44
44 200
200 58
58 177
177 64
64 185
86 178
178 91
91 160
160 92
92 154
154 86
86 164
164 93
93 168
168 96
96 176
176 77
77 159
159 86
65 198
198 64
64 183
183 74
74 169
169 104
104 174
174 86
86 153
153 97
97 146
146 105
105 156
156 72
72 184
184 65
229 65
65 185
185 46
46 230
230 13
13 234
234 15
15 232
232 2
2 229
24 263
263 13
13 241
241 24
19 264
264 24
24 238
238 29
29 229
229 7
7 268
268 23
23 222
222 19
11 271
271 2
2 250
250 25
25 214
214 28
28 227
227 11
19 249
249 11
11 231
231 19
42 219
219 43
43 209
209 44
44 207
207 58
58 205
205 50
50 208
208 46
46 186
186 42
62 190
190 75
75 182
182 62
195 67
67 193
193 97
97 157
157 87
87 150
150 89
89 178
178 92
92 161
161 82
82 185
185 84
84 190
190 77
77 198
198 66
66 195
144 90
90 187
187 68
68 188
188 92
92 180
180 99
99 172
172 80
80 162
162 81
81 159
159 88
88 144
102 150
150 106
106 144
144 102
128 114
114 157
157 100
100 159
159 108
108 150
150 112
112 128
126 131
131 135
135 125
125 126
128 127
127 126
126 130
130 117
117 128
123 156
156 120
120 144
144 121
121 133
133 137
137 134
134 135
135 136
136 115
115 129
129 124
124 148
148 128
128 123
161 115
115 141
141 123
123 153
153 106
106 161
110 163
163 122
122 160
160 107
107 164
164 98
98 154
154 109
109 158
158 110
47 204
204 69
69 201
201 63
63 206
206 77
77 191
191 100
100 171
171 81
81 192
192 80
80 177
177 76
76 182
182 99
99 185
185 95
95 199
199 89
89 196
196 71
71 193
193 108
108 164
164 110
110 149
149 124
124 138
138 130
130 161
161 102
102 132
132 103
103 183
183 70
70 195
195 47
197 78
78 182
182 86
86 203
203 72
72 197
212 58
58 211
211 69
69 208
208 66
66 202
202 76
76 197
197 47
47 209
209 62
62 224
224 27
27 212
87 197
197 79
79 170
170 87
94 168
168 106
106 188
188 87
87 169
169 103
103 139
139 94
132 131
131 147
147 105
105 168
168 127
127 144
144 149
149 128
128 150
150 125
125 154
154 117
117 132
140 133
133 132
132 140
123 166
166 111
111 165
165 121
121 152
152 118
118 157
157 123
151 124
124 159
159 125
125 166
166 129
129 160
160 123
123 162
162 105
105 184
184 119
119 151
192 106
106 174
174 133
133 151
151 138
138 135
135 147
147 141
141 130
130 142
142 145
145 146
146 134
134 140
140 169
169 94
94 192
245 15
15 237
237 22
22 251
251 7
7 245
240 22
22 245
245 10
10 233
233 9
9 240
28 217
217 44
44 231
231 16
16 233
233 12
12 240
240 29
29 244
244 14
14 241
241 52
52 186
186 83
83 177
177 101
101 182
182 103
103 192
192 99
99 190
190 98
98 200
200 55
55 204
204 48
48 212
212 45
45 213
213 41
41 215
215 42
42 216
216 28
258 16
16 247
247 15
15 258
19 243
243 21
21 249
249 26
26 214
214 38
38 228
228 33
33 239
239 20
20 258
258 17
17 232
232 31
31 222
222 28
28 234
234 19
220 53
53 231
231 51
51 217
217 56
56 215
215 61
61 205
205 59
59 189
189 57
57 216
216 49
49 219
219 54
54 212
212 50
50 226
226 42
42 220
1 261
261 43
43 220
220 39
39 245
245 30
30 244
244 36
36 236
236 35
35 240
240 19
19 256
256 4
4 255
255 1
12 286
286 26
26 255
255 18
18 242
242 12
250 15
15 265
265 21
21 262
262 6
6 257
257 9
9 250
223 68
68 204
204 107
107 171
171 123
123 186
186 82
82 170
170 85
85 214
214 46
46 223
221 48
48 223
223 44
44 222
222 62
62 215
215 67
67 212
212 69
69 213
213 57
57 207
207 64
64 234
234 45
45 221
218 67
67 231
231 86
86 207
207 63
63 218
179 85
85 201
201 80
80 208
208 76
76 231
231 95
95 194
194 70
70 189
189 81
81 179
101 190
190 118
118 155
155 90
90 179
179 93
93 177
177 96
96 180
180 101
221 56
56 223
223 78
78 202
202 73
73 195
195 109
109 168
168 115
115 167
167 120
120 189
189 101
101 206
206 82
82 218
218 69
69 227
227 49
49 221
238 42
42 228
228 59
59 216
216 58
58 253
253 7
7 278
278 13
13 268
268 21
21 271
271 14
14 260
260 9
9 266
266 30
30 249
249 31
31 233
233 32
32 244
244 45
45 245
245 55
55 221
221 40
40 238
232 50
50 238
238 27
27 251
251 41
41 225
225 37
37 250
250 20
20 254
254 12
12 259
259 33
33 232
28 270
270 7
7 303
303 4
4 280
280 31
31 277
277 24
24 267
267 46
46 244
244 47
47 243
243 27
27 241
241 29
29 242
242 49
49 232
232 28
124 189
189 137
137 151
151 143
143 140
140 147
147 155
155 180
180 124
239 70
70 215
215 85
85 191
191 120
120 184
184 124
124 156
156 142
142 160
160 136
136 144
144 139
139 154
154 166
166 134
134 161
161 131
131 196
196 110
110 200
200 100
100 199
199 99
99 254
254 37
37 240
240 39
39 239
261 22
22 260
260 16
16 259
259 53
53 237
237 58
58 239
239 61
61 244
244 49
49 246
246 29
29 248
248 5
5 252
252 11
11 261
112 165
165 143
143 153
153 128
128 156
156 154
154 163
163 112
98 213
213 74
74 205
205 71
71 211
211 75
75 210
210 64
64 230
230 62
62 226
226 73
73 217
217 81
81 212
212 98
87 204
204 90
90 218
218 98
98 194
194 112
112 193
193 93
93 202
202 87
177 111
111 174
174 114
114 199
199 105
105 177
113 177
177 147
147 170
170 113
193 174
174 130
130 164
164 139
139 151
151 165
165 152
152 149
149 158
158 138
138 172
172 144
144 171
171 128
128 178
178 117
117 193
191 118
118 193
193 140
140 187
187 115
115 191
179 121
121 191
191 102
102 179
203 109
109 208
208 101
101 195
195 94
94 175
175 129
129 178
178 153
153 157
157 135
135 156
156 132
132 150
150 176
176 125
125 173
173 116
116 179
179 113
113 201
201 93
93 203
80 225
225 94
94 203
203 100
100 211
211 87
87 209
209 80
197 106
106 202
202 103
103 197
224 103
103 206
206 137
137 197
197 97
97 210
210 77
77 217
217 76
76 222
222 80
80 224
220 83
83 219
219 67
67 220
265 35
35 241
241 50
50 236
236 94
94 230
230 71
71 220
220 109
109 205
205 92
92 204
204 89
89 214
214 88
88 216
216 85
85 224
224 63
63 232
232 51
51 258
258 36
36 255
255 32
32 265
1 308
308 2
2 279
279 36
36 265
265 16
16 261
261 28
28 272
272 1
15 276
276 10
10 266
266 32
32 272
272 57
57 240
240 67
67 239
239 65
65 237
237 54
54 252
252 15
229 99
99 225
225 82
82 222
222 87
87 215
215 91
91 209
209 104
104 220
220 101
101 233
233 60
60 238
238 64
64 223
223 112
112 198
198 84
84 226
226 77
77 229
122 184
184 142
142 175
175 122
177 128
128 179
179 122
122 191
191 125
125 177
150 170
170 181
181 114
114 192
192 134
134 179
179 138
138 167
167 146
146 150
155 187
187 143
143 172
172 146
146 192
192 129
129 184
184 145
145 171
171 170
170 160
160 168
168 148
148 141
141 167
167 150
150 155
177 141
141 159
159 172
172 152
152 169
169 151
151 162
162 158
158 167
167 166
166 155
155 161
161 135
135 177
241 65
65 242
242 52
52 245
245 66
66 240
240 73
73 227
227 131
131 188
188 142
142 185
185 139
139 177
177 123
123 203
203 102
102 224
224 107
107 214
214 108
108 210
210 105
105 212
212 144
144 195
195 116
116 220
220 110
110 207
207 89
89 219
219 104
104 229
229 44
44 241
247 77
77 243
243 50
50 247
222 108
108 219
219 93
93 222
41 264
264 58
58 268
268 60
60 236
236 74
74 235
235 72
72 221
221 97
97 222
222 83
83 237
237 80
80 247
247 38
38 260
260 61
61 241
241 40
40 261
261 39
39 255
255 56
56 259
259 41
269 44
44 267
267 38
38 250
250 50
50 248
248 72
72 265
265 41
41 266
266 25
25 286
286 21
21 279
279 15
15 302
302 14
14 301
301 18
18 273
273 3
3 269
282 23
23 278
278 8
8 290
290 3
3 274
274 30
30 280
280 9
9 282
274 54
54 249
249 51
51 248
248 62
62 252
252 59
59 256
256 40
40 270
270 46
46 271
271 28
28 285
285 10
10 304
304 5
5 274
269 29
29 274
274 27
27 282
282 11
11 269
22 273
273 47
47 260
260 69
69 241
241 63
63 251
251 73
73 242
242 67
67 250
250 51
51 269
269 22
1 292
292 19
19 287
287 17
17 298
298 6
6 283
283 28
28 284
284 22
22 281
281 1
1 310
310 21
21 289
289 1
1 295
295 13
13 314
314 10
10 293
293 3
3 296
296 16
16 275
275 25
25 291
291 1
4 337
337 9
9 311
311 2
2 323
323 4
248 78
78 252
252 66
66 248
89 228
228 75
75 221
221 89
55 260
260 76
76 221
221 92
92 216
216 91
91 236
236 89
89 248
248 55
191 163
163 158
158 165
165 157
157 156
156 171
171 148
148 191
121 204
204 129
129 206
206 118
118 199
199 121
92 239
239 83
83 235
235 120
120 193
193 122
122 201
201 115
115 205
205 121
121 208
208 124
124 198
198 116
116 202
202 114
114 200
200 132
132 196
196 149
149 191
191 152
152 175
175 146
146 178
178 155
155 173
173 154
154 222
222 101
101 231
231 92
297 30
30 285
285 46
46 277
277 43
43 263
263 33
33 290
290 17
17 303
303 8
8 295
295 24
24 301
301 22
22 297
288 20
20 257
257 34
34 278
278 25
25 281
281 27
27 291
291 31
31 285
285 33
33 297
297 12
12 288
5 327
327 11
11 295
295 32
32 288
288 40
40 299
299 36
36 282
282 52
52 246
246 94
94 237
237 101
101 230
230 97
97 235
235 90
90 223
223 84
84 252
252 92
92 226
226 87
87 232
232 68
68 267
267 55
55 264
264 42
42 262
262 59
59 283
283 7
7 305
305 5
19 304
304 22
22 311
311 31
31 305
305 12
12 312
312 21
21 319
319 7
7 292
292 29
29 279
279 25
25 289
289 37
37 273
273 39
39 296
296 19
253 81
81 250
250 70
70 253
260 73
73 253
253 68
68 260
273 61
61 261
261 73
73 263
263 56
56 264
264 59
59 269
269 55
55 291
291 44
44 275
275 78
78 260
260 64
64 245
245 63
63 257
257 67
67 262
262 53
53 273
273 94
94 265
265 75
75 263
263 87
87 238
238 74
74 270
270 48
48 274
274 57
57 273
72 259
259 82
82 256
256 66
66 268
268 70
70 251
251 72
62 261
261 68
68 257
257 72
72 255
255 62
29 306
306 15
15 293
293 20
20 292
292 37
37 290
290 48
48 304
304 29
318 29
29 316
316 35
35 286
286 62
62 273
273 41
41 300
300 19
19 307
307 5
5 334
334 4
4 328
328 14
14 318
26 308
308 13
13 315
315 3
3 294
294 26
287 45
45 308
308 61
61 301
301 34
34 287
292 28
28 319
319 29
29 322
322 19
19 303
303 24
24 314
314 37
37 297
297 56
56 291
291 57
57 287
287 46
46 310
310 22
22 327
327 26
26 292
292 54
54 277
277 47
47 278
278 53
53 276
276 38
38 292
190 148
148 183
183 111
111 190
194 127
127 207
207 115
115 213
213 111
111 194
123 194
194 133
133 196
196 139
139 190
190 123
164 178
178 150
150 177
177 156
156 185
185 168
168 179
179 165
165 164
246 100
100 232
232 117
117 200
200 122
122 204
204 139
139 197
197 138
138 196
196 159
159 173
173 157
157 185
185 164
164 161
161 193
193 123
123 210
210 114
114 217
217 105
105 237
237 99
99 251
251 80
80 243
243 88
88 227
227 79
79 246
132 208
208 130
130 207
207 132
188 151
151 176
176 179
179 184
184 171
171 173
173 160
160 198
198 155
155 206
206 135
135 188
145 195
195 146
146 186
186 126
126 210
210 143
143 188
188 141
141 200
200 156
156 190
190 145
113 259
259 81
81 272
272 66
66 261
261 67
67 258
258 77
77 249
249 96
96 209
209 125
125 205
205 127
127 219
219 116
116 215
215 148
148 200
200 145
145 214
214 132
132 216
216 113
91 241
241 124
124 215
215 121
121 217
217 115
115 232
232 105
105 218
218 113
113 221
221 104
104 238
238 108
108 231
231 107
107 234
234 91
284 91
91 246
246 63
63 284
118 225
225 111
111 239
239 102
102 226
226 98
98 241
241 93
93 223
223 110
110 235
235 106
106 211
211 118
284 105
105 247
247 110
110 226
226 114
114 221
221 118
118 212
212 125
125 238
238 107
107 236
236 103
103 240
240 90
90 244
244 84
84 276
276 75
75 284
281 63
63 269
269 82
82 284
284 59
59 275
275 50
50 281
166 191
191 157
157 177
177 166
176 182
182 173
173 176
126 204
204 141
141 199
199 133
133 215
215 127
127 211
211 135
135 213
213 181
181 175
175 177
177 158
158 187
187 176
176 154
154 188
188 172
172 193
193 166
166 194
194 126
198 169
169 167
167 161
161 198
207 170
170 183
183 167
167 186
186 147
147 207
165 207
207 138
138 215
215 144
144 225
225 141
141 205
205 140
140 203
203 174
174 198
198 165
129 210
210 137
137 216
216 134
134 228
228 125
125 217
217 165
165 180
180 177
177 182
182 178
178 194
194 176
176 208
208 159
159 202
202 142
142 209
209 129
221 129
129 218
218 126
126 229
229 122
122 221
227 133
133 210
210 136
136 233
233 111
111 226
226 123
123 227
220 150
150 201
201 157
157 197
197 160
160 205
205 146
146 223
223 115
115 234
234 118
118 235
235 119
119 237
237 144
144 227
227 126
126 220
134 240
240 131
131 234
234 129
129 229
229 134
121 244
244 114
114 257
257 86
86 264
264 126
126 232
232 134
134 220
220 127
127 221
221 121
312 47
47 302
302 30
30 312
42 322
322 48
48 312
312 16
16 328
328 40
40 296
296 57
57 297
297 41
41 280
280 42
241 125
125 231
231 112
112 242
242 74
74 286
286 42
42 295
295 46
46 293
293 102
102 241
250 93
93 260
260 135
135 231
231 160
160 210
210 139
139 251
251 103
103 246
246 109
109 241
241 106
106 243
243 89
89 250
274 70
70 291
291 64
64 274
67 273
273 73
73 269
269 72
72 268
268 67
23 317
317 6
6 329
329 2
2 335
335 17
17 326
326 39
39 279
279 67
67 274
274 65
65 245
245 123
123 250
250 121
121 252
252 90
90 255
255 97
97 267
267 84
84 282
282 60
60 281
281 53
53 290
290 43
43 292
292 23
1 359
359 8
8 309
309 5
5 313
313 12
12 333
333 23
23 318
318 1
3 324
324 7
7 343
343 31
31 320
320 41
41 307
307 38
38 288
288 75
75 291
291 91
91 289
289 33
33 314
314 30
30 321
321 3
1 362
362 13
13 335
335 14
14 341
341 3
3 336
336 1
145 230
230 130
130 211
211 136
136 212
212 143
143 216
216 145
224 145
145 229
229 132
132 219
219 138
138 224
183 191
191 177
177 187
187 208
208 182
182 193
193 173
173 183
192 179
179 194
194 183
183 188
188 167
167 185
185 180
180 190
190 161
161 189
189 164
164 206
206 168
168 203
203 158
158 192
195 178
178 185
185 171
171 192
192 152
152 195
196 154
154 211
211 152
152 220
220 139
139 213
213 153
153 196
283 123
123 248
248 122
122 235
235 128
128 204
204 185
185 196
196 171
171 195
195 151
151 229
229 147
147 216
216 149
149 224
224 104
104 249
249 79
79 263
263 80
80 271
271 77
77 268
268 84
84 283
294 67
67 280
280 94
94 283
283 60
60 320
320 43
43 294
33 328
328 25
25 325
325 20
20 303
303 65
65 278
278 76
76 275
275 69
69 262
262 81
81 294
294 27
27 327
327 29
29 326
326 38
38 324
324 5
5 332
332 22
22 323
323 34
34 305
305 44
44 306
306 33
32 318
318 37
37 319
319 33
33 298
298 32
298 57
57 300
300 69
69 315
315 45
45 298
56 319
319 44
44 329
329 59
59 298
298 42
42 307
307 56
327 44
44 323
323 27
27 332
332 39
39 327
55 285
285 68
68 277
277 55
279 76
76 288
288 55
55 279
293 52
52 299
299 64
64 306
306 63
63 295
295 50
50 293
337 66
66 293
293 72
72 292
292 103
103 262
262 79
79 279
279 51
51 316
316 54
54 323
323 45
45 327
327 56
56 328
328 53
53 317
317 32
32 349
349 2
2 338
338 11
11 343
343 23
23 337
21 334
334 28
28 330
330 10
10 331
331 21
337 45
45 324
324 65
65 307
307 64
64 301
301 67
67 341
341 18
18 336
336 5
5 347
347 22
22 333
333 21
21 358
358 26
26 335
335 29
29 337
79 281
281 98
98 255
255 110
110 260
260 100
100 253
253 99
99 265
265 104
104 271
271 86
86 258
258 113
113 268
268 80
80 266
266 79
79 302
302 74
74 261
261 93
93 258
258 95
95 277
277 82
82 280
280 92
92 270
270 79
79 286
286 76
76 287
287 81
81 278
278 79
30 338
338 29
29 336
336 24
24 333
333 30
331 20
20 364
364 30
30 330
330 40
40 357
357 16
16 331
17 340
340 10
10 342
342 33
33 336
336 40
40 331
331 19
19 345
345 7
7 339
339 35
35 318
318 69
69 307
307 96
96 283
283 100
100 314
314 57
57 299
299 76
76 295
295 81
81 290
290 77
77 288
288 79
79 297
297 71
71 304
304 58
58 337
337 17
366 14
14 353
353 4
4 348
348 7
7 352
352 6
6 366
10 366
366 9
9 359
359 10
99 279
279 113
113 264
264 99
269 99
99 270
270 95
95 269
17 347
347 39
39 335
335 76
76 301
301 84
84 290
290 83
83 278
278 93
93 275
275 90
90 263
263 111
111 258
258 108
108 254
254 116
116 269
269 89
89 293
293 68
68 306
306 77
77 303
303 51
51 308
308 55
55 333
333 32
32 370
370 10
10 344
344 17
253 117
117 243
243 115
115 253
278 112
112 260
260 121
121 283
283 98
98 289
289 92
92 282
282 85
85 287
287 95
95 272
272 130
130 239
239 118
118 253
253 114
114 263
263 101
101 261
261 97
97 273
273 86
86 278
266 127
127 253
253 124
124 273
273 120
120 237
237 137
137 212
212 142
142 242
242 132
132 234
234 141
141 233
233 149
149 241
241 118
118 257
257 139
139 231
231 136
136 235
235 133
133 259
259 114
114 266
97 275
275 116
116 266
266 97
140 239
239 142
142 218
218 148
148 232
232 140
355 27
27 342
342 20
20 350
350 18
18 355
340 38
38 355
355 3
3 346
346 23
23 353
353 32
32 343
343 56
56 329
329 49
49 334
334 37
37 326
326 57
57 349
349 101
101 277
277 108
108 276
276 86
86 294
294 83
83 296
296 105
105 288
288 107
107 255
255 115
115 260
260 140
140 215
215 151
151 212
212 146
146 253
253 132
132 256
256 122
122 274
274 97
97 278
278 90
90 284
284 88
88 305
305 42
42 309
309 36
36 340
17 368
368 3
3 356
356 4
4 362
362 12
12 369
369 6
6 365
365 2
2 354
354 42
42 340
340 40
40 360
360 17
292 94
94 297
297 82
82 292
117 264
264 115
115 261
261 119
119 255
255 117
156 245
245 118
118 267
267 115
115 296
296 136
136 240
240 153
153 214
214 177
177 192
192 180
180 200
200 166
166 204
204 157
157 209
209 174
174 211
211 156
159 218
218 154
154 214
214 159
261 148
148 226
226 157
157 212
212 188
188 187
187 196
196 199
199 169
169 223
223 152
152 217
217 143
143 228
228 159
159 213
213 156
156 232
232 160
160 243
243 144
144 261
198 209
209 184
184 210
210 169
169 237
237 138
138 238
238 173
173 195
195 212
212 183
183 200
200 190
190 198
193 187
187 191
191 194
194 180
180 202
202 162
162 215
215 166
166 218
218 186
186 193
193 202
202 195
195 179
179 203
203 191
191 189
189 205
205 194
194 193
198 197
197 193
193 198
257 158
158 241
241 166
166 224
224 170
170 214
214 180
180 204
204 198
198 207
207 175
175 221
221 143
143 257
151 226
226 172
172 216
216 179
179 213
213 167
167 206
206 189
189 219
219 151
231 159
159 229
229 152
152 231
205 213
213 189
189 208
208 196
196 205
225 163
163 238
238 154
154 226
226 167
167 218
218 208
208 192
192 210
210 205
205 201
201 155
155 233
233 170
170 231
231 177
177 230
230 146
146 225
236 150
150 225
225 151
151 257
257 133
133 236
128 244
244 129
129 248
248 143
143 251
251 142
142 255
255 131
131 250
250 150
150 240
240 168
168 225
225 213
213 236
236 128
117 269
269 124
124 263
263 129
129 264
264 119
119 271
271 110
110 262
262 131
131 272
272 109
109 249
249 128
128 247
247 153
153 261
261 117
17 379
379 31
31 347
347 28
28 344
344 33
33 350
350 49
49 342
342 60
60 311
311 121
121 268
268 115
115 284
284 100
100 297
297 95
95 306
306 80
80 304
304 90
90 281
281 117
117 265
265 126
126 292
292 78
78 317
317 64
64 310
310 79
79 308
308 58
58 309
309 74
74 316
316 67
67 336
336 34
34 366
366 17
1 378
378 17
17 371
371 1
374 35
35 343
343 48
48 324
324 50
50 322
322 51
51 318
318 47
47 331
331 43
43 346
346 21
21 351
351 18
18 368
368 33
33 348
348 23
23 365
365 13
13 374
26 371
371 21
21 372
372 13
13 367
367 26
11 387
387 13
13 386
386 11
363 24
24 388
388 13
13 406
406 10
10 395
395 11
11 403
403 6
6 377
377 5
5 375
375 26
26 369
369 27
27 362
362 18
18 354
354 32
32 361
361 20
20 374
374 19
19 363
1 422
422 48
48 363
363 4
4 391
391 1
22 375
375 8
8 389
389 34
34 354
354 22
359 29
29 352
352 23
23 364
364 22
22 359
376 3
3 417
417 2
2 376
16 373
373 14
14 376
376 37
37 359
359 16
380 14
14 381
381 5
5 383
383 3
3 411
411 13
13 409
409 10
10 407
407 9
9 380
338 53
53 331
331 58
58 312
312 80
80 319
319 74
74 326
326 73
73 309
309 75
75 327
327 50
50 338
345 47
47 332
332 63
63 318
318 80
80 322
322 67
67 324
324 62
62 338
338 44
44 339
339 36
36 348
348 40
40 347
347 38
38 345
46 350
350 43
43 345
345 46
85 309
309 102
102 307
307 77
77 312
312 87
87 295
295 93
93 302
302 85
82 315
315 84
84 311
311 85
85 299
299 82
160 257
257 153
153 249
249 160
250 141
141 259
259 137
137 250
269 135
135 271
271 147
147 246
246 138
138 250
250 160
160 234
234 156
156 233
233 163
163 232
232 169
169 255
255 151
151 260
260 134
134 254
254 125
125 265
265 118
118 269
99 290
290 139
139 266
266 142
142 272
272 144
144 263
263 148
148 270
270 149
149 269
269 126
126 278
278 104
104 301
301 111
111 275
275 110
110 281
281 97
97 294
294 88
88 320
320 72
72 310
310 82
82 300
300 70
70 285
285 99
99 310
310 96
96 311
311 86
86 285
285 97
97 293
293 120
120 287
287 127
127 267
267 122
122 277
277 124
124 275
275 119
119 300
300 99
52 344
344 50
50 356
356 42
42 364
364 28
28 351
351 38
38 365
365 82
82 333
333 99
99 325
325 52
380 32
32 358
358 38
38 371
371 36
36 354
354 43
43 355
355 69
69 347
347 65
65 348
348 52
52 339
339 45
45 352
352 39
39 353
353 46
46 375
375 24
24 395
395 22
22 373
373 23
23 380
16 385
385 5
5 397
397 3
3 392
392 7
7 377
377 24
24 380
380 16
104 299
299 100
100 289
289 112
112 281
281 115
115 276
276 132
132 265
265 154
154 246
246 170
170 280
280 104
115 290
290 116
116 282
282 115
239 177
177 234
234 164
164 220
220 195
195 206
206 171
171 224
224 190
190 204
204 187
187 225
225 179
179 248
248 161
161 222
222 175
175 251
251 152
152 244
244 146
146 239
159 252
252 152
152 259
259 145
145 242
242 159
89 291
291 109
109 279
279 152
152 265
265 143
143 254
254 150
150 256
256 164
164 238
238 185
185 227
227 179
179 226
226 180
180 216
216 176
176 245
245 159
159 239
239 155
155 262
262 134
134 278
278 128
128 274
274 131
131 273
273 133
133 282
282 126
126 285
285 115
115 289
289 104
104 286
286 89
58 339
339 79
79 312
312 108
108 295
295 89
89 313
313 85
85 344
344 53
53 346
346 54
54 334
334 58
4 423
423 7
7 398
398 15
15 383
383 47
47 350
350 54
54 356
356 62
62 334
334 61
61 353
353 58
58 343
343 45
45 361
361 46
46 380
380 33
33 385
385 31
31 388
388 40
40 351
351 44
44 373
373 43
43 377
377 21
21 390
390 4
21 383
383 33
33 390
390 38
38 367
367 20
20 379
379 42
42 378
378 21
318 111
111 334
334 85
85 318
322 87
87 317
317 93
93 308
308 91
91 303
303 94
94 302
302 114
114 304
304 83
83 322
88 322
322 81
81 319
319 88
76 348
348 66
66 346
346 59
59 342
342 55
55 321
321 88
88 318
318 71
71 328
328 77
77 341
341 76
391 20
20 386
386 17
17 384
384 23
23 387
387 12
12 399
399 46
46 372
372 76
76 351
351 54
54 357
357 41
41 366
366 44
44 376
376 19
19 391
382 44
44 385
385 35
35 391
391 21
21 402
402 22
22 422
422 4
4 382
1 394
394 19
19 382
382 52
52 374
374 25
25 396
396 14
14 392
392 16
16 393
393 1
397 34
34 404
404 14
14 397
382 29
29 396
396 36
36 387
387 50
50 397
397 12
12 398
398 26
26 382
70 336
336 77
77 352
352 51
51 355
355 55
55 357
357 81
81 326
326 100
100 310
310 104
104 305
305 97
97 313
313 96
96 316
316 86
86 315
315 83
83 323
323 70
330 88
88 324
324 74
74 332
332 68
68 330
288 130
130 276
276 119
119 288
167 247
247 156
156 242
242 187
187 241
241 167
174 272
272 160
160 259
259 156
156 261
261 167
167 228
228 195
195 221
221 182
182 217
217 174
199 206
206 203
203 199
174 255
255 175
175 253
253 170
170 252
252 162
162 233
233 165
165 222
222 194
194 211
211 191
191 204
204 199
199 212
212 198
198 224
224 174
110 313
313 122
122 291
291 150
150 268
268 146
146 250
250 159
159 258
258 172
172 231
231 178
178 218
218 184
184 229
229 174
174 281
281 129
129 283
283 131
131 288
288 117
117 286
286 110
339 89
89 320
320 103
103 318
318 94
94 308
308 97
97 328
328 83
83 319
319 98
98 302
302 130
130 311
311 110
110 293
293 106
106 306
306 109
109 307
307 116
116 297
297 112
112 312
312 90
90 327
327 87
87 330
330 64
64 337
337 61
61 339
339 104
104 328
328 98
98 321
321 80
80 335
335 67
67 339
338 98
98 344
344 86
86 341
341 100
100 327
327 91
91 338
158 265
265 155
155 256
256 169
169 233
233 179
179 230
230 192
192 219
219 203
203 214
214 199
199 207
207 202
202 211
211 196
196 220
220 183
183 248
248 185
185 260
260 158
264 159
159 261
261 158
158 264
157 254
254 173
173 246
246 199
199 240
240 191
191 230
230 194
194 235
235 157
223 205
205 218
218 197
197 204
204 217
217 188
188 222
222 193
193 226
226 181
181 239
239 186
186 223
202 231
231 200
200 220
220 198
198 221
221 202
242 186
186 243
243 176
176 253
253 202
202 212
212 206
206 226
226 197
197 225
225 193
193 227
227 189
189 216
216 201
201 223
223 171
171 249
249 174
174 257
257 168
168 256
256 180
180 233
233 178
178 238
238 179
179 242
138 292
292 132
132 294
294 119
119 296
296 135
135 298
298 129
129 285
285 137
137 278
278 146
146 274
274 159
159 269
269 179
179 245
245 192
192 234
234 195
195 243
243 193
193 230
230 219
219 210
210 220
220 242
242 157
157 250
250 165
165 264
264 141
141 267
267 138
120 316
316 105
105 302
302 120
126 309
309 120
120 296
296 124
124 330
330 90
90 322
322 123
123 295
295 169
169 276
276 138
138 275
275 142
142 282
282 140
140 284
284 126
273 167
167 266
266 143
143 273
228 216
216 220
220 230
230 198
198 228
232 205
205 227
227 213
213 233
233 201
201 228
228 181
181 238
238 188
188 232
261 181
181 247
247 201
201 240
240 200
200 232
232 183
183 244
244 163
163 261
273 165
165 261
261 189
189 229
229 206
206 250
250 178
178 254
254 162
162 263
263 151
151 273
275 153
153 273
273 147
147 279
279 142
142 292
292 141
141 275
138 283
283 148
148 275
275 149
149 285
285 134
134 295
295 156
156 277
277 138
297 138
138 300
300 128
128 297
119 327
327 112
112 305
305 119
293 148
148 300
300 139
139 302
302 106
106 321
321 114
114 312
312 119
119 313
313 115
115 293
290 163
163 269
269 171
171 266
266 168
168 274
274 161
161 268
268 151
151 275
275 177
177 253
253 192
192 255
255 178
178 257
257 175
175 261
261 176
176 246
246 203
203 234
234 230
230 236
236 219
219 232
232 209
209 211
211 207
207 204
204 264
264 170
170 267
267 166
166 258
258 164
164 270
270 155
155 273
273 160
160 293
293 133
133 286
286 125
125 289
289 131
131 290
214 217
217 227
227 259
259 190
190 237
237 183
183 251
251 204
204 215
215 214
218 252
252 184
184 238
238 218
188 244
244 247
247 205
205 241
241 188
271 176
176 274
274 175
175 258
258 174
174 278
278 151
151 271
214 276
276 174
174 292
292 179
179 274
274 183
183 271
271 188
188 246
246 218
218 227
227 224
224 214
224 237
237 232
232 224
214 234
234 224
224 238
238 198
198 239
239 222
222 208
208 226
226 214
196 272
272 203
203 248
248 193
193 245
245 197
197 235
235 196
244 207
207 243
243 200
200 244
196 249
249 182
182 253
253 206
206 240
240 217
217 220
220 244
244 196
261 209
209 240
240 213
213 272
272 199
199 257
257 180
180 261
266 182
182 261
261 185
185 263
263 196
196 229
229 228
228 214
214 269
269 168
168 293
293 170
170 273
273 178
178 267
267 173
173 266
229 223
223 257
257 208
208 229
200 281
281 193
193 258
258 195
195 253
253 197
197 246
246 210
210 229
229 225
225 245
245 194
194 261
261 200
118 301
301 134
134 286
286 158
158 291
291 131
131 312
312 142
142 284
284 143
143 299
299 151
151 285
285 159
159 279
279 188
188 289
289 137
137 287
287 149
149 283
283 166
166 270
270 200
200 255
255 202
202 266
266 172
172 290
290 118
331 91
91 333
333 92
92 332
332 75
75 336
336 87
87 341
341 95
95 320
320 108
108 321
321 118
118 310
310 132
132 296
296 147
147 297
297 135
135 303
303 126
126 308
308 116
116 338
338 67
67 354
354 51
51 369
369 80
80 331
339 78
78 354
354 99
99 362
362 49
49 361
361 61
61 357
357 56
56 360
360 45
45 365
365 39
39 394
394 53
53 363
363 83
83 331
331 107
107 325
325 121
121 324
324 93
93 329
329 71
71 339
401 12
12 412
412 13
13 421
421 11
11 401
42 384
384 25
25 401
401 64
64 360
360 63
63 340
340 71
71 358
358 72
72 339
339 70
70 389
389 18
18 381
381 58
58 382
382 42
405 23
23 393
393 30
30 402
402 28
28 403
403 12
12 405
405 33
33 388
388 35
35 400
400 24
24 414
414 29
29 406
406 14
14 416
416 12
12 411
411 18
18 410
410 19
19 413
413 20
20 405
376 80
80 373
373 45
45 364
364 57
57 376
68 365
365 67
67 340
340 79
79 356
356 71
71 368
368 85
85 355
355 68
49 381
381 43
43 390
390 35
35 392
392 68
68 376
376 49
329 135
135 304
304 134
134 308
308 129
129 329
296 145
145 288
288 144
144 294
294 133
133 296
113 320
320 126
126 305
305 134
134 311
311 173
173 275
275 168
168 296
296 146
146 316
316 131
131 329
329 96
96 319
319 113
388 56
56 363
363 70
70 346
346 90
90 341
341 102
102 337
337 88
88 356
356 103
103 332
332 113
113 331
331 108
108 379
379 49
49 388
51 371
371 69
69 357
357 62
62 372
372 65
65 349
349 88
88 364
364 51
384 57
57 383
383 41
41 404
404 55
55 377
377 51
51 367
367 60
60 394
394 43
43 396
396 49
49 403
403 44
44 384
69 378
378 65
65 377
377 61
61 367
367 81
81 368
368 72
72 372
372 73
73 343
343 79
79 374
374 69
89 343
343 110
110 319
319 116
116 323
323 94
94 336
336 93
93 380
380 66
66 349
349 78
78 347
347 98
98 342
342 89
89 349
349 79
79 350
350 97
97 333
333 124
124 306
306 130
130 313
313 120
120 320
320 115
115 328
328 111
111 339
339 74
74 357
357 90
90 353
353 78
78 351
351 84
84 345
345 89
83 374
374 92
92 347
347 89
89 368
368 83
391 47
47 386
386 60
60 392
392 67
67 377
377 80
80 382
382 66
66 381
381 83
83 393
393 52
52 398
398 30
30 408
408 32
32 407
407 54
54 370
370 104
104 344
344 105
105 358
358 77
77 376
376 69
69 384
384 59
59 388
388 37
37 405
405 31
31 401
401 42
42 391
10 423
423 18
18 420
420 8
8 418
418 30
30 410
410 46
46 400
400 45
45 391
391 38
38 415
415 10
314 156
156 301
301 161
161 295
295 144
144 314
343 127
127 327
327 129
129 310
310 128
128 307
307 130
130 330
330 145
145 314
314 106
106 335
335 96
96 343
100 349
349 93
93 348
348 100
100 368
368 90
90 361
361 100
370 86
86 350
350 95
95 347
347 112
112 348
348 98
98 353
353 93
93 376
376 100
100 343
343 91
91 357
357 78
78 367
367 74
74 346
346 75
75 385
385 57
57 399
399 49
49 405
405 62
62 370
365 88
88 366
366 78
78 370
370 70
70 365
28 421
421 53
53 404
404 64
64 408
408 35
35 406
406 34
34 401
401 37
37 410
410 42
42 402
402 47
47 396
396 75
75 365
365 71
71 359
359 79
79 375
375 77
77 387
387 41
41 395
395 25
25 409
409 31
31 414
414 28
417 28
28 411
411 24
24 417
417 41
41 409
409 32
32 423
423 20
20 420
420 31
31 417
36 420
420 25
25 413
413 36
63 405
405 50
50 395
395 71
71 369
369 82
82 372
372 84
84 389
389 73
73 383
383 63
72 402
402 71
71 396
396 60
60 391
391 66
66 390
390 80
80 397
397 52
52 421
421 47
47 413
413 59
59 386
386 72
415 57
57 401
401 39
39 415
68 415
415 43
43 410
410 58
58 399
399 66
66 403
403 61
61 400
400 68
63 413
413 62
62 409
409 51
51 407
407 45
45 406
406 66
66 411
411 76
76 391
391 83
83 388
388 70
70 405
405 77
77 398
398 72
72 371
371 81
81 392
392 63
115 341
341 109
109 321
321 116
116 336
336 114
114 325
325 118
118 338
338 119
119 337
337 131
131 322
322 115
343 109
109 342
342 102
102 343
306 144
144 327
327 140
140 306
164 282
282 168
168 306
306 136
136 303
303 143
143 286
286 165
165 291
291 159
159 288
288 162
162 265
265 164
287 176
176 299
299 164
164 284
284 152
152 287
304 168
168 287
287 187
187 274
274 181
181 262
262 186
186 292
292 183
183 309
309 139
139 304
325 126
126 336
336 122
122 325
337 129
129 328
328 121
121 334
334 136
136 308
308 149
149 310
310 130
130 315
315 120
120 337
381 78
78 401
401 60
60 407
407 74
74 378
378 86
86 408
408 80
80 398
398 96
96 355
355 93
93 366
366 91
91 346
346 110
110 354
354 122
122 337
337 125
125 323
323 139
139 325
325 147
147 304
304 158
158 301
301 163
163 320
320 133
133 313
313 132
132 333
333 111
111 384
384 112
112 367
367 88
88 372
372 114
114 343
343 118
118 332
332 115
115 390
390 69
69 381
87 423
423 53
53 422
422 27
27 418
418 45
45 410
410 70
70 420
420 54
54 414
414 59
59 416
416 49
49 406
406 81
81 377
377 88
88 381
381 95
95 361
361 101
101 389
389 103
103 360
360 107
107 356
356 97
97 352
352 98
98 350
350 87
339 123
123 338
338 120
120 339
138 330
330 141
141 312
312 137
137 303
303 138
288 177
177 278
278 199
199 287
287 174
174 288
286 196
196 282
282 175
175 314
314 159
159 316
316 201
201 256
256 192
192 284
284 166
166 286
182 291
291 185
185 280
280 204
204 260
260 197
197 258
258 206
206 255
255 205
205 283
283 167
167 277
277 172
172 293
293 192
192 271
271 184
184 262
262 202
202 265
265 189
189 286
286 182
94 374
374 85
85 377
377 90
90 383
383 91
91 373
373 94
87 415
415 85
85 375
375 84
84 388
388 94
94 326
326 117
117 353
353 132
132 319
319 153
153 302
302 148
148 313
313 187
187 290
290 182
182 288
288 171
171 297
297 150
150 317
317 138
138 339
339 113
113 345
345 105
105 347
347 109
109 355
355 142
142 332
332 139
139 351
351 102
102 363
363 87
263 210
210 253
253 238
238 228
228 248
248 219
219 241
241 215
215 264
264 205
205 263
212 226
226 220
220 233
233 231
231 211
211 212
240 233
233 229
229 242
242 227
227 221
221 212
212 243
243 228
228 240
214 254
254 224
224 246
246 198
198 280
280 197
197 268
268 205
205 282
282 199
199 288
288 220
220 235
235 242
242 236
236 234
234 221
221 262
262 211
211 239
239 240
240 214
191 289
289 198
198 249
249 214
214 255
255 217
217 260
260 207
207 290
290 189
189 273
273 237
237 248
248 263
263 191
304 161
161 302
302 157
157 304
165 325
325 154
154 285
285 202
202 267
267 211
211 268
268 213
213 275
275 195
195 304
304 177
177 300
300 180
180 270
270 221
221 250
250 215
215 251
251 226
226 274
274 191
191 279
279 178
178 298
298 165
150 332
332 160
160 311
311 146
146 307
307 151
151 321
321 143
143 342
342 120
120 345
345 165
165 318
318 138
138 341
341 130
130 323
323 137
137 315
315 150
344 123
123 349
349 109
109 362
362 108
108 344
111 364
364 102
102 385
385 95
95 387
387 88
88 401
401 103
103 403
403 90
90 381
381 92
92 388
388 104
104 374
374 120
120 378
378 97
97 359
359 111
152 326
326 191
191 295
295 166
166 312
312 152
268 244
244 254
254 218
218 256
256 217
217 268
291 200
200 273
273 205
205 279
279 195
195 291
215 272
272 216
216 239
239 225
225 235
235 231
231 249
249 212
212 291
291 206
206 282
282 211
211 271
271 218
218 255
255 268
268 228
228 265
265 210
210 270
270 208
208 261
261 215
230 255
255 227
227 243
243 231
231 250
250 225
225 241
241 230
209 282
282 236
236 256
256 224
224 275
275 239
239 223
223 252
252 230
230 267
267 209
328 163
163 302
302 181
181 301
301 190
190 277
277 209
209 266
266 215
215 280
280 203
203 285
285 155
155 303
303 170
170 313
313 152
152 323
323 143
143 331
331 146
146 328
134 334
334 152
152 324
324 173
173 313
313 181
181 303
303 178
178 300
300 189
189 293
293 179
179 312
312 169
169 328
328 134
355 118
118 357
357 110
110 372
372 99
99 375
375 105
105 352
352 119
119 343
343 134
134 336
336 135
135 335
335 121
121 350
350 113
113 360
360 111
111 355
381 100
100 383
383 99
99 381
133 343
343 151
151 327
327 173
173 325
325 168
168 315
315 161
161 335
335 139
139 381
381 132
132 355
355 115
115 344
344 149
149 330
330 159
159 333
333 150
150 322
322 133
113 377
377 93
93 365
365 113
87 406
406 79
79 369
369 113
113 352
352 117
117 344
344 137
137 337
337 133
133 340
340 106
106 399
399 84
84 411
411 72
72 405
405 87
63 409
409 87
87 394
394 63
412 67
67 400
400 63
63 412
61 410
410 64
64 409
409 66
66 407
407 61
91 406
406 96
96 400
400 91
413 115
115 356
356 118
118 361
361 98
98 380
380 127
127 345
345 128
128 357
357 121
121 382
382 101
101 418
418 64
64 413
421 83
83 405
405 75
75 404
404 69
69 413
413 88
88 420
420 91
91 386
386 95
95 398
398 97
97 395
395 65
65 421
344 129
129 348
348 148
148 307
307 155
155 360
360 118
118 364
364 124
124 344
166 323
323 172
172 315
315 169
169 327
327 164
164 305
305 162
162 322
322 194
194 277
277 207
207 296
296 186
186 307
307 166
338 144
144 339
339 152
152 337
337 153
153 321
321 157
157 310
310 171
171 333
333 170
170 324
324 155
155 308
308 166
166 329
329 143
143 338
109 369
369 130
130 356
356 123
123 353
353 146
146 338
338 135
135 344
344 131
131 363
363 109
340 157
157 331
331 156
156 340
166 335
335 171
171 326
326 162
162 330
330 168
168 337
337 154
154 332
332 166
383 116
116 400
400 114
114 388
388 105
105 397
397 102
102 373
373 118
118 371
371 119
119 403
403 107
107 370
370 138
138 348
348 137
137 363
363 155
155 344
344 141
141 379
379 140
140 334
334 145
145 339
339 166
166 340
340 136
136 349
349 125
125 358
358 122
122 359
359 135
135 347
347 106
106 383
404 120
120 375
375 108
108 409
409 86
86 393
393 113
113 383
383 109
109 420
420 89
89 405
405 90
90 404
110 370
370 124
124 366
366 110
167 341
341 164
164 344
344 182
182 305
305 184
184 311
311 167
130 385
385 119
119 384
384 167
167 376
376 139
139 343
343 154
154 361
361 147
147 356
356 137
137 353
353 126
126 377
377 130
363 150
150 334
334 143
143 350
350 125
125 364
364 126
126 380
380 118
118 390
390 134
134 355
355 133
133 346
346 141
141 363
371 145
145 347
347 151
151 363
363 157
157 342
342 170
170 349
349 149
149 377
377 128
128 383
383 130
130 371
401 109
109 386
386 98
98 422
422 69
69 410
410 90
90 407
407 138
138 371
371 122
122 406
406 105
105 398
398 104
104 401
242 252
252 255
255 235
235 250
250 232
232 269
269 215
215 277
277 256
256 248
248 242
309 197
197 284
284 226
226 257
257 231
231 245
245 274
274 243
243 262
262 223
223 253
253 222
222 322
322 175
175 302
302 186
186 309
305 189
189 309
309 185
185 305
297 199
199 303
303 188
188 301
301 196
196 298
298 183
183 297
203 292
292 206
206 299
299 214
214 297
297 204
204 288
288 203
285 250
250 258
258 212
212 285
293 233
233 264
264 232
232 251
251 266
266 222
222 285
285 211
211 290
290 208
208 289
289 203
203 305
305 213
213 271
271 224
224 283
283 242
242 246
246 229
229 272
272 218
218 293
277 219
219 284
284 210
210 289
289 212
212 287
287 221
221 298
298 203
203 321
321 202
202 295
295 195
195 294
294 217
217 277
278 232
232 273
273 230
230 286
286 205
205 281
281 218
218 306
306 180
180 323
323 175
175 337
337 183
183 315
315 193
193 301
301 236
236 289
289 268
268 259
259 264
264 241
241 234
234 279
279 224
224 298
298 244
244 276
276 251
251 245
245 253
253 240
240 277
277 228
228 278
246 265
265 245
245 254
254 266
266 255
255 262
262 249
249 246
207 292
292 222
222 284
284 266
266 271
271 235
235 282
282 229
229 261
261 257
257 252
252 246
246 267
267 234
234 290
290 230
230 278
278 207
316 174
174 330
330 169
169 316
158 310
310 185
185 313
313 203
203 316
316 184
184 312
312 195
195 301
301 208
208 294
294 218
218 307
307 207
207 288
288 227
227 293
293 198
198 308
308 158
358 158
158 336
336 156
156 367
367 131
131 358
146 358
358 141
141 355
355 146
370 121
121 372
372 111
111 411
411 93
93 423
423 97
97 402
402 78
78 391
391 101
101 395
395 106
106 414
414 114
114 408
408 96
96 407
407 129
129 369
369 117
117 370
99 402
402 112
112 391
391 108
108 398
398 147
147 370
370 146
146 375
375 137
137 366
366 126
126 401
401 99
345 182
182 348
348 159
159 339
339 153
153 366
366 152
152 350
350 160
160 345
314 189
189 311
311 197
197 326
326 188
188 320
320 174
174 327
327 179
179 314
276 258
258 270
270 245
245 276
267 271
271 276
276 254
254 247
247 267
262 267
267 249
249 263
263 262
260 270
270 275
275 255
255 281
281 240
240 273
273 248
248 265
265 260
253 265
265 261
261 253
291 227
227 294
294 249
249 277
277 253
253 278
278 260
260 225
225 291
211 311
311 207
207 308
308 235
235 288
288 245
245 272
272 246
246 273
273 252
252 280
280 256
256 291
291 230
230 305
305 223
223 287
287 243
243 282
282 262
262 257
257 292
292 211
345 178
178 337
337 184
184 323
323 181
181 317
317 211
211 295
295 218
218 313
313 190
190 314
314 185
185 343
343 164
164 345
351 181
181 329
329 173
173 351
312 198
198 326
326 206
206 317
317 195
195 319
319 176
176 302
302 196
196 312
315 227
227 311
311 229
229 312
312 192
192 315
319 205
205 300
300 200
200 319
186 323
323 208
208 319
319 198
198 315
315 186
174 339
339 161
161 332
332 201
201 318
318 186
186 325
325 174
166 360
360 168
168 334
334 189
189 333
333 173
173 342
342 175
175 339
339 183
183 349
349 172
172 366
366 188
188 331
331 174
174 351
351 166
163 361
361 186
186 344
344 196
196 329
329 194
194 338
338 156
156 357
357 166
166 345
345 163
357 194
194 345
345 189
189 357
193 333
333 190
190 331
331 198
198 323
323 197
197 327
327 177
177 335
335 192
192 343
343 209
209 314
314 234
234 300
300 214
214 319
319 215
215 315
315 203
203 325
325 193
374 144
144 381
381 166
166 358
358 149
149 353
353 193
193 357
357 164
164 346
346 178
178 377
377 156
156 379
379 163
163 380
380 142
142 382
382 122
122 372
372 133
133 373
373 123
123 391
391 132
132 383
383 131
131 374
392 130
130 408
408 116
116 386
386 149
149 382
382 153
153 353
353 151
151 374
374 158
158 359
359 141
141 371
371 155
155 387
387 98
98 392
404 126
126 388
388 121
121 407
407 106
106 415
415 101
101 396
396 164
164 365
365 161
161 352
352 143
143 397
397 123
123 392
392 108
108 413
413 94
94 405
405 110
110 404
416 112
112 404
404 82
82 416
412 103
103 416
416 88
88 421
421 71
71 412
125 393
393 122
122 396
396 143
143 388
388 148
148 368
368 125
137 390
390 125
125 421
421 104
104 410
410 128
128 400
400 139
139 395
395 150
150 378
378 144
144 406
406 123
123 404
404 134
134 407
407 142
142 385
385 137
394 141
141 364
364 159
159 392
392 125
125 418
418 129
129 415
415 108
108 405
405 117
117 409
409 137
137 402
402 109
109 422
422 100
100 423
423 95
95 394
127 413
413 138
138 423
423 124
124 398
398 130
130 399
399 131
131 391
391 144
144 386
386 127
405 127
127 389
389 111
111 405
171 358
358 196
196 351
351 198
198 333
333 199
199 326
326 204
204 341
341 171
355 171
171 350
350 154
154 355
177 342
342 176
176 328
328 185
185 334
334 173
173 336
336 177
169 361
361 200
200 301
301 233
233 296
296 248
248 286
286 238
238 288
288 242
242 314
314 212
212 304
304 214
214 328
328 211
211 335
335 185
185 366
366 177
177 340
340 180
180 332
332 174
174 367
367 170
170 355
355 182
182 354
354 169
203 349
349 219
219 309
309 216
216 328
328 218
218 320
320 195
195 331
331 202
202 339
339 187
187 332
332 203
347 183
183 340
340 187
187 342
342 184
184 354
354 201
201 343
343 203
203 350
350 180
180 347
178 353
353 185
185 347
347 178
356 183
183 369
369 180
180 361
361 178
178 375
375 160
160 359
359 172
172 352
352 198
198 355
355 189
189 346
346 179
179 356
362 178
178 371
371 173
173 387
387 159
159 379
379 182
182 356
356 154
154 383
383 136
136 362
221 319
319 222
222 301
301 221
299 225
225 284
284 247
247 279
279 241
241 269
269 263
263 264
264 306
306 221
221 299
358 192
192 344
344 187
187 359
359 176
176 367
367 189
189 358
346 191
191 358
358 174
174 360
360 226
226 319
319 232
232 298
298 228
228 304
304 220
220 315
315 216
216 333
333 224
224 321
321 205
205 324
324 225
225 302
302 239
239 290
290 240
240 299
299 231
231 295
295 237
237 303
303 210
210 334
334 190
190 346
338 205
205 346
346 199
199 336
336 204
204 332
332 211
211 340
340 195
195 338
243 303
303 238
238 293
293 243
286 259
259 269
269 284
284 246
246 288
288 264
264 267
267 282
282 272
272 261
261 287
287 251
251 300
300 249
249 303
303 252
252 286
295 246
246 297
297 230
230 294
294 259
259 290
290 245
245 295
165 363
363 172
172 374
374 190
190 342
342 204
204 349
349 210
210 317
317 250
250 289
289 251
251 295
295 260
260 286
286 266
266 296
296 243
243 307
307 244
244 301
301 231
231 315
315 223
223 338
338 197
197 362
362 165
417 110
110 416
416 120
120 409
409 132
132 396
396 165
165 365
365 169
169 384
384 133
133 405
405 156
156 388
388 152
152 394
394 98
98 412
412 46
46 417
373 196
196 364
364 181
181 353
353 202
202 342
342 195
195 373
318 228
228 333
333 217
217 318
247 294
294 256
256 288
288 247
275 281
281 296
296 276
276 275
342 231
231 309
309 246
246 299
299 272
272 288
288 261
261 279
279 286
286 267
267 290
290 284
284 275
275 283
283 258
258 280
280 254
254 277
277 255
255 312
312 233
233 302
302 241
241 293
293 247
247 341
341 222
222 325
325 227
227 316
316 235
235 318
318 212
212 342
221 334
334 228
228 326
326 233
233 320
320 230
230 322
322 229
229 329
329 237
237 316
316 239
239 328
328 225
225 346
346 208
208 331
331 215
215 340
340 235
235 339
339 211
211 353
353 213
213 332
332 221
255 294
294 270
270 273
273 301
301 263
263 274
274 269
269 299
299 285
285 271
271 279
279 278
278 255
206 358
358 207
207 327
327 220
220 308
308 258
258 317
317 259
259 300
300 272
272 307
307 253
253 293
293 255
255 344
344 221
221 342
342 206
168 383
383 183
183 371
371 197
197 347
347 199
199 354
354 202
202 356
356 185
185 380
380 176
176 363
363 191
191 365
365 168
385 168
168 381
381 146
146 385
370 180
180 383
383 175
175 374
374 200
200 364
364 213
213 379
379 189
189 386
386 154
154 400
400 141
141 395
395 151
151 382
382 161
161 385
385 157
157 378
378 179
179 352
352 208
208 351
351 205
205 348
348 206
206 337
337 216
216 373
373 162
162 370
390 180
180 374
374 186
186 370
370 169
169 390
393 155
155 411
411 133
133 393
148 399
399 136
136 404
404 154
154 393
393 149
149 401
401 172
172 368
368 187
187 363
363 184
184 391
391 148
140 409
409 136
136 405
405 148
148 389
389 152
152 397
397 177
177 390
390 140
393 185
185 361
361 198
198 385
385 167
167 393
230 330
330 212
212 324
324 230
236 305
305 249
249 325
325 232
232 324
324 245
245 309
309 269
269 277
277 293
293 283
283 292
292 268
268 310
310 247
247 304
304 236
369 191
191 383
383 187
187 369
410 122
122 416
416 128
128 419
419 180
180 395
395 146
146 402
402 173
173 384
384 186
186 394
394 153
153 397
397 169
169 389
389 163
163 382
382 181
181 367
367 184
184 368
368 199
199 366
366 204
204 357
357 195
195 360
360 206
206 369
369 198
198 362
362 246
246 321
321 241
241 319
319 249
249 308
308 236
236 340
340 233
233 333
333 230
230 345
345 203
203 352
352 218
218 347
347 217
217 378
378 174
174 376
376 170
170 393
393 158
158 403
403 131
131 414
414 140
140 420
420 121
121 410
146 408
408 164
164 409
409 141
141 405
405 146
407 150
150 404
404 147
147 408
408 160
160 421
421 148
148 407
161 400
400 159
159 396
396 161
153 406
406 157
157 402
402 149
149 405
405 163
163 397
397 187
187 401
401 177
177 408
408 161
161 388
388 174
174 399
399 153
417 139
139 423
423 158
158 419
419 145
145 413
413 153
153 404
404 151
151 407
407 146
146 410
410 111
111 417
130 422
422 153
153 418
418 127
127 416
416 130
155 415
415 152
152 398
398 155
175 387
387 182
182 384
384 175
166 414
414 157
157 407
407 178
178 399
399 175
175 392
392 166
170 410
410 166
166 388
388 170
298 279
279 288
288 274
274 298
214 354
354 222
222 364
364 202
202 355
355 240
240 332
332 248
248 319
319 247
247 337
337 215
215 349
349 227
227 335
335 234
234 322
322 252
252 304
304 260
260 312
312 257
257 295
295 301
301 298
298 251
251 314
314 258
258 358
358 209
209 350
350 224
224 353
353 214
210 370
370 203
203 374
374 214
214 351
351 210
192 375
375 200
200 387
387 189
189 380
380 210
210 352
352 223
223 368
368 192
380 202
202 371
371 198
198 372
372 184
184 376
376 220
220 348
348 217
217 349
349 216
216 356
356 208
208 359
359 194
194 380
242 315
315 243
243 305
305 242
273 294
294 277
277 290
290 300
300 266
266 344
344 286
286 282
282 273
273 302
302 255
255 304
304 256
256 319
319 251
251 323
323 254
254 329
329 268
268 312
312 262
262 289
289 273
331 273
273 305
305 263
263 320
320 242
242 331
253 316
316 260
260 311
311 253
313 280
280 281
281 311
311 261
261 321
321 257
257 324
324 276
276 299
299 277
277 313
295 302
302 282
282 295
348 245
245 354
354 218
218 356
356 221
221 348
205 374
374 222
222 355
355 229
229 348
348 236
236 326
326 255
255 303
303 279
279 304
304 296
296 283
283 299
299 297
297 295
295 264
264 291
291 290
290 313
313 253
253 331
331 212
212 360
360 215
215 369
369 207
207 365
365 205
350 239
239 326
326 243
243 346
346 230
230 350
308 292
292 288
288 294
294 274
274 308
310 274
274 323
323 259
259 322
322 238
238 318
318 269
269 310
361 239
239 360
360 225
225 364
364 223
223 355
355 238
238 345
345 243
243 343
343 261
261 324
324 270
270 320
320 265
265 291
291 304
304 302
302 298
298 310
310 282
282 308
308 267
267 350
350 216
216 372
372 199
199 384
384 183
183 414
414 169
169 398
398 182
182 388
388 205
205 361
352 247
247 333
333 249
249 353
353 228
228 336
336 270
270 359
359 212
212 352
361 230
230 352
352 224
224 376
376 199
199 383
383 225
225 361
257 342
342 249
249 339
339 242
242 336
336 257
361 257
257 347
347 237
237 338
338 259
259 329
329 260
260 330
330 232
232 349
349 233
233 361
291 306
306 278
278 291
297 319
319 269
269 324
324 287
287 281
281 314
314 279
279 320
320 284
284 308
308 298
298 304
304 305
305 277
277 307
307 297
340 264
264 329
329 297
297 321
321 291
291 293
293 322
322 285
285 318
318 288
288 330
330 272
272 309
309 263
263 315
315 253
253 340
250 343
343 270
270 337
337 250
348 250
250 346
346 249
249 348
209 363
363 248
248 341
341 253
253 332
332 260
260 352
352 252
252 326
326 258
258 316
316 266
266 315
315 271
271 336
336 305
305 330
330 292
292 312
312 289
289 324
324 282
282 325
325 254
254 333
333 267
267 317
317 275
275 348
348 256
256 340
340 244
244 361
361 209
402 209
209 380
380 192
192 395
395 188
188 400
400 175
175 403
403 171
171 402
192 390
390 179
179 399
399 189
189 388
388 192
200 388
388 211
211 363
363 218
218 379
379 217
217 380
380 232
232 355
355 231
231 374
374 208
208 367
367 201
201 383
383 200
397 198
198 391
391 186
186 389
389 200
200 390
390 203
203 375
375 197
197 397
371 249
249 351
351 233
233 379
379 219
219 371
226 372
372 223
223 369
369 228
228 371
371 226
356 251
251 343
343 254
254 328
328 274
274 368
368 231
231 362
362 221
221 370
370 242
242 356
234 362
362 251
251 360
360 243
243 356
356 234
366 234
234 373
373 226
226 367
367 212
212 365
365 235
235 363
363 216
216 366
402 195
195 377
377 223
223 375
375 233
233 366
366 213
213 397
397 192
192 404
404 172
172 405
405 167
167 406
406 176
176 402
417 161
161 419
419 197
197 402
402 170
170 409
409 173
173 413
413 159
159 416
416 142
142 412
412 144
144 417
199 385
385 204
204 415
415 167
167 423
423 181
181 392
392 203
203 396
396 206
206 391
391 202
202 383
383 208
208 381
381 199
382 213
213 398
398 194
194 395
395 210
210 382
382 224
224 384
384 208
208 391
391 213
213 387
387 216
216 382
236 370
370 244
244 349
349 236
328 290
290 320
320 288
288 327
327 255
255 335
335 267
267 341
341 294
294 293
293 308
308 317
317 279
279 328
329 279
279 323
323 310
310 311
311 302
302 312
312 325
325 285
285 328
328 266
266 329
259 369
369 227
227 357
357 283
283 316
316 307
307 300
300 309
309 281
281 315
315 299
299 293
293 326
326 263
263 335
335 262
262 339
339 290
290 337
337 273
273 334
334 329
329 287
287 349
349 245
245 380
380 231
231 375
375 228
228 385
385 222
222 378
378 239
239 364
364 241
241 338
338 272
272 342
342 259
333 266
266 347
347 260
260 333
343 274
274 333
333 268
268 332
332 271
271 343
259 357
357 265
265 345
345 273
273 343
343 259
356 288
288 335
335 276
276 354
354 253
253 356
189 423
423 177
177 407
407 188
188 410
410 182
182 403
403 220
220 397
397 224
224 383
383 214
214 396
396 241
241 376
376 260
260 353
353 256
256 356
356 259
259 367
367 238
238 362
362 254
254 372
372 251
251 366
366 236
236 382
382 190
190 394
394 207
207 406
406 172
172 411
411 189
199 408
408 178
178 412
412 189
189 400
400 193
193 386
386 199
212 420
420 204
204 390
390 216
216 411
411 183
183 392
392 212
405 210
210 406
406 208
208 390
390 222
222 386
386 226
226 381
381 219
219 407
407 193
193 405
410 210
210 414
414 208
208 408
408 220
220 405
405 215
215 401
401 233
233 391
391 217
217 395
395 212
212 412
412 202
202 409
409 198
198 399
399 203
203 410
373 254
254 371
371 234
234 377
377 250
250 370
370 246
246 383
383 245
245 373
302 342
342 287
287 332
332 302
298 322
322 332
332 291
291 337
337 296
296 324
324 293
293 344
344 270
270 355
355 258
258 375
375 234
234 381
381 248
248 376
376 246
246 379
379 256
256 363
363 261
261 346
346 262
262 370
370 269
269 340
340 271
271 341
341 284
284 350
350 302
302 316
316 298
303 324
324 316
316 330
330 308
308 303
292 349
349 290
290 350
350 303
303 295
295 313
313 334
334 292
313 321
321 307
307 319
319 304
304 306
306 313
320 313
313 324
324 311
311 323
323 281
281 340
340 295
295 338
338 292
292 341
341 272
272 363
363 257
257 366
366 255
255 331
331 298
298 320
335 307
307 327
327 300
300 335
352 277
277 336
336 278
278 354
354 281
281 331
331 311
311 333
333 309
309 306
306 322
322 335
335 321
321 320
320 315
315 318
318 299
299 362
362 259
259 371
371 264
264 352
219 394
394 238
238 381
381 256
256 386
386 230
230 365
365 265
265 360
360 300
300 350
350 298
298 336
336 310
310 328
328 293
293 356
356 258
258 361
361 266
266 352
352 263
263 373
373 247
247 387
387 219
228 404
404 232
232 412
412 245
245 403
403 203
203 409
409 219
219 389
389 228
416 227
227 408
408 211
211 399
399 216
216 401
401 230
230 404
404 239
239 385
385 251
251 394
394 234
234 378
378 223
223 390
390 228
228 410
410 192
192 400
400 207
207 402
402 199
199 416
164 421
421 179
179 393
393 260
260 382
382 250
250 379
379 261
261 415
415 207
207 409
409 212
212 419
419 231
231 399
399 222
222 416
416 164
413 209
209 421
421 192
192 418
418 183
183 413
414 219
219 423
423 228
228 392
392 218
218 393
393 214
214 414
417 214
214 419
419 216
216 414
414 213
213 413
413 206
206 422
422 187
187 417
406 247
247 374
374 258
258 372
372 255
255 381
381 272
272 345
345 293
293 343
343 301
301 385
385 257
257 399
399 234
234 406
396 237
237 406
406 230
230 420
420 225
225 414
414 223
223 396
250 397
397 248
248 389
389 249
249 387
387 250
395 250
250 390
390 236
236 395
393 246
246 377
377 288
288 372
372 270
270 365
365 286
286 353
353 271
271 392
392 236
236 393
255 379
379 279
279 360
360 278
278 359
359 274
274 363
363 277
277 361
361 281
281 365
365 280
280 377
377 255
401 258
258 380
380 255
255 401
371 275
275 339
339 276
276 351
351 273
273 379
379 265
265 371
241 405
405 261
261 399
399 280
280 371
371 267
267 357
357 263
263 401
401 250
250 403
403 251
251 393
393 249
249 404
404 241
332 328
328 312
312 317
317 363
363 301
301 345
345 325
325 327
327 332
340 297
297 338
338 332
332 339
339 307
307 337
337 304
304 356
356 303
303 360
360 282
282 340
317 334
334 316
316 331
331 317
273 364
364 293
293 365
365 296
296 349
349 317
317 314
314 350
350 311
311 338
338 308
308 345
345 318
318 322
322 340
340 291
291 347
347 292
292 355
355 273
314 338
338 312
312 336
336 314
305 355
355 314
314 337
337 310
310 345
345 309
309 349
349 297
297 359
359 285
285 351
351 284
284 348
348 276
276 367
367 268
268 346
346 289
289 354
354 305
395 298
298 358
358 297
297 353
353 312
312 351
351 309
309 360
360 347
347 308
308 361
361 305
305 357
357 273
273 370
370 274
274 382
382 264
264 400
400 236
236 410
410 247
247 414
414 239
239 409
409 241
241 407
407 256
256 406
406 238
238 395
396 262
262 384
384 255
255 395
395 260
260 396
244 398
398 266
266 384
384 263
263 396
396 244
402 260
260 421
421 250
250 416
416 237
237 418
418 236
236 402
412 266
266 402
402 244
244 412
264 391
391 274
274 408
408 252
252 383
383 269
269 394
394 263
263 390
390 264
375 267
267 386
386 268
268 380
380 259
259 375
375 291
291 352
352 290
290 380
380 278
278 375
381 302
302 358
358 303
303 366
366 292
292 380
380 291
291 391
391 284
284 375
375 281
281 384
384 277
277 394
394 270
270 374
374 275
275 381
246 411
411 220
220 422
422 255
255 403
403 280
280 404
404 319
319 359
359 308
308 358
358 312
312 366
366 311
311 362
362 325
325 367
367 303
303 380
380 294
294 364
364 276
276 415
415 274
274 406
406 259
259 383
383 282
282 373
373 273
273 387
387 287
287 381
381 265
265 389
389 269
269 396
396 264
264 405
405 246
258 422
422 249
249 411
411 261
261 407
407 257
257 419
419 234
234 413
413 258
412 260
260 410
410 238
238 423
423 258
258 418
418 264
264 409
409 246
246 412
306 388
388 275
275 382
382 305
305 376
376 296
296 373
373 289
289 368
368 293
293 375
375 304
304 353
353 307
307 356
356 321
321 342
342 306
320 331
331 324
324 320
343 334
334 320
320 344
344 315
315 360
360 310
310 352
352 306
306 370
370 299
299 364
364 312
312 361
361 326
326 338
338 316
316 343
341 348
348 351
351 324
324 341
320 357
357 317
317 384
384 303
303 368
368 292
292 369
369 308
308 380
380 338
338 342
342 331
331 327
327 341
341 330
330 350
350 320
282 419
419 280
280 410
410 263
263 397
397 271
271 405
405 273
273 400
400 276
276 386
386 282
269 413
413 282
282 394
394 318
318 349
349 339
339 361
361 320
320 343
343 365
365 300
300 374
374 285
285 398
398 269
412 272
272 399
399 279
279 406
406 278
278 423
423 256
256 411
411 252
252 420
420 269
269 412
379 289
289 389
389 268
268 402
402 285
285 382
382 299
299 390
390 288
288 379
379 292
292 395
395 293
293 382
382 306
306 354
354 290
290 379
409 279
279 400
400 275
275 409
291 393
393 268
268 422
422 283
283 409
409 298
298 396
396 284
284 392
392 325
325 377
377 304
304 379
379 281
281 387
387 291
417 270
270 403
403 284
284 402
402 271
271 418
418 265
265 407
407 291
291 383
383 301
301 364
364 335
335 336
336 341
341 344
344 346
346 313
313 376
376 308
308 374
374 315
315 358
358 329
329 340
340 328
328 343
343 322
322 381
381 307
307 394
394 286
286 412
412 254
254 417
327 358
358 317
317 364
364 333
333 327
327 377
377 337
337 343
343 340
340 390
390 307
307 393
393 305
305 399
399 287
287 403
403 292
292 389
389 349
349 345
345 327
275 411
411 289
289 387
387 308
308 403
403 294
294 386
386 311
311 370
370 314
314 366
366 327
327 380
380 310
310 408
408 275
401 301
301 392
392 297
297 401
300 396
396 314
314 379
379 313
313 378
378 296
296 389
389 302
302 385
385 306
306 392
392 312
312 373
373 300
407 318
318 395
395 300
300 401
401 286
286 407
341 354
354 345
345 375
375 353
353 350
350 341
355 341
341 357
357 323
323 355
336 360
360 331
331 352
352 378
378 323
323 362
362 345
345 357
357 342
342 354
354 348
348 355
355 336
339 360
360 341
341 374
374 324
324 359
359 339
372 339
339 362
362 336
336 377
377 330
330 368
368 317
317 369
369 309
309 372
366 342
342 361
361 344
344 362
362 340
340 367
367 329
329 381
381 339
339 394
394 321
321 366
385 315
315 392
392 309
309 396
396 366
366 331
331 363
363 332
332 376
376 333
333 383
383 299
299 400
400 313
313 382
382 310
310 385
373 365
365 345
345 364
364 341
341 367
367 343
343 394
394 375
375 362
362 356
356 348
348 360
360 373
392 324
324 382
382 345
345 388
388 315
315 408
408 320
320 395
395 328
328 369
369 346
346 354
354 380
380 331
331 368
368 336
336 376
376 356
356 364
364 373
373 317
317 392
276 418
418 297
297 398
398 315
315 389
389 341
341 392
392 330
330 385
385 326
326 372
372 290
290 407
407 277
277 413
413 276
290 420
420 285
285 406
406 284
284 410
410 294
294 412
412 290
398 306
306 386
386 299
299 398
404 302
302 398
398 312
312 399
399 329
329 379
379 323
323 406
406 310
310 397
397 337
337 396
396 317
317 402
402 295
295 404
405 295
295 411
411 304
304 410
410 299
299 404
404 303
303 409
409 288
288 405
416 302
302 405
405 287
287 418
418 290
290 416
417 288
288 418
418 311
311 391
391 308
308 416
416 275
275 417
417 313
313 404
404 312
312 413
413 323
323 403
403 309
309 416
416 329
329 405
405 338
338 393
393 322
322 421
421 284
284 423
423 304
304 419
419 308
308 409
409 321
321 398
398 325
325 395
395 326
326 397
397 317
317 422
422 305
305 417
417 322
322 409
409 309
309 417
358 383
383 357
357 358
372 361
361 363
363 344
344 382
382 342
342 384
384 335
335 372
354 369
369 372
372 358
358 352
352 354
330 405
405 332
332 379
379 348
348 368
368 376
376 354
354 367
367 390
390 343
343 389
389 334
334 399
399 314
314 401
401 317
317 404
404 330
379 369
369 363
363 364
364 378
378 365
365 379
371 368
368 352
352 359
359 371
400 339
339 385
385 372
372 376
376 380
380 361
361 381
381 360
360 371
371 344
344 397
397 331
331 395
395 348
348 382
382 379
379 355
355 350
350 401
401 324
324 408
408 330
330 400
420 337
337 400
400 315
315 420
407 316
316 420
420 313
313 419
419 309
309 411
411 312
312 423
423 310
310 407
370 364
364 385
385 352
352 370
412 342
342 400
400 370
370 340
340 412
341 403
403 355
355 386
386 364
364 395
395 340
340 398
398 335
335 402
402 345
345 391
391 341
332 420
420 350
350 403
403 354
354 400
400 344
344 389
389 347
347 402
402 343
343 404
404 341
341 412
412 332
417 365
365 403
403 372
372 386
386 356
356 377
377 346
346 387
387 333
333 413
413 319
319 411
411 321
321 419
419 328
328 407
407 325
325 417
387 381
381 368
368 403
403 388
388 359
359 367
367 397
397 351
351 392
392 376
376 421
421 341
341 405
405 364
364 391
391 362
362 387
356 396
396 357
357 393
393 356
377 390
390 368
368 385
385 378
378 384
384 363
363 413
413 335
335 409
409 356
356 401
401 351
351 407
407 346
346 394
394 358
358 374
374 373
373 377
352 394
394 359
359 401
401 375
375 402
402 379
379 385
385 383
383 377
377 387
387 352
389 390
390 380
380 402
402 381
381 389
418 326
326 411
411 325
325 418
398 385
385 392
392 363
363 411
411 331
331 418
418 348
348 398
400 377
377 395
395 371
371 397
397 369
369 400
417 354
354 407
407 368
368 391
391 374
374 400
400 359
359 396
396 373
373 382
382 360
360 398
398 389
389 352
352 417
394 390
390 398
398 397
397 387
387 391
391 382
382 384
384 394
386 392
392 399
399 409
409 359
359 404
404 391
391 394
394 361
361 422
422 340
340 408
408 373
373 403
403 377
377 421
421 380
380 414
414 378
378 386
407 370
370 401
401 369
369 405
405 360
360 407
406 364
364 419
419 360
360 408
408 351
351 416
416 338
338 406
413 397
397 414
414 387
387 408
408 368
368 413
406 388
388 411
411 381
381 416
416 376
376 413
413 372
372 406
395 390
390 406
406 383
383 407
407 362
362 396
396 386
386 395
402 389
389 401
401 384
384 402
393 408
408 413
413 377
377 412
412 343
343 415
415 314
314 423
423 347
347 410
410 368
368 422
422 392
392 405
405 409
409 402
402 400
400 396
396 398
398 393
401 406
406 396
396 401
398 418
418 368
368 415
415 375
375 404
404 414
414 398
384 416
416 382
382 412
412 394
394 408
408 404
404 384
419 423
423 365
365 420
420 384
384 419
411 419
419 398
398 401
401 411
403 406
406 411
411 399
399 403
417 399
399 415
415 407
407 389
389 410
410 408
408 414
414 409
409 420
420 405
405 395
395 417
5 417
417 10
6 423
423 19
9 418
418 32
14 407
407 92
15 420
420 44
17 414
414 21
26 406
406 201
30 422
422 64
35 418
418 140
36 417
417 38
37 419
419 39
40 405
405 126
50 423
423 149
51 419
419 55
52 409
409 113
56 413
413 70
57 416
416 58
61 421
421 76
62 419
419 65
67 422
422 105
68 398
398 422
422 111
73 419
419 86
77 417
417 93
78 410
410 82
80 420
420 81
84 412
412 130
87 416
416 115
96 417
417 108
99 413
413 131
102 401
401 412
412 135
106 421
421 165
110 419
419 138
117 411
411 137
118 422
422 146
125 416
416 195
134 417
417 164
143 413
413 155
147 414
414 189
151 423
423 160
154 412
412 320
156 411
411 229
157 418
418 247
161 423
423 163
162 422
422 168
170 419
419 188
174 410
410 251
175 407
407 293
176 422
422 213
186 405
405 371
194 404
404 412
412 358
196 420
420 236
200 397
397 420
420 245
202 416
416 211
205 391
210 417
417 227
215 419
419 220
217 406
406 300
218 396
219 422
422 239
223 419
419 237
224 400
400 306
225 421
421 269
232 408
408 406
406 344
234 423
423 244
235 402
402 286
241 411
411 278
243 362
362 423
423 261
253 366
366 419
419 259
254 414
414 268
260 420
420 273
262 418
418 298
263 413
413 279
271 416
416 276
287 421
421 323
289 416
416 295
290 423
423 291
292 410
294 411
411 330
296 387
302 417
417 307
311 423
423 318
315 413
413 332
316 416
416 333
317 407
407 369
319 414
321 422
422 329
322 418
418 345
324 423
423 339
327 403
403 395
331 422
422 334
336 400
400 412
412 363
340 423
343 420
349 413
413 383
352 416
416 355
353 379
356 415
415 359
361 416
367 377
373 412
412 388
374 394
381 419
419 390
382 421
421 408
408 418
418 415
415 385
393 411
411 417
417 402
422 419
419 418

