250
4 34
34 6
6 4
3 22
22 5
5 13
13 3
10 7
7 11
11 16
16 23
23 3
3 20
20 26
26 4
4 2
2 10
9 25
25 12
12 30
30 10
10 15
15 9
21 25
25 45
45 2
2 36
36 10
10 66
66 20
20 28
28 22
22 17
17 9
9 33
33 8
8 21
1 27
27 16
16 52
52 21
21 24
24 1
4 70
70 8
8 39
39 7
7 63
63 12
12 41
41 4
46 15
15 27
27 31
31 18
18 43
43 5
5 46
33 31
31 28
28 37
37 23
23 35
35 17
17 34
34 46
46 10
10 55
55 4
4 44
44 53
53 14
14 33
40 41
41 30
30 40
18 48
48 31
31 40
40 18
47 10
10 50
50 9
9 47
26 45
45 39
39 26
33 43
43 26
26 25
25 24
24 34
34 40
40 38
38 55
55 16
16 47
47 5
5 87
87 18
18 33
60 27
27 33
33 49
49 2
2 51
51 3
3 36
36 6
6 60
11 71
71 3
3 86
86 23
23 44
44 11
4 82
82 10
10 62
62 2
2 68
68 9
9 57
57 19
19 47
47 45
45 29
29 24
24 71
71 12
12 67
67 4
60 30
30 48
48 25
25 47
47 107
107 2
2 75
75 4
4 99
99 16
16 59
59 11
11 60
56 35
35 61
61 11
11 75
75 15
15 68
68 19
19 72
72 26
26 54
54 13
13 36
36 59
59 41
41 48
48 53
53 51
51 5
5 56
3 111
111 4
4 78
78 7
7 80
80 3
1 102
102 3
3 77
77 19
19 81
81 17
17 56
56 29
29 60
60 1
82 6
6 42
42 22
22 58
58 5
5 82
44 50
50 47
47 44
5 110
110 13
13 96
96 6
6 98
98 9
9 85
85 11
11 84
84 7
7 86
86 35
35 74
74 44
44 28
28 42
42 46
46 43
43 65
65 5
82 30
30 109
109 5
5 70
70 71
71 29
29 80
80 36
36 32
32 54
54 33
33 73
73 22
22 82
100 25
25 66
66 51
51 65
65 60
60 56
56 31
31 70
70 21
21 116
116 6
6 100
50 81
81 36
36 100
100 8
8 79
79 33
33 63
63 41
41 74
74 54
54 50
56 77
77 21
21 79
79 43
43 62
62 56
59 39
39 63
63 56
56 70
70 49
49 53
53 68
68 38
38 59
50 86
86 43
43 100
100 39
39 83
83 59
59 50
1 95
95 12
12 87
87 7
7 110
110 11
11 105
105 23
23 93
93 43
43 92
92 28
28 72
72 70
70 74
74 48
48 46
46 83
83 50
50 78
78 29
29 82
82 14
14 89
89 10
10 91
91 1
1 136
136 5
5 125
125 41
41 90
90 7
7 103
103 3
3 104
104 1
17 115
115 35
35 89
89 17
117 6
6 118
118 12
12 128
128 17
17 95
95 15
15 87
87 31
31 131
131 9
9 121
121 3
3 138
138 4
4 117
40 115
115 20
20 67
67 42
42 40
51 103
103 18
18 91
91 34
34 93
93 37
37 73
73 49
49 76
76 51
52 108
108 7
7 94
94 10
10 132
132 28
28 110
110 22
22 97
97 15
15 127
127 39
39 122
122 51
51 67
67 46
46 52
64 61
61 52
52 55
55 57
57 79
79 47
47 64
8 125
125 63
63 64
64 69
69 56
56 65
65 62
62 80
80 40
40 95
95 29
29 101
101 8
136 27
27 94
94 64
64 77
77 79
79 68
68 65
65 88
88 40
40 82
82 49
49 121
121 12
12 146
146 15
15 128
128 18
18 136
103 68
68 84
84 24
24 118
118 30
30 101
101 57
57 76
76 52
52 86
86 58
58 53
53 103
36 118
118 79
79 90
90 55
55 82
82 48
48 110
110 93
93 54
54 109
109 34
34 94
94 37
37 102
102 59
59 103
103 77
77 66
66 128
128 19
19 85
85 36
113 36
36 104
104 26
26 136
136 23
23 112
112 10
10 144
144 2
2 113
113 16
16 111
111 13
13 113
114 29
29 113
113 8
8 106
106 14
14 114
91 83
83 61
61 97
97 33
33 91
21 135
135 10
10 134
134 33
33 98
98 66
66 89
89 52
52 91
91 24
24 178
178 9
9 139
139 25
25 112
112 56
56 78
78 80
80 67
67 85
85 21
1 126
126 24
24 143
143 21
21 114
114 32
32 117
117 1
75 76
76 70
70 81
81 72
72 38
38 75
99 47
47 119
119 30
30 146
146 25
25 142
142 14
14 140
140 11
11 158
158 2
2 150
150 26
26 112
112 34
34 117
117 36
36 114
114 85
85 81
81 78
78 75
75 92
92 62
62 105
105 31
31 134
134 18
18 157
157 13
13 133
133 37
37 99
54 124
124 34
34 113
113 42
42 101
101 66
66 99
99 71
71 100
100 54
120 52
52 96
96 91
91 124
124 95
95 53
53 86
86 60
60 131
131 32
32 133
133 44
44 114
114 54
54 111
111 43
43 129
129 35
35 137
137 7
7 120
59 129
129 115
115 59
109 72
72 87
87 81
81 94
94 49
49 147
147 12
12 132
132 16
16 127
127 22
22 126
126 59
59 109
84 89
89 78
78 100
100 87
87 86
86 74
74 84
138 55
55 110
110 53
53 101
101 60
60 112
112 49
49 98
98 88
88 81
81 131
131 78
78 111
111 61
61 96
96 76
76 122
122 48
48 118
118 74
74 134
134 37
37 146
146 42
42 126
126 31
31 190
190 25
25 153
153 18
18 145
145 10
10 170
170 36
36 138
141 22
22 132
132 34
34 155
155 3
3 141
1 160
160 4
4 141
141 38
38 138
138 17
17 152
152 92
92 83
83 94
94 84
84 80
80 90
90 109
109 57
57 116
116 45
45 120
120 1
12 195
195 3
3 167
167 4
4 163
163 19
19 140
140 24
24 150
150 12
15 170
170 16
16 162
162 13
13 165
165 21
21 158
158 15
64 141
141 20
20 125
125 48
48 163
163 15
15 203
203 10
10 166
166 12
12 174
174 65
65 107
107 67
67 82
82 97
97 76
76 98
98 64
137 44
44 138
138 41
41 137
29 157
157 23
23 166
166 11
11 167
167 5
5 151
151 56
56 159
159 61
61 116
116 58
58 137
137 37
37 140
140 29
1 182
182 9
9 224
224 29
29 139
139 66
66 110
110 64
64 130
130 73
73 102
102 80
80 101
101 62
62 113
113 69
69 99
99 88
88 144
144 27
27 156
156 1
1 183
183 22
22 193
193 9
9 189
189 60
60 156
156 42
42 152
152 38
38 171
171 28
28 191
191 20
20 154
154 18
18 179
179 1
106 46
46 151
151 39
39 133
133 77
77 114
114 57
57 117
117 83
83 136
136 35
35 170
170 41
41 140
140 40
40 106
100 106
106 107
107 86
86 96
96 89
89 100
126 72
72 132
132 90
90 100
100 84
84 104
104 75
75 112
112 93
93 119
119 67
67 123
123 47
47 126
102 100
100 96
96 97
97 102
180 19
19 172
172 21
21 169
169 99
99 114
114 109
109 102
102 81
81 126
126 51
51 149
149 30
30 208
208 2
2 180
33 143
143 32
32 165
165 23
23 162
162 49
49 135
135 33
111 88
88 149
149 54
54 138
138 77
77 137
137 70
70 110
110 81
81 111
94 138
138 104
104 111
111 94
37 157
157 75
75 127
127 94
94 101
101 84
84 143
143 37
1 200
200 3
3 201
201 11
11 198
198 5
5 181
181 50
50 190
190 37
37 142
142 33
33 154
154 64
64 129
129 63
63 158
158 26
26 186
186 46
46 161
161 7
7 183
183 43
43 160
160 45
45 153
153 34
34 139
139 35
35 168
168 15
15 180
180 1
14 224
224 17
17 201
201 14
27 167
167 12
12 181
181 23
23 188
188 7
7 200
200 5
5 220
220 8
8 148
148 27
20 216
216 27
27 236
236 4
4 176
176 28
28 174
174 32
32 145
145 52
52 147
147 53
53 139
139 47
47 164
164 40
40 175
175 18
18 199
199 30
30 209
209 14
14 192
192 20
26 185
185 12
12 177
177 26
31 183
183 13
13 207
207 50
50 191
191 41
41 217
217 14
14 219
219 2
2 231
231 26
26 176
176 39
39 162
162 31
173 42
42 169
169 40
40 166
166 47
47 193
193 36
36 225
225 2
2 238
238 3
3 205
205 6
6 249
249 7
7 204
204 12
12 187
187 44
44 206
206 18
18 198
198 24
24 194
194 59
59 148
148 62
62 108
108 80
80 122
122 85
85 130
130 67
67 158
158 78
78 176
176 31
31 173
126 101
101 105
105 110
110 76
76 133
133 82
82 134
134 87
87 126
107 143
143 96
96 118
118 100
100 117
117 124
124 103
103 71
71 108
108 122
122 107
125 107
107 111
111 126
126 91
91 125
54 162
162 108
108 110
110 125
125 129
129 80
80 139
139 73
73 140
140 58
58 150
150 54
20 269
269 11
11 222
222 36
36 213
213 9
9 204
204 41
41 216
216 33
33 180
180 32
32 182
182 72
72 150
150 80
80 155
155 85
85 135
135 71
71 113
113 98
98 89
89 112
112 117
117 102
102 128
128 69
69 146
146 73
73 157
157 54
54 153
153 53
53 173
173 45
45 199
199 20
38 172
172 55
55 145
145 63
63 147
147 71
71 165
165 66
66 152
152 52
52 168
168 38
203 38
38 207
207 20
20 203
184 42
42 194
194 40
40 233
233 30
30 203
203 37
37 223
223 10
10 210
210 15
15 189
189 34
34 184
174 80
80 187
187 116
116 106
106 153
153 71
71 152
152 73
73 148
148 69
69 145
145 74
74 175
175 53
53 167
167 61
61 182
182 45
45 248
248 5
5 205
205 12
12 238
238 17
17 251
251 39
39 183
183 78
78 161
161 56
56 154
154 35
35 174
120 105
105 136
136 98
98 120
152 107
107 149
149 117
117 131
131 120
120 81
81 161
161 84
84 152
18 227
227 8
8 232
232 2
2 246
246 12
12 237
237 32
32 214
214 18
210 24
24 232
232 27
27 231
231 13
13 226
226 18
18 210
195 47
47 185
185 66
66 169
169 54
54 210
210 22
22 195
184 72
72 196
196 45
45 195
195 44
44 189
189 74
74 160
160 63
63 163
163 91
91 146
146 96
96 147
147 115
115 136
136 122
122 133
133 152
152 89
89 141
141 67
67 174
174 48
48 184
1 211
211 60
60 191
191 63
63 164
164 87
87 142
142 93
93 158
158 92
92 154
154 81
81 169
169 69
69 156
156 125
125 112
112 132
132 106
106 135
135 94
94 130
130 111
111 163
163 75
75 184
184 1
200 45
45 202
202 44
44 200
170 88
88 121
121 97
97 158
158 98
98 145
145 79
79 157
157 77
77 165
165 83
83 171
171 75
75 170
179 64
64 178
178 81
81 170
170 57
57 172
172 56
56 162
162 68
68 159
159 67
67 188
188 69
69 200
200 63
63 237
237 28
28 179
1 255
255 12
12 309
309 3
3 264
264 2
2 274
274 37
37 226
226 15
15 212
212 23
23 197
197 48
48 183
183 52
52 185
185 77
77 160
160 93
93 156
156 86
86 123
123 119
119 136
136 139
139 100
100 138
138 95
95 137
137 90
90 189
189 56
56 190
190 51
51 179
179 21
21 241
241 1
5 267
267 15
15 246
246 14
14 229
229 8
8 264
264 5
197 89
89 155
155 101
101 151
151 113
113 76
76 193
193 54
54 222
222 19
19 192
192 61
61 216
216 43
43 208
208 55
55 197
6 220
220 16
16 205
205 62
62 186
186 88
88 173
173 70
70 197
197 46
46 230
230 35
35 215
215 6
48 203
203 45
45 205
205 31
31 198
198 48
25 219
219 41
41 221
221 9
9 218
218 25
31 212
212 45
45 204
204 59
59 209
209 31
192 42
42 198
198 46
46 201
201 66
66 210
210 71
71 164
164 79
79 166
166 49
49 211
211 38
38 224
224 31
31 255
255 25
25 192
110 144
144 90
90 159
159 109
109 130
130 121
121 110
150 114
114 163
163 115
115 164
164 90
90 174
174 73
73 183
183 86
86 160
160 126
126 119
119 147
147 104
104 159
159 125
125 173
173 97
97 142
142 140
140 112
112 128
128 110
110 150
180 68
68 198
198 61
61 207
207 70
70 178
178 65
65 180
190 94
94 167
167 76
76 179
179 109
109 184
184 86
86 190
148 137
137 102
102 190
190 69
69 211
211 80
80 176
176 87
87 180
180 81
81 193
193 95
95 148
21 234
234 31
31 232
232 96
96 155
155 120
120 149
149 119
119 138
138 106
106 159
159 112
112 148
148 132
132 150
150 82
82 195
195 54
54 205
205 58
58 219
219 40
40 227
227 21
21 258
258 4
4 266
266 28
28 246
246 27
27 239
239 21
36 242
242 21
21 181
181 53
53 177
177 67
67 192
192 57
57 199
199 48
48 228
228 36
1 257
257 33
33 252
252 36
36 240
240 6
6 289
289 2
2 265
265 5
5 262
262 13
13 244
244 1
156 128
128 129
129 131
131 121
121 164
164 159
159 123
123 141
141 144
144 136
136 130
130 133
133 134
134 153
153 119
119 160
160 110
110 194
194 72
72 188
188 113
113 156
100 187
187 99
99 171
171 101
101 172
172 100
243 44
44 218
218 52
52 204
204 68
68 246
246 46
46 206
206 77
77 186
186 101
101 185
185 79
79 175
175 93
93 161
161 92
92 189
189 100
100 166
166 140
140 143
143 129
129 156
156 103
103 142
142 135
135 127
127 105
105 155
155 102
102 214
214 34
34 232
232 40
40 244
244 22
22 243
16 296
296 24
24 235
235 58
58 260
260 26
26 238
238 20
20 253
253 21
21 272
272 34
34 243
243 6
6 257
257 16
254 29
29 231
231 41
41 268
268 5
5 271
271 16
16 256
256 10
10 254
223 63
63 238
238 45
45 223
20 262
262 7
7 270
270 18
18 284
284 16
16 277
277 6
6 267
267 36
36 255
255 49
49 203
203 53
53 215
215 42
42 227
227 68
68 223
223 62
62 213
213 54
54 208
208 70
70 218
218 64
64 232
232 51
51 220
220 57
57 241
241 30
30 245
245 20
286 36
36 269
269 23
23 257
257 38
38 299
299 6
6 283
283 19
19 281
281 12
12 279
279 7
7 280
280 27
27 286
8 263
263 21
21 266
266 13
13 279
279 22
22 256
256 40
40 258
258 39
39 286
286 20
20 254
254 8
21 297
297 45
45 243
243 66
66 216
216 76
76 202
202 47
47 234
234 50
50 225
225 57
57 240
240 58
58 274
274 23
23 278
278 21
8 282
282 7
7 302
302 14
14 279
279 40
40 319
319 21
21 275
275 8
201 79
79 196
196 74
74 201
177 131
131 171
171 108
108 177
191 84
84 195
195 85
85 188
188 123
123 162
162 98
98 161
161 114
114 154
154 141
141 150
150 138
138 130
130 147
147 134
134 149
149 160
160 128
128 158
158 104
104 172
172 107
107 186
186 82
82 181
181 67
67 191
102 180
180 91
91 176
176 93
93 208
208 86
86 191
191 90
90 165
165 102
102 167
167 124
124 165
165 103
103 166
166 102
1 261
261 43
43 226
226 48
48 229
229 78
78 200
200 95
95 204
204 113
113 210
210 127
127 225
225 52
52 230
230 60
60 217
217 80
80 220
220 75
75 178
178 92
92 176
176 102
102 202
202 112
112 177
177 83
83 201
201 69
69 212
212 53
53 236
236 41
41 276
276 28
28 275
275 25
25 273
273 10
10 292
292 8
8 250
250 1
10 304
304 25
25 285
285 10
56 228
228 54
54 226
226 56
245 50
50 250
250 52
52 233
233 53
53 243
243 56
56 248
248 48
48 245
9 288
288 32
32 280
280 28
28 287
287 4
4 295
295 39
39 281
281 48
48 249
249 9
57 253
253 44
44 264
264 9
9 259
259 56
56 245
245 57
181 121
121 146
146 122
122 145
145 105
105 241
241 89
89 200
200 88
88 198
198 72
72 221
221 65
65 240
240 92
92 181
180 125
125 161
161 170
170 136
136 146
146 155
155 166
166 132
132 157
157 143
143 144
144 153
153 139
139 149
149 163
163 133
133 142
142 111
111 169
169 104
104 181
181 97
97 174
174 117
117 188
188 102
102 182
182 106
106 180
254 68
68 232
232 81
81 192
192 102
102 195
195 87
87 221
221 108
108 174
174 110
110 176
176 111
111 179
179 142
142 200
200 103
103 190
190 141
141 180
180 107
107 199
199 84
84 220
220 82
82 229
229 61
61 219
219 59
59 250
250 57
57 254
129 174
174 146
146 153
153 154
154 119
119 179
179 145
145 129
69 219
219 64
64 226
226 63
63 224
224 42
42 231
231 105
105 151
151 156
156 150
150 147
147 162
162 128
128 191
191 104
104 182
182 129
129 175
175 118
118 178
178 117
117 215
215 77
77 209
209 70
70 247
247 112
112 216
216 67
67 238
238 76
76 217
217 69
233 78
78 237
237 65
65 224
224 64
64 231
231 69
69 233
167 126
126 186
186 109
109 187
187 111
111 195
195 104
104 192
192 93
93 189
189 159
159 169
169 114
114 167
17 279
279 41
41 252
252 35
35 251
251 51
51 242
242 42
42 239
239 61
61 250
250 65
65 260
260 59
59 227
227 84
84 201
201 134
134 167
167 120
120 196
196 83
83 183
183 91
91 234
234 71
71 233
233 75
75 254
254 46
46 261
261 17
291 31
31 263
263 47
47 262
262 43
43 280
280 40
40 287
287 29
29 270
270 17
17 291
93 219
219 100
100 220
220 91
91 212
212 93
207 106
106 204
204 121
121 192
192 107
107 213
213 150
150 191
191 132
132 183
183 120
120 172
172 133
133 177
177 119
119 198
198 94
94 208
208 101
101 252
252 71
71 281
281 44
44 256
256 85
85 201
201 95
95 211
211 79
79 222
222 93
93 197
197 154
154 179
179 144
144 196
196 123
123 189
189 139
139 157
157 158
158 138
138 229
229 86
86 239
239 53
53 242
242 74
74 203
203 88
88 207
54 257
257 68
68 258
258 53
53 267
267 56
56 270
270 47
47 294
294 12
12 322
322 13
13 331
331 5
5 308
308 30
30 272
272 76
76 240
240 67
67 226
226 82
82 256
256 63
63 244
244 58
58 243
243 61
61 245
245 73
73 205
205 102
102 201
201 114
114 190
190 115
115 194
194 119
119 215
215 139
139 207
207 90
90 236
236 54
10 334
334 16
16 306
306 51
51 294
294 59
59 299
299 61
61 249
249 54
54 235
235 83
83 255
255 52
52 259
259 66
66 266
266 65
65 296
296 17
17 288
288 28
28 302
302 32
32 293
293 27
27 291
291 10
298 9
9 328
328 3
3 313
313 15
15 312
312 8
8 341
341 21
21 321
321 25
25 317
317 31
31 303
303 23
23 333
333 2
2 298
310 17
17 298
298 4
4 310
10 326
326 37
37 317
317 29
29 310
310 10
140 183
183 160
160 182
182 162
162 179
179 158
158 171
171 140
124 193
193 133
133 192
192 124
264 94
94 209
209 124
124 188
188 140
140 206
206 72
72 228
228 77
77 235
235 69
69 280
280 53
53 279
279 46
46 264
264 79
79 245
245 80
80 278
278 47
47 289
289 35
35 288
288 85
85 257
257 58
58 264
70 232
232 99
99 209
209 115
115 222
222 113
113 205
205 88
88 244
244 72
72 238
238 90
90 221
221 120
120 204
204 129
129 195
195 118
118 202
202 137
137 151
151 153
153 168
168 98
98 227
227 70
49 265
265 78
78 246
246 70
70 224
224 95
95 243
243 64
64 242
242 67
67 264
264 49
267 58
58 259
259 54
54 269
269 57
57 267
282 62
62 230
230 82
82 272
272 94
94 286
286 67
67 265
265 96
96 237
237 83
83 254
254 95
95 228
228 84
84 248
248 69
69 259
259 63
63 267
267 55
55 285
285 49
49 282
233 134
134 212
212 109
109 224
224 108
108 223
223 91
91 239
239 93
93 233
84 253
253 105
105 233
233 87
87 230
230 84
148 195
195 161
161 187
187 145
145 213
213 126
126 193
193 136
136 188
188 148
197 158
158 191
191 171
171 184
184 122
122 215
215 145
145 190
190 155
155 156
156 177
177 176
176 213
213 159
159 192
192 148
148 181
181 146
146 201
201 107
107 197
254 100
100 227
227 108
108 260
260 72
72 271
271 66
66 275
275 52
52 261
261 88
88 230
230 117
117 244
244 93
93 254
97 254
254 110
110 209
209 125
125 197
197 123
123 221
221 97
143 223
223 114
114 232
232 82
82 231
231 124
124 224
224 115
115 220
220 109
109 233
233 117
117 239
239 113
113 237
237 132
132 203
203 147
147 180
180 143
211 164
164 191
191 188
188 157
157 152
152 214
214 106
106 231
231 107
107 227
227 129
129 209
209 148
148 199
199 143
143 211
208 174
174 135
135 186
186 175
175 169
169 163
163 192
192 201
201 158
158 211
211 125
125 238
238 86
86 235
235 111
111 208
130 219
219 121
121 208
208 130
220 136
136 221
221 126
126 231
231 125
125 220
131 204
204 175
175 211
211 163
163 179
179 186
186 162
162 190
190 178
178 131
73 264
264 77
77 258
258 95
95 262
262 73
38 302
302 49
49 293
293 76
76 283
283 75
75 279
279 64
64 273
273 55
55 269
269 93
93 248
248 89
89 322
322 31
31 351
351 2
2 344
344 7
7 295
295 34
34 284
284 80
80 265
265 73
73 247
247 109
109 234
234 122
122 222
222 131
131 220
220 130
130 173
173 151
151 230
230 108
108 228
228 97
97 246
246 84
84 282
282 38
1 311
311 14
14 323
323 18
18 306
306 35
35 303
303 46
46 291
291 38
38 318
318 28
28 297
297 36
36 312
312 20
20 314
314 10
10 300
300 1
301 62
62 291
291 53
53 324
324 13
13 327
327 11
11 292
292 26
26 313
313 12
12 300
300 48
48 305
305 46
46 311
311 19
19 323
323 27
27 307
307 6
6 301
1 335
335 6
6 315
315 32
32 304
304 33
33 290
290 67
67 287
287 52
52 306
306 34
34 307
307 47
47 303
303 38
38 301
301 1
316 49
49 305
305 59
59 323
323 42
42 304
304 78
78 269
269 89
89 283
283 77
77 266
266 70
70 317
317 45
45 326
326 33
33 328
328 40
40 310
310 75
75 290
290 58
58 292
292 22
22 316
50 313
313 67
67 296
296 70
70 289
289 88
88 267
267 68
68 274
274 69
69 268
268 50
1 394
394 58
58 293
293 52
52 302
302 50
50 301
301 44
44 316
316 15
15 336
336 1
330 10
10 341
341 13
13 332
332 24
24 325
325 4
4 330
337 19
19 330
330 11
11 337
8 386
386 10
10 352
352 5
5 338
338 20
20 315
315 8
342 28
28 341
341 17
17 339
339 8
8 342
330 30
30 309
309 23
23 330
62 321
321 39
39 339
339 26
26 330
330 76
76 334
334 37
37 335
335 29
29 333
333 47
47 311
311 62
6 362
362 7
7 355
355 18
18 336
336 34
34 327
327 88
88 300
300 52
52 310
310 48
48 312
312 38
38 365
365 19
19 347
347 36
36 298
298 55
55 324
324 62
62 302
302 64
64 288
288 69
69 291
291 84
84 275
275 82
82 280
280 93
93 320
320 22
22 376
376 13
13 342
342 6
38 338
338 24
24 340
340 29
29 336
336 38
83 280
280 102
102 251
251 60
60 261
261 98
98 257
257 100
100 270
270 79
79 269
269 110
110 263
263 83
274 83
83 240
240 101
101 247
247 81
81 274
271 111
111 240
240 86
86 292
292 93
93 282
282 125
125 236
236 142
142 229
229 149
149 245
245 99
99 266
266 95
95 259
259 116
116 218
218 123
123 239
239 118
118 233
233 137
137 205
205 138
138 208
208 128
128 198
198 146
146 216
216 119
119 248
248 107
107 235
235 91
91 255
255 104
104 271
209 144
144 212
212 140
140 209
166 204
204 154
154 209
209 182
182 165
165 170
170 173
173 184
184 172
172 198
198 166
122 258
258 108
108 235
235 114
114 242
242 122
72 281
281 81
81 264
264 91
91 269
269 122
122 248
248 169
169 193
193 152
152 199
199 151
151 185
185 172
172 187
187 170
170 190
190 184
184 176
176 208
208 166
166 183
183 156
156 168
168 189
189 135
135 271
271 87
87 274
274 72
96 273
273 71
71 296
296 72
72 299
299 73
73 311
311 65
65 312
312 51
51 314
314 41
41 315
315 43
43 277
277 89
89 272
272 96
127 258
258 129
129 234
234 134
134 237
237 124
124 260
260 118
118 281
281 116
116 263
263 117
117 255
255 114
114 250
250 101
101 257
257 106
106 261
261 143
143 215
215 127
136 261
261 131
131 226
226 119
119 218
218 150
150 215
215 160
160 185
185 177
177 190
190 181
181 153
153 196
196 156
156 197
197 133
133 240
240 136
215 154
154 206
206 200
200 153
153 215
184 198
198 180
180 183
183 173
173 215
215 172
172 191
191 184
203 187
187 179
179 195
195 186
186 183
183 207
207 152
152 203
217 180
180 208
208 177
177 199
199 167
167 206
206 178
178 213
213 186
186 203
203 135
135 217
157 216
216 147
147 223
223 163
163 226
226 141
141 217
217 151
151 218
218 158
158 245
245 150
150 229
229 146
146 212
212 165
165 197
197 157
222 145
145 233
233 123
123 222
222 164
164 229
229 158
158 222
138 225
225 162
162 222
222 176
176 185
185 211
211 183
183 190
190 227
227 157
157 196
196 184
184 194
194 170
170 271
271 136
136 224
224 140
140 219
219 138
249 124
124 247
247 119
119 235
235 159
159 231
231 138
138 237
237 137
137 244
244 126
126 232
232 127
127 264
264 105
105 262
262 107
107 324
324 60
60 314
314 72
72 312
312 71
71 297
297 79
79 284
284 68
68 295
295 54
54 308
308 52
52 315
315 69
69 293
293 92
92 249
128 255
255 139
139 234
234 153
153 218
218 155
155 220
220 167
167 210
210 133
133 232
232 140
140 246
246 141
141 235
235 128
171 228
228 199
199 190
190 206
206 197
197 171
155 234
234 154
154 233
233 155
237 155
155 219
219 152
152 217
217 147
147 237
225 187
187 246
246 159
159 237
237 171
171 225
90 256
256 145
145 238
238 138
138 241
241 123
123 250
250 157
157 230
230 172
172 218
218 188
188 202
202 189
189 179
179 205
205 175
175 231
231 183
183 225
225 161
161 248
248 130
130 239
239 127
127 242
242 128
128 249
249 90
276 97
97 278
278 90
90 276
30 360
360 21
21 368
368 19
19 369
369 3
3 343
343 23
23 346
346 11
11 370
370 36
36 349
349 41
41 335
335 40
40 345
345 47
47 336
336 30
1 371
371 20
20 347
347 23
23 368
368 26
26 343
343 15
15 352
352 30
30 340
340 46
46 309
309 68
68 301
301 81
81 287
287 134
134 314
314 64
64 326
326 74
74 268
268 113
113 291
291 77
77 297
297 118
118 276
276 95
95 289
289 80
80 302
302 96
96 288
288 82
82 351
351 38
38 354
354 6
6 348
348 12
12 337
337 1
327 84
84 303
303 61
61 338
338 51
51 346
346 57
57 277
277 91
91 279
279 90
90 301
301 80
80 295
295 82
82 305
305 54
54 327
266 121
121 243
243 133
133 247
247 175
175 228
228 177
177 250
250 149
149 239
239 135
135 285
285 97
97 295
295 86
86 294
294 107
107 272
272 100
100 266
266 123
123 268
268 104
104 277
277 83
83 299
299 82
82 296
296 85
85 290
290 119
119 266
269 108
108 259
259 109
109 278
278 98
98 269
318 77
77 339
339 69
69 318
31 344
344 4
4 353
353 52
52 313
313 53
53 329
329 33
33 332
332 73
73 316
316 86
86 308
308 98
98 318
318 64
64 321
321 67
67 315
315 101
101 269
269 103
103 253
253 138
138 240
240 188
188 232
232 164
164 252
252 135
135 243
243 142
142 268
268 124
124 251
251 130
130 266
266 112
112 289
289 105
105 307
307 35
35 370
370 18
18 356
356 28
28 348
348 63
63 327
327 56
56 337
337 25
25 325
325 31
117 272
272 126
126 269
269 117
274 109
109 275
275 111
111 279
279 99
99 274
94 290
290 112
112 273
273 106
106 262
262 156
156 256
256 130
130 263
263 135
135 274
274 133
133 270
270 117
117 289
289 123
123 287
287 94
102 299
299 91
91 296
296 104
104 292
292 94
94 293
293 119
119 295
295 102
294 110
110 316
316 115
115 267
267 139
139 259
259 129
129 272
272 128
128 257
257 145
145 276
276 120
120 279
279 131
131 297
297 100
100 294
191 205
205 203
203 194
194 225
225 189
189 219
219 209
209 170
170 204
204 191
82 311
311 98
98 310
310 96
96 306
306 66
66 327
327 67
67 325
325 53
53 352
352 32
32 343
343 33
33 342
342 46
46 373
373 15
15 384
384 18
18 372
372 3
3 381
381 16
16 355
355 14
14 389
389 11
11 362
362 22
22 347
347 40
40 344
344 55
55 313
313 79
79 312
312 89
89 284
284 117
117 273
273 192
192 208
208 222
222 170
170 237
237 191
191 217
217 184
184 212
212 193
193 207
207 201
201 196
196 218
218 174
174 229
229 168
168 221
221 144
144 243
243 179
179 210
210 195
195 181
181 226
226 167
167 274
274 139
139 275
275 124
124 294
294 108
108 288
288 106
106 320
320 102
102 319
319 92
92 302
302 82
343 44
44 348
348 39
39 343
350 8
8 402
402 7
7 374
374 29
29 366
366 4
4 350
82 313
313 66
66 348
348 47
47 350
350 46
46 343
343 49
49 333
333 71
71 325
325 103
103 312
312 82
85 311
311 100
100 298
298 85
325 102
102 326
326 77
77 321
321 85
85 325
374 21
21 362
362 14
14 374
9 379
379 5
5 353
353 9
377 43
43 328
328 67
67 338
338 68
68 350
350 49
49 361
361 9
9 402
402 20
20 389
389 39
39 369
369 46
46 356
356 32
32 366
366 30
30 380
380 6
6 357
357 17
17 374
374 25
25 384
384 35
35 372
372 75
75 329
329 89
89 325
325 82
82 340
340 31
31 377
1 391
391 9
9 397
397 6
6 399
399 32
32 377
377 1
26 414
414 5
5 381
381 24
24 371
371 48
48 335
335 61
61 343
343 54
54 375
375 38
38 419
419 2
2 394
394 26
1 413
413 11
11 422
422 6
6 410
410 26
26 388
388 21
21 387
387 19
19 412
412 1
107 326
326 108
108 301
301 124
124 286
286 138
138 281
281 122
122 295
295 123
123 300
300 97
97 293
293 136
136 291
291 135
135 322
322 118
118 306
306 113
113 319
319 107
97 305
305 110
110 304
304 97
125 302
302 116
116 299
299 125
53 336
336 65
65 337
337 61
61 361
361 60
60 353
353 70
70 315
315 72
72 333
333 82
82 328
328 56
56 370
370 74
74 327
327 79
79 331
331 62
62 359
359 50
50 309
309 83
83 313
313 95
95 282
282 139
139 279
279 132
132 255
255 163
163 260
260 146
146 236
236 165
165 247
247 140
140 241
241 154
154 249
249 137
137 305
305 125
125 288
288 109
109 280
280 129
129 312
312 106
106 317
317 99
99 325
325 93
93 330
330 53
12 395
395 18
18 411
411 9
9 405
405 27
27 364
364 61
61 342
342 65
65 380
380 47
47 354
354 55
55 346
346 53
53 355
355 45
45 345
345 101
101 318
318 115
115 344
344 97
97 321
321 107
107 332
332 66
66 379
379 17
17 391
391 12
18 403
403 59
59 369
369 72
72 323
323 94
94 296
296 121
121 290
290 114
114 262
262 145
145 263
263 142
142 279
279 148
148 281
281 144
144 242
242 152
152 244
244 155
155 289
289 131
131 357
357 28
28 381
381 57
57 349
349 40
40 360
360 41
41 401
401 18
409 18
18 404
404 10
10 394
394 17
17 436
436 5
5 417
417 13
13 390
390 15
15 378
378 36
36 389
389 25
25 392
392 8
8 409
347 77
77 333
333 80
80 337
337 76
76 360
360 56
56 347
243 171
171 281
281 152
152 268
268 145
145 264
264 146
146 267
267 159
159 255
255 151
151 238
238 147
147 243
237 210
210 203
203 216
216 173
173 237
194 208
208 215
215 214
214 178
178 237
237 177
177 234
234 193
193 243
243 161
161 254
254 189
189 231
231 190
190 204
204 194
185 221
221 174
174 242
242 197
197 211
211 204
204 198
198 185
143 298
298 111
111 280
280 120
120 304
304 177
177 244
244 154
154 251
251 147
147 291
291 137
137 270
270 164
164 241
241 185
185 224
224 194
194 245
245 196
196 217
217 200
200 212
212 206
206 235
235 180
180 260
260 165
165 279
279 143
255 162
162 304
304 140
140 278
278 161
161 255
264 175
175 255
255 171
171 264
194 229
229 195
195 246
246 196
196 248
248 186
186 228
228 194
178 233
233 209
209 234
234 181
181 237
237 204
204 232
232 194
194 243
243 199
199 249
249 187
187 240
240 203
203 256
256 191
191 264
264 157
157 275
275 168
168 258
258 163
163 259
259 167
167 230
230 178
193 251
251 212
212 243
243 231
231 215
215 224
224 205
205 223
223 200
200 241
241 193
90 355
355 63
63 353
353 90
67 358
358 40
40 364
364 37
37 376
376 41
41 363
363 90
90 308
308 87
87 335
335 81
81 327
327 114
114 317
317 112
112 316
316 127
127 277
277 218
218 222
222 216
216 228
228 205
205 225
225 207
207 202
202 208
208 220
220 198
198 217
217 230
230 174
174 279
279 167
167 269
269 193
193 259
259 178
178 244
244 182
182 236
236 170
170 262
262 130
130 284
284 143
143 310
310 113
113 347
347 51
51 356
356 67
78 341
341 80
80 375
375 83
83 342
342 73
73 349
349 84
84 359
359 65
65 356
356 64
64 373
373 55
55 406
406 21
21 395
395 63
63 370
370 81
81 336
336 78
45 381
381 37
37 371
371 46
46 396
396 25
25 391
391 22
22 378
378 45
420 17
17 402
402 41
41 390
390 19
19 399
399 43
43 392
392 35
35 412
412 29
29 404
404 45
45 362
362 79
79 348
348 78
78 364
364 67
67 385
385 24
24 409
409 20
20 407
407 12
12 420
16 405
405 25
25 400
400 16
1 440
440 6
6 426
426 10
10 432
432 8
8 410
410 16
16 427
427 14
14 408
408 4
4 430
430 13
13 420
420 1
1 431
431 35
35 425
425 34
34 413
413 21
21 420
420 23
23 430
430 27
27 408
408 37
37 440
440 16
16 416
416 22
22 424
424 7
7 433
433 3
3 470
470 4
4 415
415 11
11 464
464 9
9 454
454 2
2 423
423 1
377 49
49 366
366 33
33 391
391 44
44 365
365 53
53 381
381 54
54 362
362 107
107 325
325 112
112 323
323 87
87 313
313 96
96 363
363 51
51 368
368 40
40 377
52 388
388 68
68 377
377 52
133 292
292 122
122 293
293 128
128 277
277 133
117 320
320 116
116 309
309 117
315 122
122 308
308 128
128 296
296 130
130 288
288 166
166 316
316 136
136 300
300 141
141 272
272 158
158 257
257 172
172 266
266 150
150 283
283 129
129 317
317 117
117 299
299 133
133 282
282 120
120 318
318 104
104 315
85 350
350 99
99 334
334 87
87 340
340 114
114 331
331 92
92 358
358 70
70 369
369 97
97 348
348 126
126 307
307 124
124 325
325 118
118 324
324 113
113 315
315 111
111 303
303 135
135 332
332 108
108 336
336 85
339 87
87 389
389 51
51 390
390 47
47 416
416 32
32 404
404 30
30 384
384 60
60 381
381 62
62 346
346 121
121 328
328 103
103 337
337 85
85 352
352 69
69 345
345 82
82 339
263 172
172 268
268 182
182 253
253 147
147 282
282 154
154 263
142 284
284 196
196 258
258 170
170 252
252 186
186 263
263 151
151 287
287 157
157 265
265 142
272 216
216 239
239 221
221 201
201 233
233 183
183 267
267 155
155 272
290 144
144 293
293 131
131 312
312 130
130 325
325 129
129 302
302 145
145 300
300 148
148 284
284 159
159 272
272 164
164 291
291 166
166 301
301 137
137 297
297 142
142 288
288 134
134 290
270 162
162 277
277 146
146 320
320 139
139 299
299 196
196 290
290 150
150 270
183 252
252 184
184 261
261 181
181 250
250 187
187 267
267 225
225 236
236 183
365 107
107 379
379 104
104 352
352 93
93 351
351 84
84 354
354 96
96 329
329 120
120 341
341 109
109 311
311 128
128 315
315 183
183 265
265 165
165 270
270 163
163 307
307 133
133 313
313 105
105 339
339 89
89 338
338 71
71 365
52 404
404 40
40 415
415 38
38 402
402 75
75 384
384 73
73 346
346 101
101 365
365 66
66 374
374 42
42 367
367 61
61 382
382 52
284 172
172 271
271 186
186 255
255 187
187 268
268 206
206 249
249 202
202 227
227 226
226 208
208 211
211 219
219 213
213 264
264 197
197 248
248 204
204 244
244 185
185 253
253 188
188 269
269 171
171 288
288 151
151 284
284 210
210 244
244 211
211 257
257 204
204 283
283 171
171 284
235 234
234 215
215 233
233 207
207 235
229 235
235 222
222 227
227 217
217 214
214 219
219 232
232 229
247 236
236 230
230 219
219 246
246 215
215 244
244 229
229 208
208 241
241 240
240 198
198 259
259 231
231 258
258 202
202 250
250 203
203 253
253 209
209 261
261 187
187 274
274 188
188 262
262 200
200 247
340 94
94 342
342 120
120 335
335 143
143 303
303 176
176 273
273 164
164 282
282 174
174 301
301 201
201 247
247 185
185 284
284 153
153 285
285 146
146 324
324 127
127 333
333 88
88 340
116 340
340 108
108 348
348 101
101 371
371 72
72 374
374 85
85 345
345 112
112 327
327 116
102 355
355 98
98 329
329 102
432 47
47 391
391 50
50 394
394 39
39 430
430 24
24 432
421 55
55 418
418 20
20 427
427 38
38 432
432 19
19 417
417 12
12 456
456 7
7 426
426 15
15 421
28 414
414 37
37 409
409 31
31 387
387 48
48 426
426 32
32 421
421 61
61 381
381 102
102 346
346 88
88 354
354 101
101 366
366 96
96 358
358 113
113 330
330 105
105 334
334 116
116 407
407 67
67 383
383 28
52 400
400 28
28 403
403 57
57 386
386 52
472 62
62 386
386 69
69 426
426 60
60 401
401 63
63 399
399 42
42 417
417 31
31 423
423 21
21 427
427 45
45 441
441 3
3 435
435 19
19 472
66 386
386 65
65 399
399 85
85 380
380 66
152 323
323 115
115 337
337 117
117 327
327 127
127 340
340 128
128 344
344 129
129 361
361 64
64 445
445 46
46 387
387 78
78 349
349 136
136 318
318 152
145 312
312 147
147 294
294 131
131 296
296 138
138 332
332 152
152 297
297 164
164 287
287 202
202 310
310 145
132 296
296 175
175 312
312 149
149 292
292 154
154 327
327 147
147 315
315 142
142 302
302 171
171 293
293 163
163 297
297 156
156 299
299 158
158 280
280 197
197 269
269 191
191 277
277 188
188 278
278 155
155 323
323 161
161 295
295 132
134 363
363 136
136 350
350 105
105 355
355 132
132 328
328 145
145 321
321 133
133 308
308 134
89 364
364 106
106 346
346 117
117 352
352 121
121 360
360 89
119 368
368 89
89 367
367 64
64 400
400 68
68 390
390 76
76 399
399 81
81 378
378 79
79 372
372 86
86 343
343 116
116 337
337 134
134 326
326 125
125 319
319 119
298 197
197 299
299 163
163 298
178 280
280 167
167 298
298 157
157 303
303 154
154 325
325 149
149 315
315 162
162 292
292 185
185 260
260 195
195 262
262 215
215 252
252 212
212 270
270 179
179 266
266 178
317 184
184 266
266 195
195 285
285 169
169 282
282 168
168 287
287 189
189 271
271 214
214 220
220 233
233 259
259 241
241 213
213 250
250 230
230 249
249 242
242 180
180 281
281 173
173 276
276 165
165 291
291 178
178 330
330 133
133 340
340 155
155 332
332 140
140 305
305 138
138 317
119 374
374 98
98 362
362 157
157 313
313 141
141 317
317 135
135 308
308 144
144 337
337 119
411 73
73 385
385 90
90 378
378 96
96 375
375 101
101 358
358 129
129 349
349 116
116 347
347 127
127 355
355 108
108 381
381 82
82 388
388 84
84 356
356 119
119 369
369 92
92 397
397 66
66 411
404 69
69 392
392 76
76 400
400 66
66 404
11 450
450 15
15 456
456 35
35 438
438 8
8 443
443 5
5 444
444 33
33 393
393 44
44 413
413 84
84 390
390 70
70 404
404 75
75 411
411 36
36 472
472 20
20 429
429 11
34 446
446 19
19 454
454 31
31 428
428 21
21 429
429 34
437 34
34 433
433 17
17 431
431 36
36 424
424 51
51 405
405 49
49 423
423 37
37 422
422 28
28 437
306 172
172 288
288 194
194 271
271 193
193 281
281 182
182 280
280 179
179 286
286 165
165 306
246 263
263 205
205 256
256 237
237 222
222 246
255 272
272 211
211 255
233 255
255 209
209 254
254 199
199 287
287 221
221 244
244 220
220 247
247 249
249 233
204 275
275 212
212 274
274 204
173 311
311 148
148 344
344 145
145 333
333 193
193 273
273 180
180 297
297 187
187 301
301 185
185 294
294 179
179 282
282 190
190 278
278 204
204 260
260 233
233 252
252 246
246 223
223 289
289 173
123 335
335 151
151 302
302 164
164 305
305 175
175 316
316 167
167 340
340 142
142 326
326 166
166 304
304 174
174 331
331 168
168 291
291 173
173 300
300 218
218 306
306 123
11 448
448 13
13 460
460 39
39 410
410 77
77 353
353 91
91 364
364 94
94 373
373 93
93 359
359 131
131 348
348 137
137 360
360 123
123 336
336 111
111 358
358 109
109 345
345 115
115 362
362 110
110 367
367 106
106 383
383 74
74 413
413 48
48 437
437 11
387 71
71 432
432 69
69 408
408 65
65 387
371 119
119 378
378 112
112 371
439 87
87 380
380 96
96 385
385 74
74 404
404 88
88 388
388 120
120 371
371 107
107 387
387 79
79 399
399 90
90 410
410 49
49 434
434 23
23 450
450 13
13 470
470 16
16 444
444 10
10 442
442 3
3 459
459 6
6 467
467 11
11 439
1 479
479 10
10 449
449 23
23 443
443 17
17 439
439 52
52 469
469 1
22 474
474 31
31 455
455 17
17 458
458 18
18 439
439 40
40 428
428 37
37 444
444 22
427 44
44 409
409 42
42 422
422 48
48 416
416 58
58 429
429 54
54 396
396 50
50 447
447 22
22 442
442 32
32 484
484 6
6 461
461 14
14 448
448 19
19 467
467 29
29 427
403 71
71 393
393 56
56 403
99 388
388 155
155 375
375 97
97 380
380 99
395 89
89 393
393 78
78 394
394 64
64 395
377 101
101 392
392 70
70 435
435 84
84 418
418 102
102 384
384 96
96 395
395 99
99 377
403 76
76 401
401 113
113 377
377 93
93 391
391 74
74 403
138 342
342 118
118 352
352 130
130 354
354 124
124 341
341 148
148 314
314 138
308 153
153 349
349 138
138 308
169 328
328 174
174 307
307 196
196 300
300 187
187 312
312 190
190 296
296 159
159 308
308 169
443 73
73 459
459 18
18 478
478 24
24 462
462 28
28 443
56 437
437 49
49 414
414 65
65 425
425 56
66 441
441 65
65 417
417 59
59 431
431 56
56 406
406 75
75 412
412 53
53 443
443 41
41 439
439 21
21 454
454 30
30 480
480 36
36 446
446 55
55 440
440 68
68 409
409 83
83 404
404 93
93 382
382 104
104 380
380 101
101 385
385 114
114 343
343 173
173 327
327 177
177 315
315 186
186 288
288 180
180 279
279 181
181 282
282 204
204 314
314 154
154 335
335 162
162 323
323 164
164 309
309 150
150 348
348 169
169 298
298 170
170 295
295 165
165 346
346 111
111 365
365 135
135 392
392 125
125 372
372 117
117 403
403 85
85 434
434 66
88 421
421 58
58 423
423 86
86 417
417 88
50 438
438 53
53 436
436 112
112 397
397 103
103 384
384 129
129 434
434 88
88 409
409 79
79 441
441 69
69 433
433 78
78 426
426 90
90 413
413 75
75 408
408 94
94 401
401 82
82 420
420 25
25 464
464 15
15 457
457 22
22 460
460 19
19 458
458 47
47 452
452 66
66 402
402 50
444 63
63 449
449 21
21 466
466 17
17 468
468 59
59 440
440 57
57 415
415 131
131 379
379 117
117 380
380 115
115 385
385 105
105 396
396 72
72 386
386 92
92 424
424 43
43 444
471 35
35 466
466 30
30 477
477 38
38 451
451 8
8 485
485 9
9 471
457 57
57 467
467 28
28 471
471 11
11 486
486 22
22 465
465 60
60 444
444 45
45 457
170 341
341 172
172 324
324 170
100 399
399 108
108 389
389 100
71 444
444 83
83 411
411 100
100 359
359 138
138 350
350 137
137 354
354 145
145 382
382 106
106 376
376 171
171 326
326 146
146 321
321 163
163 336
336 170
170 323
323 187
187 333
333 161
161 347
347 128
128 352
352 126
126 380
380 136
136 364
364 116
116 406
406 71
219 262
262 222
222 247
247 227
227 245
245 219
247 245
245 232
232 228
228 247
250 247
247 235
235 238
238 250
265 231
231 289
289 232
232 261
261 250
250 219
219 265
256 224
224 266
266 233
233 264
264 241
241 262
262 220
220 253
253 217
217 260
260 219
219 256
199 285
285 217
217 267
267 205
205 278
278 262
262 256
256 261
261 254
254 246
246 265
265 199
390 98
98 422
422 72
72 429
429 95
95 400
400 97
97 390
386 105
105 390
390 101
101 431
431 67
67 446
446 94
94 411
411 107
107 383
383 144
144 358
358 137
137 373
373 123
123 398
398 91
91 386
284 227
227 320
320 186
186 344
344 160
160 376
376 111
111 386
386 106
106 391
391 119
119 377
377 142
142 356
356 132
132 374
374 165
165 305
305 204
204 294
294 191
191 284
210 287
287 208
208 276
276 212
212 304
304 222
222 284
284 198
198 280
280 216
216 286
286 210
206 292
292 207
207 268
268 200
200 271
271 228
228 269
269 206
180 307
307 216
216 281
281 206
206 298
298 211
211 302
302 213
213 248
248 238
238 244
244 239
239 243
243 260
260 230
230 285
285 219
219 294
294 210
210 290
290 199
199 299
299 209
209 297
297 202
202 293
293 180
122 405
405 116
116 449
449 75
75 428
428 74
74 402
402 135
135 388
388 138
138 360
360 180
180 318
318 159
159 325
325 182
182 324
324 189
189 327
327 183
183 362
362 122
26 464
464 27
27 470
470 109
109 394
394 104
104 401
401 122
122 366
366 124
124 408
408 82
82 414
414 71
71 454
454 65
65 442
442 61
61 437
437 112
112 455
455 33
33 473
473 32
32 458
458 21
21 468
468 18
18 461
461 45
45 466
466 37
37 448
448 46
46 457
457 50
50 463
463 51
51 427
427 26
16 489
489 17
17 479
479 37
37 486
486 30
30 471
471 40
40 468
468 56
56 457
457 53
53 456
456 26
26 483
483 16
343 146
146 334
334 139
139 339
339 140
140 384
384 126
126 385
385 136
136 383
383 118
118 343
147 352
352 139
139 360
360 148
148 343
343 153
153 321
321 176
176 348
348 158
158 345
345 149
149 337
337 147
440 98
98 419
419 96
96 413
413 91
91 409
409 89
89 404
404 140
140 367
367 147
147 338
338 141
141 425
425 82
82 429
429 80
80 444
444 79
79 440
346 177
177 337
337 150
150 357
357 173
173 346
249 282
282 225
225 275
275 252
252 258
258 236
236 248
248 269
269 253
253 263
263 249
266 261
261 269
269 249
249 266
349 166
166 335
335 184
184 340
340 188
188 330
330 183
183 355
355 176
176 341
341 203
203 280
280 247
247 264
264 251
251 248
248 245
245 281
281 259
259 266
266 241
241 278
278 214
214 308
308 191
191 301
301 232
232 295
295 242
242 289
289 237
237 318
318 201
201 322
322 154
154 329
329 159
159 349
353 154
154 365
365 130
130 353
175 342
342 193
193 339
339 150
150 384
384 147
147 374
374 134
134 359
359 182
182 348
348 209
209 310
310 225
225 306
306 219
219 286
286 236
236 268
268 250
250 287
287 252
252 321
321 181
181 331
331 175
329 202
202 323
323 204
204 326
326 190
190 317
317 167
167 335
335 175
175 329
145 359
359 181
181 335
335 192
192 305
305 179
179 329
329 156
156 357
357 161
161 356
356 145
152 367
367 169
169 366
366 145
145 368
368 139
139 353
353 143
143 354
354 141
141 350
350 160
160 349
349 187
187 346
346 170
170 358
358 152
213 355
355 184
184 338
338 175
175 376
376 170
170 386
386 115
115 390
390 124
124 394
394 130
130 369
369 187
187 371
371 127
127 416
416 105
105 395
395 106
106 401
401 123
123 397
397 158
158 351
351 191
191 327
327 213
220 299
299 212
212 290
290 215
215 270
270 240
240 273
273 220
303 260
260 248
248 280
280 220
220 305
305 229
229 275
275 239
239 277
277 223
223 307
307 197
197 303
319 217
217 314
314 212
212 303
303 211
211 315
315 178
178 367
367 153
153 381
381 111
111 399
399 184
184 358
358 179
179 353
353 166
166 359
359 173
173 364
364 195
195 291
291 206
206 319
160 399
399 129
129 394
394 178
178 332
332 186
186 325
325 217
217 322
322 232
232 326
326 211
211 316
316 212
212 319
319 196
196 333
333 213
213 335
335 207
207 360
360 160
378 146
146 350
350 163
163 349
349 162
162 370
370 160
160 383
383 137
137 378
458 53
53 465
465 85
85 460
460 33
33 458
80 436
436 70
70 430
430 71
71 458
458 41
41 480
480 37
37 489
489 39
39 483
483 45
45 474
474 52
52 448
448 72
72 437
437 92
92 402
402 120
120 418
418 148
148 378
378 188
188 357
357 190
190 363
363 152
152 361
361 132
132 422
422 104
104 432
432 80
93 424
424 99
99 409
409 93
54 478
478 29
29 482
482 48
48 472
472 47
47 461
461 69
69 456
456 54
80 450
450 78
78 466
466 53
53 479
479 51
51 477
477 63
63 469
469 54
54 448
448 55
55 452
452 95
95 436
436 93
93 430
430 82
82 438
438 80
159 352
352 186
186 362
362 208
208 288
288 200
200 291
291 221
221 313
313 197
197 379
379 180
180 361
361 185
185 343
343 156
156 395
395 125
125 398
398 133
133 387
387 114
114 421
421 100
100 439
439 108
108 420
420 110
110 401
401 129
129 405
405 126
126 426
426 102
102 438
438 89
89 423
423 77
77 443
443 68
68 457
457 93
93 456
456 76
76 415
415 179
179 366
366 175
175 351
351 159
97 410
410 114
114 433
433 134
134 387
387 144
144 398
398 150
150 377
377 159
159 368
368 152
152 407
407 120
120 404
404 97
452 99
99 446
446 96
96 452
461 77
77 465
465 76
76 468
468 67
67 461
427 128
128 372
372 153
153 413
413 113
113 432
432 114
114 435
435 134
134 461
461 102
102 443
443 103
103 427
445 91
91 423
423 100
100 428
428 107
107 427
427 110
110 424
424 115
115 415
415 119
119 401
401 163
163 385
385 152
152 410
410 125
125 406
406 139
139 400
400 117
117 396
396 161
161 380
380 127
127 417
417 111
111 452
452 88
88 442
442 97
97 411
411 101
101 448
448 70
70 453
453 80
80 440
440 64
64 467
467 87
87 451
451 84
84 445
49 483
483 41
41 471
471 56
56 474
474 49
224 288
288 231
231 293
293 205
205 279
279 224
307 231
231 297
297 233
233 306
306 227
227 307
240 307
307 235
235 290
290 239
239 276
276 245
245 273
273 303
303 226
226 304
304 224
224 283
283 240
373 186
186 359
359 212
212 343
343 199
199 296
296 244
244 347
347 205
205 300
300 237
237 292
292 228
228 279
279 249
249 271
271 251
251 278
278 269
269 274
274 230
230 286
286 248
248 291
291 261
261 277
277 256
256 265
265 266
266 275
275 253
253 270
270 285
285 240
240 318
318 242
242 381
381 174
174 373
396 187
187 373
373 173
173 400
400 152
152 396
118 411
411 106
106 412
412 144
144 394
394 157
157 365
365 164
164 377
377 177
177 370
370 167
167 396
396 118
84 465
465 82
82 459
459 84
466 86
86 468
468 80
80 466
389 142
142 412
412 137
137 389
408 156
156 389
389 153
153 397
397 136
136 408
388 205
205 385
385 171
171 390
390 165
165 377
377 169
169 392
392 182
182 408
408 145
145 391
391 141
141 466
466 84
84 457
457 106
106 437
437 81
81 444
444 118
118 452
452 114
114 439
439 110
110 431
431 189
189 342
342 203
203 349
349 168
168 388
221 312
312 256
256 298
298 236
236 290
290 241
241 279
279 265
265 258
258 304
304 244
244 300
300 221
334 214
214 309
309 222
222 328
328 230
230 302
302 238
238 267
267 263
263 268
268 266
266 291
291 295
295 241
241 308
308 221
221 343
343 252
252 296
296 215
215 317
317 250
250 299
299 246
246 323
323 220
220 311
311 216
216 316
316 225
225 329
329 196
196 345
345 193
193 351
351 183
183 410
410 169
169 399
399 200
200 334
196 337
337 198
198 331
331 196
217 353
353 192
192 359
359 196
196 365
365 210
210 334
334 213
213 340
340 211
211 336
336 217
311 228
228 320
320 239
239 312
312 284
284 265
265 281
281 257
257 283
283 251
251 279
279 269
269 307
307 262
262 349
349 230
230 359
359 226
226 311
233 326
326 242
242 342
342 206
206 345
345 225
225 348
348 199
199 354
354 229
229 324
324 197
197 325
325 233
268 294
294 247
247 289
289 281
281 271
271 277
277 290
290 245
245 292
292 240
240 302
302 258
258 283
283 306
306 241
241 329
329 233
233 311
311 253
253 296
296 254
254 280
280 268
314 268
268 282
282 264
264 272
272 267
267 331
331 227
227 310
310 222
222 314
315 255
255 314
314 218
218 315
221 333
333 223
223 350
350 197
197 375
375 211
211 367
367 251
251 326
326 237
237 315
315 221
472 61
61 462
462 150
150 434
434 136
136 428
428 104
104 459
459 120
120 414
414 170
170 387
387 172
172 352
352 201
201 325
325 241
241 313
313 222
222 322
322 228
228 332
332 267
267 275
275 276
276 266
266 280
280 290
290 279
279 270
270 314
314 260
260 309
309 248
248 300
300 249
249 308
308 262
262 348
348 227
227 363
363 207
207 351
351 221
221 327
327 215
215 355
355 217
217 356
356 176
176 388
388 143
143 476
476 49
49 472
474 73
73 454
454 72
72 467
467 71
71 473
473 62
62 474
441 161
161 421
421 169
169 425
425 146
146 391
391 160
160 397
397 164
164 378
378 151
151 411
411 130
130 409
409 122
122 441
319 247
247 340
340 218
218 319
244 319
319 243
243 310
310 244
206 358
358 229
229 360
360 218
218 356
356 267
267 342
342 244
244 327
327 242
242 328
328 237
237 365
365 233
233 344
344 206
293 290
290 301
301 257
257 300
300 271
271 308
308 265
265 304
304 286
286 266
266 292
292 259
259 316
316 245
245 293
280 297
297 270
270 283
283 285
285 272
272 280
311 246
246 302
302 275
275 280
280 269
269 292
292 293
293 240
240 311
361 248
248 318
318 262
262 321
321 292
292 272
272 311
311 236
236 356
356 230
230 361
257 319
319 258
258 317
317 231
231 339
339 238
238 334
334 224
224 322
322 240
240 312
312 257
302 277
277 274
274 278
278 263
263 302
270 307
307 281
281 302
302 270
206 371
371 236
236 324
324 270
270 315
315 271
271 327
327 294
294 273
273 283
283 276
276 319
319 262
262 330
330 254
254 329
329 257
257 361
361 206
139 417
417 144
144 430
430 100
100 436
436 137
137 414
414 139
123 438
438 105
105 444
444 139
139 420
420 141
141 443
443 116
116 424
424 123
485 63
63 488
488 21
21 485
485 72
72 478
478 61
61 487
487 37
37 485
464 96
96 485
485 36
36 484
484 70
70 464
107 450
450 97
97 457
457 100
100 464
464 57
57 463
463 95
95 454
454 128
128 439
439 123
123 419
419 132
132 372
372 206
206 370
370 208
208 366
366 192
192 374
374 162
162 382
382 151
151 402
402 147
147 404
404 135
135 426
426 129
129 429
429 111
111 442
442 131
131 441
441 121
121 446
446 127
127 415
415 126
126 437
437 107
472 150
150 464
464 107
107 458
458 75
75 474
474 64
64 481
481 84
84 483
483 94
94 470
470 53
53 471
471 54
54 472
445 105
105 448
448 103
103 467
467 82
82 481
481 96
96 478
478 79
79 472
472 98
98 445
175 451
451 125
125 436
436 138
138 406
406 143
143 401
401 165
165 397
397 174
174 404
404 157
157 403
403 153
153 431
431 124
124 393
393 172
172 412
412 149
149 394
394 171
171 430
430 180
180 389
389 175
372 181
181 368
368 183
183 391
391 154
154 372
341 222
222 364
364 193
193 346
346 202
202 337
337 249
249 339
339 243
243 328
328 250
250 320
320 279
279 303
303 277
277 322
322 260
260 333
333 235
235 351
351 219
219 341
415 168
168 382
382 228
228 341
341 216
216 403
403 162
162 398
398 167
167 380
380 190
190 368
368 210
210 373
373 201
201 372
372 196
196 392
392 185
185 399
399 175
175 409
409 140
140 415
90 463
463 137
137 453
453 136
136 437
437 134
134 455
455 115
115 432
432 152
152 401
401 151
151 415
415 160
160 450
450 117
117 445
445 90
479 67
67 482
482 61
61 479
460 97
97 487
487 73
73 480
480 68
68 447
447 89
89 469
469 103
103 472
472 141
141 441
441 134
134 445
445 129
129 462
462 92
92 471
471 88
88 460
460 114
114 467
467 118
118 447
447 116
116 480
480 91
91 460
486 100
100 488
488 68
68 484
484 76
76 486
176 387
387 207
207 382
382 176
199 357
357 197
197 374
374 198
198 352
352 199
413 199
199 362
362 194
194 369
369 166
166 406
406 158
158 413
159 413
413 165
165 405
405 176
176 377
377 203
203 368
368 209
209 366
366 227
227 372
372 213
213 376
376 192
192 396
396 191
191 378
378 201
201 384
384 159
416 183
183 389
389 188
188 407
407 166
166 393
393 142
142 416
460 113
113 427
427 147
147 416
416 171
171 405
405 173
173 380
380 201
201 386
386 196
196 377
377 213
213 421
421 162
162 413
413 182
182 395
395 159
159 440
440 111
111 456
456 108
108 484
484 91
91 486
486 77
77 474
474 105
105 460
166 439
439 168
168 433
433 135
135 444
444 153
153 423
423 160
160 416
416 166
477 126
126 454
454 135
135 442
442 168
168 441
441 166
166 427
427 145
145 456
456 112
112 460
460 101
101 477
146 453
453 170
170 468
468 97
97 489
489 98
98 478
478 116
116 487
487 99
99 465
465 132
132 452
452 140
140 438
438 124
124 446
446 146
128 484
484 119
119 471
471 109
109 483
483 103
103 482
482 146
146 435
435 145
145 436
436 143
143 477
477 106
106 479
479 104
104 457
457 128
122 447
447 139
139 459
459 151
151 428
428 159
159 418
418 122
398 188
188 406
406 186
186 398
378 195
195 398
398 193
193 378
185 426
426 175
175 405
405 185
163 458
458 142
142 444
444 184
184 401
401 172
172 427
427 185
185 412
412 181
181 409
409 178
178 402
402 203
203 378
378 206
206 423
423 164
164 420
420 163
472 147
147 435
435 180
180 448
448 111
111 481
481 114
114 474
474 134
134 447
447 130
130 480
480 120
120 467
467 127
127 469
469 129
129 472
149 472
472 145
145 443
443 166
166 459
459 152
152 438
438 163
163 436
436 148
148 473
473 112
112 485
485 122
122 424
424 149
201 408
408 206
206 399
399 190
190 409
409 198
198 387
387 201
305 295
295 296
296 266
266 305
220 385
385 208
208 378
378 209
209 371
371 221
221 376
376 220
231 341
341 232
232 336
336 231
366 217
217 357
357 216
216 373
373 215
215 366
234 366
366 231
231 353
353 224
224 379
379 222
222 387
387 220
220 345
345 283
283 287
287 263
263 310
310 274
274 305
305 234
307 277
277 327
327 272
272 307
277 310
310 291
291 276
276 308
308 282
282 305
305 309
309 277
304 280
280 314
314 281
281 316
316 269
269 312
312 261
261 317
317 277
277 330
330 268
268 324
324 275
275 304
313 304
304 278
278 334
334 297
297 290
290 306
306 285
285 307
307 287
287 328
328 253
253 313
234 362
362 237
237 335
335 264
264 300
300 263
263 313
313 259
259 346
346 214
214 386
386 209
209 404
404 187
187 400
400 208
208 397
397 213
213 378
378 226
226 373
373 239
239 338
338 257
257 332
332 234
289 322
322 306
306 295
295 314
314 305
305 289
307 322
322 304
304 330
330 285
285 313
313 293
293 307
325 295
295 307
307 289
289 302
302 301
301 300
300 290
290 357
357 234
234 337
337 255
255 325
245 345
345 289
289 339
339 270
270 325
325 245
405 237
237 370
370 224
224 358
358 243
243 362
362 282
282 332
332 281
281 340
340 257
257 344
344 242
242 360
360 259
259 353
353 232
232 368
368 217
217 391
391 212
212 371
371 233
233 373
373 245
245 380
380 211
211 439
439 181
181 418
418 197
197 413
413 201
201 389
389 194
194 405
374 223
223 386
386 221
221 390
390 196
196 394
394 204
204 374
219 398
398 204
204 396
396 216
216 374
374 244
244 355
355 219
293 320
320 308
308 287
287 319
319 293
247 337
337 293
293 316
316 327
327 318
318 314
314 302
302 311
311 288
288 329
329 271
271 333
333 285
285 336
336 247
343 254
254 372
372 301
301 335
335 250
250 354
354 202
202 388
388 223
223 387
387 246
246 355
355 249
249 379
379 235
235 358
358 230
230 377
377 247
247 350
350 241
241 343
343 284
284 324
324 269
269 343
275 343
343 238
238 367
367 248
248 363
363 255
255 347
347 256
256 323
323 274
274 331
331 275
383 229
229 387
387 275
275 376
376 233
233 374
374 243
243 423
423 207
207 400
400 219
219 383
356 270
270 347
347 257
257 356
321 329
329 309
309 325
325 308
308 321
449 162
162 428
428 167
167 431
431 154
154 449
165 449
449 155
155 411
411 157
157 419
419 187
187 435
435 189
189 436
436 178
178 414
414 156
156 434
434 179
179 437
437 165
154 467
467 138
138 442
442 169
169 424
424 177
177 441
441 178
178 456
456 154
462 210
210 401
401 208
208 414
414 192
192 393
393 196
196 422
422 188
188 432
432 133
133 474
474 136
136 469
469 144
144 461
461 168
168 462
475 156
156 453
453 169
169 462
462 154
154 438
438 165
165 429
429 255
255 371
371 267
267 361
361 269
269 338
338 308
308 326
326 278
278 343
343 277
277 342
342 321
321 298
298 331
331 286
286 336
336 313
313 291
291 333
333 295
295 356
356 238
238 383
383 217
217 405
405 191
191 415
415 172
172 463
463 115
115 470
470 149
149 465
465 121
121 488
488 128
128 475
258 365
365 268
268 345
345 284
284 363
363 274
274 341
341 258
406 205
205 396
396 211
211 382
382 218
218 392
392 222
222 389
389 224
224 385
385 241
241 374
374 263
263 349
349 272
272 352
352 258
258 375
375 202
202 406
182 441
441 180
180 456
456 186
186 437
437 206
206 420
420 182
193 425
425 182
182 416
416 204
204 406
406 193
450 175
175 452
452 162
162 450
469 142
142 487
487 143
143 446
446 161
161 457
457 165
165 450
450 192
192 444
444 166
166 466
466 168
168 470
470 179
179 453
453 176
176 445
445 190
190 407
407 205
205 409
409 237
237 412
412 191
191 429
429 167
167 454
454 133
133 480
480 138
138 469
177 434
434 194
194 417
417 239
239 393
393 215
215 419
419 198
198 456
456 206
206 469
469 154
154 465
465 159
159 438
438 193
193 428
428 177
209 435
435 198
198 430
430 215
215 411
411 230
230 405
405 231
231 407
407 209
178 483
483 131
131 486
486 147
147 474
474 149
149 476
476 163
163 446
446 178
171 471
471 154
154 485
485 150
150 473
473 178
178 449
449 182
182 442
442 171
201 427
427 207
207 447
447 171
171 431
431 195
195 417
417 202
202 422
422 199
199 432
432 211
211 400
400 243
243 386
386 229
229 388
388 233
233 384
384 250
250 337
337 253
253 368
368 252
252 360
360 264
264 348
348 265
265 395
395 212
212 414
414 209
209 394
394 221
221 399
399 214
214 415
415 201
475 142
142 484
484 164
164 446
446 188
188 449
449 201
201 437
437 219
219 433
433 177
177 460
460 140
140 475
254 367
367 258
258 373
373 248
248 370
370 278
278 338
338 291
291 339
339 309
309 340
340 285
285 347
347 271
271 406
406 252
252 374
374 249
249 392
392 260
260 337
337 286
286 355
355 254
424 187
187 440
440 183
183 424
173 468
468 188
188 451
451 201
201 452
452 212
212 425
425 199
199 424
424 205
205 429
429 225
225 416
416 222
222 402
402 223
223 390
390 240
240 378
378 232
232 369
369 254
254 360
360 265
265 382
382 227
227 415
415 229
229 436
436 196
196 410
410 217
217 443
443 172
172 459
459 173
461 166
166 446
446 183
183 459
459 187
187 471
471 173
173 458
458 177
177 467
467 155
155 461
152 484
484 188
188 488
488 142
142 479
479 145
145 486
486 172
172 480
480 166
166 464
464 157
157 461
461 151
151 472
472 152
246 415
415 232
232 388
388 246
233 399
399 226
226 396
396 233
375 265
265 362
362 264
264 375
299 332
332 290
290 303
303 299
337 290
290 372
372 288
288 315
315 299
299 273
273 350
350 289
289 375
375 261
261 337
287 346
346 279
279 341
341 290
290 338
338 292
292 333
333 324
324 287
251 400
400 274
274 365
365 277
277 353
353 287
287 358
358 257
257 378
378 282
282 366
366 256
256 367
367 297
297 337
337 304
304 352
352 328
328 327
327 319
319 305
305 335
335 302
302 370
370 258
258 379
379 251
300 341
341 331
331 318
318 330
330 316
316 312
312 300
303 323
323 300
300 303
194 466
466 187
187 486
486 151
151 479
479 159
159 474
474 196
196 438
438 209
209 441
441 203
203 428
428 242
242 359
359 283
283 361
361 286
286 342
342 309
309 344
344 303
303 338
338 371
371 268
268 390
390 248
248 393
393 251
251 388
388 235
235 407
407 233
233 394
394 228
228 385
385 244
244 387
387 247
247 408
408 246
246 401
401 220
220 418
418 191
191 440
440 194
192 474
474 168
168 482
482 120
120 481
481 194
194 460
460 193
193 454
454 192
458 197
197 446
446 195
195 473
473 177
177 464
464 171
171 450
450 180
180 457
457 192
192 458
223 414
414 230
230 428
428 228
228 452
452 204
204 451
451 202
202 454
454 216
216 409
409 240
240 399
399 266
266 389
389 278
278 391
391 275
275 405
405 236
236 410
410 223
268 394
394 241
241 399
399 253
253 354
354 271
271 362
362 292
292 342
342 313
313 340
340 322
322 310
310 311
311 353
353 281
281 350
350 293
293 368
368 256
256 380
380 283
283 382
382 277
277 367
367 264
264 388
388 254
254 377
377 270
270 373
373 268
257 383
383 272
272 364
364 257
410 243
243 409
409 241
241 410
271 360
360 309
309 378
378 269
269 396
396 254
254 414
414 247
247 410
410 256
256 386
386 282
282 383
383 316
316 350
350 300
300 349
349 285
285 385
385 286
286 367
367 291
291 345
345 294
294 365
365 276
276 387
387 249
249 402
402 257
257 359
359 271
369 297
297 389
389 276
276 369
310 337
337 315
315 338
338 324
324 335
335 310
343 310
310 357
357 312
312 347
347 330
330 320
320 352
352 349
349 307
307 358
358 299
299 339
339 355
355 302
302 336
336 317
317 296
296 343
413 274
274 403
403 221
221 422
422 232
232 426
426 208
208 462
462 240
240 412
412 248
248 409
409 318
318 343
343 298
298 369
369 238
238 398
398 263
263 393
393 271
271 379
379 303
303 346
346 314
314 323
323 326
326 333
333 305
305 372
372 304
304 388
388 268
268 413
174 465
465 180
180 485
485 205
205 437
437 220
220 429
429 226
226 424
424 200
200 434
434 234
234 425
425 224
224 404
404 218
218 417
417 279
279 390
390 290
290 377
377 267
267 384
384 303
303 382
382 289
289 376
376 288
288 380
380 270
270 413
413 223
223 432
432 217
217 458
458 174
376 327
327 333
333 329
329 375
375 309
309 376
260 408
408 259
259 401
401 262
262 392
392 280
280 334
334 345
345 326
326 359
359 312
312 376
376 291
291 400
400 260
260 418
418 243
243 436
436 235
235 420
420 268
268 399
399 261
261 386
386 309
309 382
382 308
308 367
367 312
312 377
377 322
322 347
347 379
379 273
273 408
408 289
289 385
385 296
296 397
397 265
265 402
402 260
438 221
221 421
421 265
265 416
416 260
260 424
424 237
237 419
419 223
223 457
457 199
199 459
459 200
200 430
430 213
213 441
441 218
218 438
433 262
262 404
404 227
227 431
431 249
249 433
319 348
348 325
325 332
332 319
329 354
354 330
330 405
405 282
282 390
390 306
306 342
342 332
332 340
340 319
319 353
353 365
365 339
339 337
337 329
342 335
335 350
350 346
346 344
344 315
315 342
352 331
331 375
375 338
338 353
353 335
335 345
345 370
370 342
342 319
319 380
380 325
325 352
323 343
343 341
341 323
386 310
310 362
362 287
287 363
363 292
292 364
364 298
298 361
361 323
323 376
376 326
326 352
352 329
329 401
401 281
281 395
395 275
275 413
413 272
272 433
433 264
264 386
434 224
224 453
453 217
217 446
446 220
220 443
443 219
219 450
450 185
185 445
445 211
211 434
437 232
232 439
439 215
215 434
434 248
248 440
440 264
264 458
458 244
244 426
426 251
251 421
421 231
231 437
475 207
207 442
442 238
238 435
435 253
253 419
419 243
243 466
466 202
202 485
485 197
197 470
470 190
190 449
449 234
234 437
437 306
306 396
396 293
293 386
386 301
301 409
409 250
250 438
438 225
225 461
461 183
183 483
483 192
192 487
487 152
152 475
215 448
448 220
220 449
449 209
209 442
442 215
475 215
215 455
455 191
191 467
467 180
180 475
206 473
473 218
218 454
454 211
211 460
460 206
232 472
472 244
244 470
470 219
219 444
444 224
224 454
454 245
245 412
412 241
241 420
420 256
256 428
428 260
260 423
423 257
257 457
457 232
448 222
222 427
427 271
271 402
402 293
293 436
436 248
248 442
442 221
221 448
208 477
477 236
236 439
439 276
276 392
392 273
273 381
381 283
283 393
393 267
267 398
398 258
258 449
449 229
229 448
448 233
233 451
451 208
475 208
208 480
480 206
206 464
464 200
200 475
450 228
228 463
463 224
224 450
484 233
233 450
450 234
234 451
451 252
252 407
407 261
261 435
435 242
242 460
460 221
221 473
473 226
226 489
489 165
165 484
419 263
263 414
414 259
259 419
484 206
206 481
481 224
224 474
474 225
225 447
447 251
251 439
439 242
242 488
488 202
202 471
471 222
222 473
473 229
229 455
455 252
252 466
466 257
257 426
426 246
246 429
429 227
227 411
411 278
278 434
434 231
231 459
459 237
237 441
441 239
239 425
425 277
277 392
392 290
290 419
419 258
258 467
467 195
195 484
239 468
468 185
185 478
478 217
217 464
464 239
333 364
364 307
307 356
356 302
302 368
368 313
313 358
358 333
395 313
313 373
373 317
317 357
357 321
321 368
368 344
344 360
360 333
333 351
351 332
332 363
363 300
300 366
366 294
294 395
292 425
425 278
278 413
413 280
280 407
407 303
303 392
392 325
325 395
395 292
412 285
285 421
421 272
272 424
424 266
266 412
283 412
412 281
281 407
407 283
243 437
437 283
283 422
422 273
273 404
404 292
292 398
398 275
275 426
426 267
267 427
427 243
443 249
249 465
465 243
243 443
459 263
263 430
430 247
247 437
437 271
271 443
443 246
246 472
472 238
238 489
489 239
239 459
461 251
251 459
459 234
234 461
361 355
355 346
346 353
353 349
349 361
347 337
337 343
343 354
354 351
351 361
361 324
324 347
331 389
389 328
328 359
359 331
362 331
331 385
385 304
304 386
386 315
315 362
369 329
329 368
368 362
362 343
343 347
347 341
341 367
367 336
336 413
413 295
295 383
383 314
314 378
378 340
340 375
375 357
357 319
319 436
436 317
317 398
398 311
311 369
267 451
451 254
254 417
417 230
230 431
431 293
293 404
404 330
330 366
366 319
319 369
369 305
305 400
400 297
297 410
410 261
261 429
429 267
237 474
474 256
256 455
455 231
231 447
447 250
250 452
452 271
271 439
439 253
253 441
441 247
247 444
444 267
267 473
473 257
257 471
471 249
249 461
461 237
215 485
485 212
212 482
482 234
234 481
481 240
240 483
483 211
211 478
478 215
369 334
334 372
372 329
329 377
377 324
324 369
374 344
344 395
395 337
337 369
369 347
347 366
366 333
333 374
335 372
372 346
346 356
356 361
361 375
375 349
349 368
368 364
364 335
440 266
266 428
428 331
331 386
386 305
305 394
394 308
308 390
390 329
329 378
378 351
351 377
377 335
335 374
374 300
300 406
406 297
297 419
419 304
304 423
423 274
274 463
463 255
255 438
438 259
259 453
453 246
246 481
481 253
253 440
429 285
285 418
418 294
294 384
384 287
287 399
399 312
312 387
387 309
309 437
437 268
268 429
290 430
430 288
288 435
435 287
287 434
434 296
296 414
414 299
299 384
384 339
339 381
381 324
324 397
397 315
315 396
396 328
328 418
418 290
487 222
222 477
477 293
293 435
435 290
290 426
426 284
284 429
429 270
270 440
440 258
258 450
450 269
269 464
464 221
221 476
476 244
244 480
480 216
216 487
425 301
301 391
391 316
316 434
434 294
294 422
422 292
292 417
417 299
299 425
334 399
399 298
298 411
411 261
261 438
438 280
280 420
420 319
319 425
425 322
322 393
393 334
407 307
307 409
409 308
308 408
408 305
305 407
407 339
339 397
397 328
328 407
410 312
312 403
403 309
309 416
416 298
298 433
433 299
299 421
421 305
305 410
384 340
340 390
390 323
323 410
410 313
313 437
437 310
310 388
388 361
361 374
374 342
342 383
383 327
327 387
387 367
367 395
395 407
407 291
291 430
430 330
330 406
406 324
324 394
394 334
334 386
386 338
338 380
380 375
375 398
398 326
326 384
347 394
394 333
333 382
382 335
335 391
391 347
370 372
372 343
343 410
410 347
347 370
353 369
369 362
362 401
401 378
378 343
343 389
389 357
357 380
380 358
358 353
273 442
442 304
304 446
446 261
261 444
444 334
334 404
404 335
335 385
385 383
383 344
344 386
386 353
353 354
354 359
359 332
332 406
406 370
370 348
348 384
384 320
320 426
426 300
300 424
424 273
475 227
227 445
445 272
272 457
457 262
262 469
469 228
228 476
476 255
255 474
474 246
246 489
489 243
243 468
468 270
270 431
431 273
273 466
466 259
259 448
448 266
266 486
486 230
230 487
487 237
237 462
462 248
248 484
484 220
220 475
438 285
285 439
439 281
281 438
428 289
289 481
481 254
254 459
459 258
258 477
477 252
252 470
470 269
269 468
468 275
275 441
441 260
260 448
448 315
315 409
409 321
321 423
423 344
344 400
400 338
338 399
399 349
349 385
385 345
345 382
382 352
352 402
402 316
316 439
439 300
300 438
438 277
277 428
281 460
460 268
268 453
453 267
267 450
450 291
291 415
415 286
286 440
440 283
283 443
443 294
294 457
457 281
428 292
292 441
441 285
285 461
461 281
281 452
452 279
279 428
455 287
287 449
449 285
285 448
448 277
277 447
447 273
273 455
393 353
353 390
390 342
342 396
396 323
323 415
415 325
325 432
432 278
278 455
455 274
274 427
427 336
336 393
341 409
409 350
350 341
433 323
323 403
403 320
320 392
392 341
341 393
393 327
327 422
422 314
314 419
419 302
302 433
288 467
467 263
263 469
469 316
316 438
438 303
303 444
444 288
465 313
313 424
424 321
321 455
455 288
288 465
440 303
303 465
465 296
296 440
278 477
477 311
311 417
417 360
360 359
359 380
380 384
384 356
356 388
388 362
362 385
385 365
365 394
394 351
351 405
405 337
337 455
455 338
338 418
418 341
341 429
429 307
307 440
440 318
318 441
441 297
297 459
459 278
278 466
466 281
281 463
463 278
420 359
359 419
419 358
358 425
425 341
341 437
437 325
325 438
438 322
322 445
445 318
318 460
460 289
289 476
476 268
268 472
472 278
278 442
442 295
295 420
462 338
338 464
464 289
289 462
373 416
416 333
333 462
462 264
264 487
487 258
258 471
471 285
285 469
469 290
290 449
449 322
322 460
460 327
327 432
432 340
340 420
420 354
354 366
366 373
357 415
415 362
362 400
400 357
283 479
479 256
256 478
478 245
245 456
456 298
298 442
442 283
451 320
320 434
434 319
319 465
465 306
306 444
444 310
310 476
476 297
297 450
450 283
283 451
374 390
390 386
386 382
382 415
415 361
361 399
399 342
342 420
420 345
345 436
436 341
341 440
440 314
314 453
453 271
271 471
471 284
284 451
451 299
299 447
447 349
349 422
422 339
339 417
417 355
355 414
414 326
326 403
403 352
352 387
387 402
402 363
363 377
377 372
372 374
392 385
385 376
376 346
346 391
391 343
343 403
403 374
374 379
379 348
348 389
389 381
381 366
366 396
396 410
410 365
365 405
405 357
357 392
428 347
347 417
417 392
392 369
369 373
373 364
364 433
433 308
308 428
431 339
339 474
474 275
275 488
488 261
261 456
456 300
300 442
442 305
305 430
430 335
335 438
438 337
337 431
443 312
312 450
450 309
309 408
408 342
342 411
411 365
365 423
423 346
346 431
431 301
301 443
475 302
302 443
443 324
324 428
428 282
282 475
286 466
466 283
283 480
480 245
245 485
485 266
266 458
458 301
301 442
442 332
332 439
439 333
333 441
441 321
321 489
489 251
251 484
484 291
291 451
451 292
292 472
472 272
272 456
456 286
276 483
483 321
321 444
444 324
324 449
449 294
294 454
454 305
305 468
468 298
298 470
470 276
368 377
377 387
387 371
371 368
353 444
444 323
323 450
450 347
347 435
435 346
346 426
426 348
348 418
418 360
360 429
429 342
342 409
409 396
396 375
375 404
404 353
475 288
288 461
461 323
323 465
465 387
387 390
390 417
417 365
365 432
432 345
345 428
428 356
356 397
397 351
351 435
435 367
367 401
401 364
364 409
409 357
357 406
406 353
353 438
438 388
388 368
368 441
441 336
336 430
430 352
352 447
447 326
326 469
469 292
292 456
456 320
320 459
459 307
307 457
457 318
318 471
471 286
286 475
473 313
313 472
472 306
306 486
486 270
270 473
398 397
397 376
376 398
380 405
405 398
398 377
377 391
391 390
390 389
389 380
368 411
411 380
380 399
399 368
382 405
405 399
399 382
458 334
334 446
446 332
332 459
459 335
335 452
452 309
309 456
456 371
371 395
395 373
373 439
439 356
356 438
438 382
382 426
426 368
368 393
393 369
369 418
418 366
366 406
406 407
407 401
401 379
379 428
428 357
357 442
442 308
308 485
485 305
305 458
403 379
379 409
409 386
386 404
404 377
377 435
435 374
374 411
411 369
369 406
406 378
378 403
320 478
478 314
314 467
467 328
328 408
408 351
351 430
430 389
389 418
418 372
372 394
394 391
391 406
406 402
402 403
403 364
364 412
412 380
380 423
423 366
366 419
419 362
362 424
424 360
360 449
449 333
333 458
458 280
280 483
483 287
287 473
473 320
461 308
308 479
479 323
323 487
487 294
294 461
350 454
454 319
319 451
451 326
326 453
453 315
315 457
457 322
322 456
456 331
331 443
443 330
330 470
470 343
343 445
445 372
372 425
425 375
375 411
411 377
377 416
416 390
390 395
395 421
421 350
453 372
372 452
452 362
362 453
344 462
462 372
372 455
455 344
475 307
307 482
482 306
306 483
483 316
316 476
476 344
344 448
448 363
363 436
436 355
355 427
427 408
408 370
370 420
420 364
364 424
424 365
365 447
447 367
367 453
453 369
369 412
412 377
377 425
425 394
394 381
381 473
473 343
343 478
478 341
341 472
472 331
331 460
460 350
350 446
446 351
351 440
440 358
358 458
458 360
360 437
437 345
345 459
459 336
336 461
461 295
295 475
395 412
412 402
402 411
411 381
381 414
414 405
405 422
422 420
420 379
379 430
430 365
365 431
431 401
401 425
425 415
415 393
393 395
451 367
367 448
448 358
358 451
451 388
388 448
448 373
373 447
447 374
374 440
440 396
396 433
433 378
378 451
479 326
326 471
471 380
380 427
427 390
390 424
424 385
385 451
451 400
400 391
391 414
414 395
395 443
443 340
340 474
474 350
350 485
485 330
330 481
481 346
346 467
467 324
324 479
457 369
369 459
459 351
351 466
466 342
342 457
462 369
369 460
460 361
361 462
417 403
403 409
409 384
384 430
430 395
395 417
417 405
405 423
423 398
398 417
378 454
454 365
365 449
449 364
364 438
438 411
411 421
421 417
417 404
404 397
397 437
437 390
390 453
453 375
375 434
434 353
353 463
463 333
333 456
456 368
368 445
445 378
483 342
342 476
476 318
318 483
480 349
349 483
483 341
341 480
383 426
426 398
398 432
432 370
370 436
436 384
384 452
452 382
382 455
455 373
373 456
456 353
353 465
465 359
359 466
466 363
363 471
471 354
354 480
480 378
378 459
459 386
386 439
439 377
377 419
419 383
469 338
338 470
470 364
364 471
471 382
382 458
458 392
392 438
438 408
408 434
434 394
394 428
428 421
421 424
424 431
431 383
383 462
462 352
352 474
474 345
345 457
457 332
332 469
407 425
425 402
402 416
416 407
436 450
450 357
357 463
463 361
361 465
465 381
381 429
429 405
405 430
430 425
425 422
422 432
432 407
407 426
426 391
391 436
442 395
395 449
449 390
390 440
440 377
377 442
433 399
399 453
453 400
400 462
462 385
385 466
466 373
373 457
457 406
406 451
451 429
429 426
426 427
427 413
413 446
446 424
424 442
442 412
412 458
458 398
398 433
410 434
434 423
423 420
420 430
430 410
383 473
473 416
416 409
409 439
439 435
435 410
410 433
433 418
418 436
436 383
459 405
405 441
441 376
376 447
447 397
397 461
461 362
362 472
472 355
355 483
483 352
352 464
464 398
398 459
360 470
470 387
387 471
471 365
365 464
464 353
353 467
467 411
411 449
449 410
410 459
459 383
383 484
484 314
314 486
486 334
334 469
469 360
475 315
315 488
488 360
360 479
479 313
313 475
465 375
375 463
463 370
370 465
465 399
399 478
478 371
371 465
379 472
472 396
396 444
444 430
430 465
465 368
368 464
464 392
392 460
460 391
391 456
456 379
379 469
469 366
366 476
476 376
376 483
483 373
373 477
477 400
400 457
457 401
401 443
443 402
402 466
466 386
386 463
463 379
395 447
447 402
402 445
445 395
379 482
482 366
366 470
470 430
430 469
469 395
395 474
474 379
475 362
362 486
486 406
406 468
468 336
336 487
487 344
344 481
481 394
394 456
456 409
409 485
485 355
355 475
434 433
433 449
449 421
421 434
439 434
434 427
427 439
443 438
438 427
427 442
442 446
446 435
435 459
459 412
412 443
422 443
443 439
439 422
453 404
404 440
440 422
422 473
473 391
391 470
470 402
402 453
431 453
453 418
418 437
437 431
428 461
461 435
435 456
456 415
415 487
487 378
378 483
483 418
418 468
468 436
436 441
441 458
458 452
452 431
431 428
476 393
393 464
464 403
403 462
462 407
407 455
455 384
384 454
454 427
427 445
445 417
417 488
488 391
391 476
479 384
384 481
481 396
396 476
476 368
368 479
420 477
477 392
392 479
479 442
442 428
428 420
428 444
444 413
413 483
483 416
416 487
487 441
441 477
477 434
434 449
449 446
446 448
448 423
423 480
480 389
389 472
472 395
395 484
484 400
400 478
478 465
465 443
443 428
417 489
489 403
403 470
470 399
399 472
472 454
454 445
445 461
461 440
440 451
451 448
448 466
466 417
460 437
437 463
463 444
444 458
458 471
471 408
408 470
470 436
436 485
485 410
410 457
457 453
453 473
473 427
427 472
472 417
417 482
482 393
393 481
481 409
409 460
439 462
462 450
450 447
447 438
438 476
476 433
433 483
483 453
453 460
460 439
439 468
468 435
435 479
479 463
463 439
467 439
439 486
486 428
428 467
475 432
432 470
470 429
429 487
487 439
439 479
479 469
469 435
435 474
474 445
445 464
464 466
466 467
467 420
420 475
461 457
457 451
451 461
470 471
471 466
466 470
472 470
470 437
437 472
472 477
477 456
456 485
485 444
444 472
475 447
447 472
472 458
458 468
468 461
461 478
478 436
436 475
484 478
478 474
474 443
443 484
450 483
483 472
472 450
488 463
463 485
485 478
478 487
487 435
435 488
482 467
467 489
489 447
447 488
488 459
459 460
460 476
476 484
484 434
434 482
466 482
482 480
480 466
481 473
473 477
477 488
488 483
483 470
470 481
1 475
475 16
3 485
485 6
7 466
466 274
11 479
479 60
14 487
487 35
19 478
478 364
22 489
489 51
25 457
457 424
28 483
483 217
29 481
481 104
31 476
476 78
33 482
482 130
34 444
444 304
40 474
474 69
43 450
450 358
44 459
459 213
46 458
50 480
480 252
53 484
484 64
54 489
489 68
57 471
471 58
62 479
479 65
66 484
484 82
71 485
485 86
72 486
486 106
74 487
487 83
79 489
489 91
84 488
488 192
87 485
485 168
89 465
465 102
90 475
475 134
93 487
487 132
101 471
471 176
107 484
484 116
110 443
443 181
111 470
470 175
112 486
486 118
114 489
489 122
117 467
467 348
123 473
473 204
124 479
479 127
125 472
472 157
129 484
484 177
131 489
489 151
135 460
460 383
136 481
481 307
139 455
455 279
141 482
482 326
150 487
487 174
153 453
453 182
155 479
479 180
158 447
447 247
160 435
162 489
489 210
167 476
476 215
169 485
485 179
170 456
456 483
483 235
178 484
484 194
184 461
461 374
191 471
471 264
193 474
474 214
198 438
203 468
468 277
205 486
486 293
208 485
485 285
209 451
451 242
218 487
487 224
219 484
484 225
226 477
477 265
228 475
475 231
232 442
442 482
482 350
233 487
487 271
241 459
459 325
244 489
489 250
246 483
483 273
248 472
472 372
254 488
488 262
255 489
489 327
267 470
470 290
275 484
484 306
276 471
471 474
281 483
483 283
284 473
286 485
485 379
288 487
487 320
296 479
479 302
303 447
309 468
468 363
312 470
470 347
316 484
484 340
317 451
451 462
462 329
319 486
486 342
322 476
476 359
328 487
487 334
332 475
475 365
333 488
488 343
339 453
453 448
346 484
484 399
351 480
354 486
486 368
355 488
488 428
367 464
369 489
489 397
377 479
479 402
380 486
486 426
381 482
482 483
483 387
386 469
469 485
485 462
401 481
481 404
405 470
406 487
487 482
407 481
481 414
412 489
489 416
415 477
477 446
419 460
460 468
468 423
421 454
422 444
425 452
452 483
430 475
475 466
466 485
433 478
478 486
486 487
436 481
481 440
445 449
450 484
484 472
443 488
455 429
429 489
476 479

