489 9777
280 203
137 383
426 257
266 268
238 435
343 488
444 45
411 97
213 378
409 24
234 437
382 335
146 324
473 453
65 399
151 402
151 173
412 443
44 47
183 391
483 94
106 107
474 45
212 274
212 45
32 343
333 271
51 356
159 384
338 386
30 233
169 348
208 276
282 225
375 453
29 45
249 48
414 381
474 395
171 394
386 282
336 461
187 109
51 477
151 415
489 151
219 61
351 446
398 292
236 230
406 116
208 397
203 53
356 295
268 182
400 338
97 300
50 225
275 343
187 459
316 115
154 282
195 54
48 300
304 226
101 126
249 61
180 456
157 472
231 421
45 2
163 223
145 354
346 344
112 177
57 241
217 230
258 231
351 459
343 46
455 287
185 426
279 290
91 239
383 118
75 2
214 309
300 349
401 172
198 72
277 365
170 10
120 418
290 75
288 231
18 370
174 129
12 67
480 172
397 174
484 291
453 483
341 13
167 126
459 234
115 424
156 196
155 237
21 8
348 137
105 416
461 14
399 368
121 360
258 365
15 378
197 89
12 309
31 322
378 137
234 129
198 435
468 67
32 143
467 71
1 335
183 83
384 73
348 379
389 188
7 86
348 150
89 155
135 271
429 489
162 374
303 84
368 479
253 263
468 188
371 255
436 384
301 425
12 322
447 250
347 312
199 148
135 392
424 266
28 266
396 433
248 269
19 446
468 309
327 333
247 81
412 377
68 338
439 251
21 263
463 379
241 266
53 215
125 91
446 146
83 94
465 159
248 390
248 161
65 454
104 382
169 282
136 105
37 99
69 280
413 90
211 400
481 224
123 287
250 328
95 454
217 151
114 467
310 113
263 267
34 444
134 153
483 41
207 106
111 169
28 400
270 162
247 444
11 167
200 103
458 398
34 336
361 465
185 468
386 229
353 52
432 345
69 293
437 460
485 208
129 344
108 221
449 285
41 231
355 98
272 100
291 113
29 113
244 1
483 283
293 122
372 452
96 288
127 355
242 342
435 242
173 471
118 306
379 347
401 106
346 170
323 415
268 250
142 111
427 243
193 76
320 117
330 347
471 286
341 176
126 22
136 481
84 291
268 371
395 412
376 170
78 476
362 6
97 489
447 50
108 355
75 178
27 430
369 130
448 423
47 79
71 473
415 246
165 71
404 353
15 312
1 377
376 291
343 114
188 240
255 1
394 308
485 463
182 425
311 310
209 299
281 138
186 315
131 379
318 471
141 20
77 264
204 305
168 382
190 141
181 321
126 385
107 143
267 361
308 133
10 210
422 420
389 472
482 434
136 26
433 249
424 200
484 251
363 190
468 243
46 254
478 436
385 208
142 487
357 375
472 362
390 323
67 313
241 200
172 100
359 192
56 154
424 321
28 92
470 437
229 82
253 439
368 426
239 275
257 329
370 206
301 372
282 93
405 429
345 149
419 98
424 442
185 160
79 444
173 42
285 283
431 337
21 439
337 150
241 213
134 87
340 155
116 447
303 273
215 160
421 265
90 165
172 463
361 399
331 227
9 213
358 101
382 458
330 268
182 104
13 332
27 1
145 222
76 122
222 176
356 176
97 410
345 283
138 219
413 158
129 399
215 173
333 394
412 458
439 332
351 219
404 45
483 109
309 222
381 61
460 391
83 404
303 407
77 64
261 410
407 235
355 45
360 123
120 407
235 128
37 409
96 464
210 71
77 185
89 10
75 112
242 289
223 10
140 241
319 243
464 338
271 172
1 311
106 364
4 353
64 367
251 459
339 77
158 2
110 254
22 141
75 233
228 475
75 4
209 233
217 353
406 252
263 469
189 254
483 472
290 306
376 346
142 179
18 372
399 478
471 354
176 177
484 64
162 13
93 142
46 67
417 239
114 201
260 26
380 357
149 424
204 131
278 80
264 145
451 8
19 85
220 75
258 367
373 317
299 139
87 485
338 67
417 360
54 308
128 257
174 373
296 70
301 185
218 150
452 88
190 317
369 319
484 306
162 255
107 319
281 206
167 370
468 298
179 195
313 424
165 260
280 247
10 386
247 70
271 427
54 429
329 368
95 201
26 330
141 317
466 373
158 257
80 337
267 429
88 198
79 378
368 252
46 201
285 217
53 325
287 263
218 392
295 383
19 448
146 260
156 453
250 317
30 48
169 392
458 266
122 51
347 435
273 220
245 158
229 150
151 459
13 266
354 330
321 153
462 92
151 230
123 397
233 40
16 271
2 107
477 400
26 464
260 402
418 436
281 461
377 169
187 274
467 328
305 266
269 343
34 446
103 51
428 107
328 169
39 295
400 274
6 118
157 287
210 113
377 290
471 154
206 408
352 462
302 116
425 452
420 108
136 349
222 123
120 341
101 62
428 228
309 277
59 102
124 231
270 285
201 451
22 183
421 454
15 180
175 169
290 119
4 287
367 110
105 339
105 110
430 395
242 344
316 293
333 462
369 119
90 475
79 57
455 344
18 306
307 180
4 408
293 245
105 460
174 65
59 115
55 373
397 339
302 479
176 111
140 188
387 65
395 414
68 19
147 312
362 237
109 57
100 8
17 468
265 304
58 240
344 368
163 293
89 78
61 245
264 79
121 296
484 119
281 19
308 122
29 478
299 73
244 137
238 63
128 191
343 116
149 250
283 479
391 12
33 304
80 150
38 419
459 412
426 6
158 191
359 181
77 266
245 79
479 17
470 197
248 84
313 479
188 484
232 261
424 431
56 35
264 213
391 25
415 382
192 81
67 315
475 140
375 202
37 143
162 323
107 387
418 20
253 441
239 277
197 280
370 208
282 95
139 275
433 264
171 264
372 254
303 154
201 372
55 52
51 347
440 159
434 85
431 339
398 162
62 213
67 328
20 216
308 390
349 162
5 352
206 342
113 151
426 382
178 280
467 154
338 269
458 334
117 270
175 211
34 272
194 224
428 162
240 111
59 36
138 100
289 232
182 106
261 399
27 232
346 214
21 454
392 101
268 294
254 396
129 401
485 36
471 101
392 222
208 401
244 58
194 466
455 278
138 342
394 2
215 296
182 348
8 232
283 171
99 350
319 353
401 163
112 60
103 469
84 227
277 127
373 64
459 104
274 58
205 224
377 479
3 238
416 407
484 53
267 55
186 359
57 245
29 412
371 112
189 135
362 292
463 115
224 358
251 461
344 423
380 117
259 56
77 79
369 187
11 479
80 84
162 123
319 366
93 23
371 233
271 66
450 297
441 477
293 313
155 120
45 248
301 174
315 72
91 364
278 190
204 12
457 192
121 243
360 488
280 7
357 190
257 23
293 205
320 308
31 205
72 206
461 18
380 359
77 321
199 18
438 300
259 69
470 252
341 367
487 192
473 257
211 257
271 308
101 385
197 93
296 72
12 313
301 187
254 75
278 432
226 13
9 15
129 80
454 365
46 311
449 21
220 198
49 316
417 254
463 370
408 434
7 90
67 141
405 365
451 252
60 101
473 270
117 83
296 85
394 391
199 152
212 91
391 93
14 106
473 391
65 337
315 448
208 93
409 83
180 260
144 337
88 442
449 155
285 461
310 225
34 327
323 164
254 330
102 461
248 286
430 263
471 35
127 225
228 48
178 456
365 53
103 53
227 348
342 335
442 273
189 56
450 97
180 273
483 45
288 35
474 225
9 391
391 456
224 279
124 341
143 354
427 113
325 102
196 217
3 51
344 115
44 348
118 297
374 223
489 210
2 351
420 110
277 290
84 161
254 343
166 459
133 282
312 284
413 336
36 349
485 212
481 470
121 164
374 344
314 64
351 397
84 282
101 185
483 287
92 402
298 470
205 279
427 355
284 343
31 126
484 108
52 185
434 287
29 467
392 290
244 126
304 177
161 357
45 182
72 19
149 239
217 410
115 362
230 349
142 236
290 134
293 368
347 116
88 121
253 188
147 435
114 29
408 247
237 365
359 62
130 239
383 419
42 126
135 317
479 127
267 473
93 320
387 309
299 425
244 489
299 196
35 86
147 327
95 137
114 150
488 68
438 476
111 81
314 440
349 138
220 253
456 35
473 204
151 153
285 153
379 17
81 94
26 158
287 199
139 35
185 151
400 76
405 191
303 143
382 207
60 156
156 389
444 267
361 269
268 41
53 153
359 196
111 94
212 146
336 441
231 159
391 377
377 213
229 86
303 35
462 28
219 41
255 489
241 325
356 46
39 339
488 202
221 87
345 382
9 204
418 372
284 143
451 320
363 436
363 207
349 272
256 44
151 287
233 326
145 213
472 379
324 444
357 392
269 279
16 99
263 205
442 207
34 153
39 460
378 451
111 336
474 159
419 223
83 274
303 277
294 457
206 344
443 28
145 105
169 462
117 272
134 441
342 390
87 100
1 60
331 460
97 293
229 449
248 462
143 180
160 349
201 387
349 285
435 288
335 350
481 404
118 352
195 47
319 342
319 113
272 267
401 152
404 157
122 242
249 54
69 352
196 393
443 41
140 232
30 360
272 159
483 342
166 406
111 470
4 344
386 409
152 242
105 396
289 476
297 337
429 227
85 188
365 471
2 419
24 178
313 52
299 117
288 224
18 134
441 237
212 414
408 289
91 353
215 419
237 178
256 191
89 14
443 283
267 57
373 187
211 125
194 481
423 304
109 114
188 407
417 230
276 291
152 484
205 347
482 130
12 181
191 412
17 296
430 465
163 350
130 173
479 61
179 294
318 409
10 256
323 487
142 412
482 480
279 417
174 135
311 369
295 132
234 122
179 186
327 84
98 261
51 149
395 484
49 76
238 12
269 79
86 372
301 68
447 122
457 315
225 194
266 195
338 71
95 313
21 135
100 428
466 485
433 308
278 434
89 269
278 205
226 15
9 17
368 364
449 23
148 95
321 252
445 318
486 319
431 383
329 372
153 146
72 221
262 318
451 254
93 280
201 79
275 28
5 167
211 272
255 315
136 98
419 157
23 157
212 93
281 452
284 198
308 326
430 23
289 47
146 264
388 26
197 458
324 270
398 219
2 219
425 322
34 437
125 326
70 390
171 442
405 380
229 383
129 445
14 229
206 399
261 106
197 350
250 213
310 227
56 347
97 348
331 286
413 96
229 275
50 44
270 47
32 404
206 291
233 394
173 343
118 178
2 232
131 117
222 235
161 225
273 466
488 391
276 212
56 468
133 163
422 37
50 394
83 342
64 63
191 104
105 101
353 166
416 222
25 337
228 171
140 58
423 346
268 472
249 230
428 461
101 66
304 166
6 243
221 168
353 287
143 477
380 161
418 453
127 469
438 102
297 163
228 292
154 114
233 407
200 459
112 117
222 477
323 300
371 48
463 51
471 171
75 171
272 456
450 462
450 233
207 475
367 464
265 416
339 365
485 456
256 367
355 346
410 16
360 424
434 410
415 131
420 475
308 5
225 236
46 5
15 426
486 11
422 292
482 306
12 128
265 308
287 67
125 5
75 413
75 184
28 72
489 467
107 365
286 367
148 137
234 177
10 432
165 77
84 418
10 203
440 16
390 424
238 67
260 314
223 432
372 3
231 27
281 144
360 437
456 145
454 72
113 8
82 429
266 21
467 11
412 75
343 241
389 357
348 319
255 128
408 370
315 142
241 193
26 39
306 322
396 481
281 265
451 188
74 201
294 204
454 193
440 258
373 268
390 437
417 311
246 429
3 442
405 422
479 142
102 384
135 332
129 258
341 437
220 376
201 134
146 198
330 19
206 212
132 34
51 338
49 265
71 24
477 446
291 27
310 40
260 448
92 83
171 376
245 325
218 222
23 212
83 263
9 85
50 86
69 99
93 456
215 153
349 153
385 335
233 207
123 335
117 32
139 279
479 384
50 207
154 35
145 215
315 397
461 451
139 400
303 279
449 333
41 279
471 92
219 285
112 159
324 338
7 402
48 174
194 228
326 384
307 105
23 346
399 108
416 48
316 110
27 236
25 392
448 229
30 241
131 293
136 408
367 277
193 124
149 54
85 298
184 48
337 290
175 228
119 67
31 183
339 299
36 298
17 56
3 121
108 174
484 165
319 357
230 285
472 47
255 49
205 228
366 294
397 398
237 409
378 119
182 244
322 224
140 247
314 134
47 19
406 366
5 22
244 304
404 293
175 470
343 54
81 17
17 298
177 250
314 255
281 307
468 170
406 487
137 70
82 134
183 186
130 296
94 373
80 438
470 364
181 261
198 430
478 484
115 432
109 358
147 384
188 422
40 258
91 489
213 186
262 307
93 269
285 439
192 19
252 33
475 307
113 76
211 382
21 258
403 323
425 82
7 94
342 313
442 22
306 390
347 428
6 98
171 431
240 36
400 25
245 380
162 382
377 270
284 79
215 208
220 323
160 43
393 251
338 315
252 275
305 138
250 202
318 77
20 154
433 323
166 208
221 144
37 94
479 439
421 434
187 267
44 218
233 154
486 334
272 82
310 337
365 44
136 221
213 441
273 455
56 457
166 100
460 318
45 39
132 452
316 44
333 213
481 111
16 277
444 458
117 100
258 39
404 93
48 229
120 105
240 399
340 108
460 439
138 388
298 111
377 404
196 329
182 165
297 152
25 218
233 396
131 348
117 450
57 170
411 402
222 237
152 407
224 283
50 396
466 45
132 465
346 165
244 117
323 410
230 219
82 55
390 171
106 412
240 412
367 453
455 337
386 466
207 235
224 404
45 173
279 111
484 220
429 284
24 235
406 300
244 238
404 227
373 123
409 342
395 407
221 291
329 53
435 479
438 225
107 125
281 12
38 291
277 307
280 53
373 15
54 235
362 122
133 299
141 123
124 479
158 63
168 485
135 308
350 4
121 181
162 182
415 362
181 195
52 310
295 68
459 405
192 61
271 354
68 254
362 243
444 16
86 308
91 423
232 133
116 187
479 10
262 241
470 190
126 380
308 128
179 243
456 26
98 318
313 472
189 436
109 184
81 85
461 77
163 420
218 319
278 370
231 29
234 71
220 136
10 326
211 316
183 483
68 267
310 29
296 131
428 21
158 197
75 428
278 262
135 442
470 432
179 485
74 203
354 486
187 80
68 388
486 147
269 378
202 388
95 262
389 480
81 327
89 447
340 29
37 28
78 29
231 42
449 201
252 101
217 80
329 321
7 270
222 158
67 321
287 324
309 83
433 378
143 279
449 322
146 321
99 209
431 453
30 109
305 314
117 263
203 37
141 391
48 163
39 343
111 448
166 155
270 212
13 327
118 343
252 343
136 397
411 107
395 99
231 405
427 51
129 394
294 461
13 448
402 223
25 273
352 402
35 466
126 59
217 214
2 289
76 238
106 346
367 387
100 43
427 172
413 274
485 379
418 389
380 97
485 150
377 351
251 212
206 469
71 281
57 346
365 233
57 117
230 274
120 402
210 66
397 158
369 59
374 403
186 352
126 72
161 295
54 169
307 349
152 475
45 120
366 175
204 113
383 344
302 419
154 292
61 64
424 116
126 193
470 3
365 475
327 183
313 285
184 171
244 185
87 467
436 355
339 422
325 295
22 486
306 16
177 131
70 5
295 123
369 72
489 403
148 73
360 252
181 21
84 354
266 65
257 16
155 234
40 18
45 362
31 198
22 378
405 116
364 78
479 65
387 247
137 301
142 416
1 440
269 191
40 368
114 317
293 319
296 65
237 424
278 425
405 237
190 312
80 440
61 198
47 263
470 366
225 306
478 486
290 435
343 298
150 132
403 312
458 19
100 311
342 73
347 417
359 242
452 204
144 88
190 204
284 68
437 310
368 476
437 81
382 145
285 441
252 35
150 24
208 194
461 374
72 333
447 247
232 322
144 209
359 134
330 76
285 333
164 272
453 146
417 489
296 199
282 264
342 315
208 86
53 212
6 100
364 333
386 92
391 436
410 449
317 258
83 91
69 156
239 338
233 264
104 379
412 266
453 267
305 140
76 51
447 489
106 159
259 438
303 444
298 100
330 318
220 446
294 395
454 384
471 28
476 143
239 459
154 92
462 208
277 162
48 110
230 87
428 331
268 113
6 342
340 218
147 52
166 102
96 272
449 390
256 224
201 325
247 441
462 329
374 216
76 293
125 451
395 275
276 95
362 98
381 111
485 205
471 41
27 293
316 167
421 449
118 411
99 169
16 400
291 339
57 172
131 121
304 278
290 114
240 293
381 3
293 119
105 334
397 213
256 237
108 110
407 406
429 165
121 49
219 355
420 345
43 129
263 398
459 44
216 286
376 275
257 58
348 176
110 304
75 283
402 412
94 296
140 183
234 47
38 172
313 340
179 111
249 355
142 229
235 420
183 1
169 66
334 399
422 283
141 4
130 111
61 11
140 304
470 179
93 192
82 299
469 479
376 288
381 366
155 289
191 471
475 1
149 245
405 171
61 361
179 353
5 200
82 420
352 15
285 25
276 471
450 358
40 194
246 299
12 132
177 428
278 251
259 9
295 420
465 77
129 128
382 308
234 181
280 297
82 312
472 238
109 186
81 87
3 433
144 143
433 17
14 33
487 482
74 84
179 366
437 136
454 305
192 305
385 205
63 191
142 484
197 154
453 80
136 144
477 208
48 31
139 149
292 428
177 441
6 34
166 23
245 316
190 380
135 444
83 254
465 319
372 128
211 439
49 377
68 390
104 84
2 36
442 308
342 370
53 267
125 372
70 436
340 31
42 374
4 82
47 452
69 211
248 442
413 21
74 326
19 390
248 213
46 264
489 16
472 372
486 270
90 41
351 82
337 147
122 222
120 149
328 327
455 139
157 216
410 396
160 450
196 144
416 147
151 401
145 98
384 380
365 101
2 49
404 29
342 383
185 399
367 147
364 401
17 34
449 445
316 330
448 220
16 334
164 232
222 402
134 326
6 289
78 394
231 407
446 332
69 345
196 386
196 157
297 209
8 106
25 275
252 466
346 101
425 394
84 101
411 230
6 410
185 412
229 455
380 99
388 448
457 53
429 220
448 233
131 297
387 223
203 402
10 7
276 392
216 112
469 292
54 50
18 356
207 292
147 12
155 102
353 346
64 243
124 294
283 287
264 8
429 341
462 289
47 10
341 228
30 366
217 458
406 357
371 107
450 171
288 109
403 59
353 467
26 72
12 174
394 10
480 50
237 292
177 12
438 53
214 308
295 4
487 174
290 303
114 77
45 243
224 474
141 180
265 246
94 364
204 7
80 429
406 370
142 297
301 290
12 187
366 419
336 247
410 196
102 80
336 18
126 437
451 234
487 416
225 416
118 24
101 380
100 421
296 67
461 134
474 73
234 357
327 319
349 78
146 15
49 82
419 258
190 206
157 29
107 437
14 209
267 426
377 32
148 209
363 134
113 188
46 198
225 429
269 206
458 142
56 327
372 304
102 443
372 75
284 191
102 214
129 317
418 191
41 204
60 217
151 335
233 145
472 427
145 32
255 429
329 378
475 432
337 202
120 204
125 319
488 142
312 145
465 387
129 209
8 148
402 38
335 48
2 333
103 156
263 145
376 22
17 89
55 344
160 397
471 30
440 451
159 438
300 148
448 46
453 390
164 287
186 46
464 27
409 91
37 448
485 86
99 279
44 343
481 344
142 97
221 390
268 236
276 97
78 341
4 163
485 436
96 395
3 167
297 156
200 223
57 403
186 288
304 280
464 269
120 459
235 180
18 411
307 285
92 397
6 357
367 336
78 233
246 46
413 223
339 8
292 162
223 62
402 293
302 355
429 167
415 232
38 282
365 411
54 226
334 280
260 65
210 244
58 116
22 193
25 464
116 57
355 339
79 175
10 304
216 409
376 398
450 347
362 234
207 360
193 425
463 57
12 121
380 288
325 352
361 9
31 134
366 124
302 368
281 245
484 116
112 473
360 309
131 486
170 414
373 248
137 237
464 403
385 73
390 417
431 189
202 137
408 471
119 368
86 191
31 255
17 357
232 245
373 369
137 358
426 232
68 258
202 258
274 363
169 81
193 438
394 428
488 63
378 191
226 63
195 484
331 79
364 27
415 487
49 366
238 302
197 264
123 86
164 87
384 356
89 438
391 22
41 138
352 30
197 156
324 197
269 261
255 363
136 146
359 420
70 317
479 256
312 79
171 140
470 436
430 71
344 31
330 133
41 30
294 210
468 363
104 315
486 380
467 138
85 36
35 215
95 266
425 141
423 31
180 81
144 387
377 329
297 77
351 84
337 149
18 103
317 436
138 205
325 31
252 455
448 101
286 39
272 141
186 101
62 331
318 28
222 54
309 437
268 399
37 274
212 275
275 331
335 345
13 331
99 334
175 329
139 406
309 329
92 331
340 167
419 460
64 232
446 334
298 170
163 211
283 276
302 289
71 393
374 165
272 383
131 178
404 273
175 450
230 157
309 450
422 327
381 60
386 404
193 9
22 127
8 229
209 219
200 399
341 109
464 445
147 243
152 358
246 222
237 173
438 163
470 115
415 179
401 281
57 471
76 484
327 66
323 361
82 6
255 163
193 251
17 291
58 292
361 64
355 286
126 426
286 415
5 136
299 125
288 461
329 233
315 69
67 4
361 185
366 300
256 428
176 405
369 305
47 25
129 64
294 131
35 136
68 84
477 252
334 469
62 10
466 359
144 308
471 474
3 369
259 66
424 362
137 305
343 410
274 310
320 426
466 480
177 377
359 354
474 75
80 444
74 370
456 435
456 206
454 133
63 477
426 300
233 134
486 314
467 72
197 211
453 137
95 200
477 265
296 190
483 16
20 26
474 196
245 373
264 386
116 259
143 96
468 418
363 136
192 483
132 203
335 37
385 383
321 368
53 324
39 389
340 88
157 152
69 268
430 247
261 209
388 21
467 314
357 442
84 24
282 268
111 386
400 260
226 373
331 389
413 199
196 201
270 150
118 281
140 40
178 332
164 397
453 271
439 373
217 260
62 386
310 222
323 161
120 98
381 102
133 37
157 394
279 91
50 268
413 91
96 384
36 104
110 53
96 155
434 150
310 343
217 152
122 292
59 209
152 400
427 110
36 225
330 443
325 99
110 174
476 268
388 155
300 271
481 346
305 386
401 94
487 97
79 43
170 161
464 150
20 402
235 290
6 467
469 228
386 459
293 231
100 102
243 410
251 271
344 462
399 169
344 233
94 287
379 456
52 61
73 349
94 408
350 105
162 54
374 233
468 97
299 59
464 392
450 228
54 228
395 292
436 293
133 292
279 346
366 234
218 70
297 400
402 416
176 110
33 290
415 126
198 128
368 51
459 398
170 295
271 347
1 257
21 172
232 126
347 113
22 316
195 473
262 5
148 132
253 185
98 311
84 413
239 21
183 355
114 255
480 349
380 411
361 132
366 476
452 250
405 175
157 73
451 291
19 368
132 16
192 67
271 360
142 475
54 362
444 22
213 355
232 368
213 126
72 150
378 193
111 78
345 245
355 475
396 476
74 196
327 376
456 261
308 134
354 250
247 124
467 127
104 75
183 368
384 129
40 319
296 16
260 322
153 196
361 374
72 271
378 314
181 443
248 204
93 330
487 486
261 143
247 245
113 16
123 438
352 32
343 478
21 427
139 153
152 92
465 323
129 145
253 440
485 9
5 338
335 213
178 266
252 215
472 484
21 319
370 436
203 30
342 374
488 428
297 79
476 310
458 441
310 277
76 110
222 164
411 100
372 374
427 44
275 441
302 49
300 205
448 103
71 153
250 384
324 333
117 269
268 172
142 33
245 454
4 99
100 36
124 393
105 151
143 406
325 154
289 460
3 103
289 231
481 401
272 264
411 342
442 446
175 331
106 231
394 109
380 211
251 326
96 452
110 121
168 291
457 165
214 178
453 460
145 344
304 337
175 452
309 452
450 162
276 275
413 280
251 447
297 334
126 186
244 178
478 116
1 420
211 1
450 283
422 221
348 6
205 223
86 235
31 70
438 165
107 294
448 358
341 232
225 57
299 6
142 288
390 124
7 63
260 243
241 1
480 283
61 299
424 122
116 6
107 186
327 189
294 12
459 345
266 179
431 17
320 186
317 117
102 192
63 237
49 73
12 420
91 484
232 194
366 423
405 351
405 122
220 305
440 79
357 310
269 197
218 151
474 77
102 205
432 80
113 71
280 248
338 418
150 138
21 253
291 77
153 372
264 388
83 313
102 326
229 138
349 203
206 154
159 308
467 195
219 93
342 429
337 85
409 190
488 254
39 162
309 23
212 319
358 144
74 385
321 262
352 329
412 380
219 214
217 141
475 436
122 281
87 31
340 211
312 149
157 275
64 47
248 393
96 265
201 318
275 267
113 205
25 321
120 329
340 332
133 39
237 96
333 329
38 152
117 445
404 209
304 42
309 386
469 338
482 48
50 391
45 47
143 353
182 281
316 281
318 327
120 342
395 281
367 448
105 448
196 337
297 389
108 224
316 402
267 217
434 394
415 115
79 166
291 345
258 168
376 160
343 212
54 109
307 289
78 466
147 71
64 302
320 228
482 61
91 176
466 53
452 118
144 2
89 66
149 117
264 67
66 348
184 340
473 177
373 239
290 470
271 228
290 241
161 356
424 177
181 190
33 63
487 233
184 461
332 359
211 298
202 249
183 7
397 461
259 231
283 359
369 362
47 311
107 362
299 303
321 62
142 356
101 318
54 472
109 179
255 233
169 193
95 15
12 246
172 198
72 260
39 83
204 416
89 200
460 113
295 305
162 190
286 485
220 131
271 362
86 316
53 139
359 182
245 80
336 427
449 75
10 442
211 432
472 244
351 183
310 145
62 80
246 426
139 34
488 188
340 24
37 23
42 367
60 384
165 437
118 96
384 481
21 429
2 150
461 435
282 204
287 319
460 476
97 158
243 212
50 83
13 430
261 266
25 255
211 445
159 255
305 309
379 258
219 40
81 335
337 261
122 107
428 379
414 481
185 392
23 330
367 140
138 317
303 384
284 142
449 209
13 322
467 263
324 443
90 276
291 266
115 40
249 269
180 435
185 284
78 158
152 107
41 276
297 202
99 446
154 153
44 281
145 333
57 220
277 223
153 453
409 379
304 97
120 276
111 456
185 405
367 153
482 103
279 40
480 30
8 220
435 287
223 108
25 389
206 464
420 164
98 113
423 398
180 448
1 180
469 285
450 43
240 462
307 223
114 57
279 390
45 223
224 454
191 277
210 290
397 153
438 154
11 346
434 449
291 400
373 173
48 413
483 341
436 229
367 395
274 167
174 229
293 180
105 395
124 408
91 460
163 336
300 341
429 226
415 291
112 290
387 229
84 457
263 459
299 116
371 221
463 224
298 416
339 417
260 124
292 342
383 460
457 180
262 170
107 67
487 288
373 186
10 134
216 239
188 406
265 360
72 194
204 121
479 60
121 352
387 471
456 76
421 55
257 361
288 465
109 234
466 471
237 419
56 78
98 489
65 312
82 481
407 12
290 430
486 76
384 294
114 433
67 358
7 78
308 191
239 320
159 68
118 30
178 81
463 479
67 479
227 202
342 189
70 484
42 422
157 143
281 438
322 476
363 248
239 441
349 84
192 366
44 202
159 189
370 372
53 436
172 387
212 200
157 264
205 12
23 35
233 259
62 148
141 441
208 202
120 318
345 436
364 449
418 197
96 146
335 391
132 328
388 254
335 162
228 36
393 369
352 331
300 141
38 141
250 320
420 206
444 334
411 157
230 82
309 375
189 44
166 326
340 213
106 46
231 455
9 379
224 38
256 219
127 105
27 167
333 439
297 28
467 439
439 377
411 278
48 226
409 205
455 321
427 222
17 95
399 160
316 391
8 275
13 390
154 329
66 216
355 90
407 280
286 219
126 1
98 168
134 387
249 337
390 47
436 163
205 267
480 206
163 270
127 347
75 157
407 401
85 350
346 391
420 340
203 342
63 39
216 281
142 103
417 42
386 463
205 388
100 106
394 58
210 237
336 53
470 53
112 345
198 119
406 297
258 170
404 453
24 232
63 160
304 286
68 9
334 394
463 50
17 458
306 66
8 409
75 170
245 56
382 61
198 240
387 176
249 471
293 477
389 222
91 299
125 112
359 50
168 482
231 13
88 230
396 117
179 119
352 10
82 186
417 405
472 341
381 482
147 315
59 468
389 343
35 74
315 128
26 25
237 474
226 56
424 300
382 303
165 305
373 483
206 77
426 346
321 64
431 195
477 311
136 18
442 61
452 483
254 10
400 64
438 356
157 77
262 130
473 313
296 128
442 182
185 260
419 198
212 134
465 85
470 429
148 378
41 252
215 139
206 319
65 380
421 15
445 372
431 437
62 311
241 313
153 200
433 483
345 370
350 485
138 77
377 322
229 195
377 93
71 252
236 90
277 91
72 396
139 157
226 311
6 42
124 34
325 24
127 39
62 324
208 378
446 435
275 324
187 440
154 263
13 324
44 391
173 276
145 443
300 88
448 215
57 101
392 320
249 271
395 325
276 145
298 163
284 265
8 101
90 399
131 171
487 35
351 440
249 392
323 341
115 163
469 395
142 37
128 102
441 333
381 53
69 461
105 155
289 464
108 389
438 35
173 289
322 89
186 228
332 282
390 223
1 182
343 148
188 274
293 290
246 215
191 50
196 394
232 51
443 271
47 5
57 464
217 453
181 5
170 341
411 467
216 228
109 102
202 293
155 218
152 472
119 295
191 171
399 349
70 110
311 236
438 277
127 415
135 239
135 10
47 126
484 164
84 459
65 180
459 336
103 472
197 70
221 464
106 477
353 354
86 239
31 303
480 166
399 470
297 459
383 462
42 169
61 182
456 186
186 362
387 352
258 467
230 405
35 129
315 183
227 70
72 196
61 303
135 252
181 368
47 139
74 242
371 465
371 236
445 185
412 237
101 375
403 417
269 188
7 188
370 11
125 180
419 132
157 132
341 478
437 186
79 478
74 134
275 124
454 126
113 62
439 232
114 435
95 193
477 258
444 81
7 80
447 352
410 433
224 14
451 242
456 320
385 376
445 427
486 428
481 84
68 440
310 202
246 483
139 320
414 296
364 438
345 196
78 81
61 437
83 196
352 320
104 255
197 446
123 268
30 40
351 361
34 425
171 430
138 253
28 381
231 215
14 217
129 204
127 94
187 145
426 427
467 428
384 430
296 317
161 92
340 94
18 43
312 261
331 274
69 274
143 223
55 110
127 215
261 444
11 269
489 79
150 384
230 84
97 457
386 331
205 256
427 103
25 325
99 274
300 264
159 325
57 277
186 162
131 226
323 396
268 460
417 31
59 323
78 336
381 108
168 229
85 460
429 270
71 333
29 336
332 108
147 291
54 100
386 344
86 52
480 208
108 336
85 352
286 342
107 111
112 455
415 227
186 175
420 342
63 41
161 347
106 411
77 353
366 227
149 229
457 345
61 116
140 409
415 119
423 468
211 60
1 479
271 111
21 165
436 178
119 471
339 474
380 283
466 286
42 224
154 465
135 186
410 125
267 342
456 12
239 243
82 296
343 337
375 289
366 469
70 178
295 296
451 284
487 237
354 351
373 364
123 189
439 166
250 1
260 423
301 232
34 117
359 173
89 312
61 250
102 251
363 292
41 12
426 348
49 361
467 120
403 364
458 71
122 85
366 482
139 25
171 243
350 474
212 15
157 79
341 425
261 136
132 22
82 430
211 315
159 125
44 138
305 179
71 12
35 89
458 192
447 299
433 364
328 82
474 136
229 305
162 315
5 331
46 369
132 372
321 308
443 5
285 385
178 259
291 136
420 21
222 36
208 138
442 305
194 203
139 267
326 359
405 423
377 324
129 259
215 262
349 262
118 100
409 20
312 316
105 23
215 154
388 82
217 200
268 394
180 318
221 90
345 385
152 219
430 200
330 262
60 401
316 327
344 160
283 150
44 393
118 342
319 332
415 40
198 42
29 270
423 160
483 211
97 404
138 442
212 391
17 152
487 37
304 330
478 217
323 343
312 450
293 171
105 386
380 325
399 338
380 96
397 265
89 112
108 162
149 163
457 50
369 166
481 407
66 165
52 230
387 220
170 222
51 5
1 413
276 389
1 184
436 341
235 351
422 443
436 112
389 266
293 292
358 458
17 394
158 104
366 282
256 410
22 243
457 400
190 56
396 161
148 59
179 163
46 48
403 56
353 464
427 413
125 48
190 177
479 51
360 359
308 169
93 244
440 59
137 58
290 300
106 479
472 48
477 126
463 228
81 126
191 294
399 472
223 246
264 247
336 123
129 59
253 354
285 306
68 79
255 171
100 297
282 8
191 415
433 177
89 367
111 126
157 13
162 128
456 309
385 136
338 290
329 241
482 483
475 295
246 472
306 486
466 475
58 421
309 3
433 298
172 257
139 80
405 236
350 300
42 184
341 480
148 314
5 265
90 80
365 19
444 83
488 355
378 483
37 190
350 421
312 129
102 319
262 308
410 435
88 421
456 322
220 311
247 414
247 185
393 239
338 303
257 378
447 475
268 207
180 360
97 96
215 317
377 150
280 483
187 255
63 485
44 206
178 206
269 324
310 96
464 11
307 27
190 445
386 91
28 383
205 16
224 29
124 91
163 19
182 32
266 440
443 73
263 142
226 489
6 220
133 32
261 446
228 269
233 384
365 274
217 147
170 35
307 269
73 102
119 218
231 459
31 105
196 438
41 335
66 99
272 433
219 341
483 387
120 335
216 43
133 274
353 277
270 279
182 395
55 354
435 346
173 346
448 285
33 43
387 275
184 212
211 49
156 113
161 457
390 51
6 354
91 398
452 111
355 215
415 229
186 406
382 52
5 65
109 159
362 110
458 47
279 341
17 341
438 105
429 285
341 172
286 236
198 352
473 62
285 240
63 164
109 280
128 293
251 400
347 337
256 478
61 239
264 73
121 290
63 56
197 248
147 427
114 250
482 417
86 417
172 191
74 70
299 417
65 250
321 176
373 366
354 124
421 114
68 484
439 168
255 347
136 130
130 352
378 188
125 8
42 239
245 73
83 240
231 138
465 76
162 304
14 140
437 243
201 3
440 248
247 119
431 428
128 427
257 312
337 12
442 65
125 129
474 246
92 181
400 68
226 181
116 309
369 489
484 476
451 299
303 135
418 122
308 479
93 325
354 366
32 315
335 87
439 181
296 132
375 425
392 69
111 315
37 137
331 318
69 318
418 243
229 78
270 79
215 143
46 371
132 374
8 79
435 146
66 20
11 84
71 135
379 251
296 253
227 382
356 267
469 144
455 17
240 92
460 361
358 313
143 388
96 313
407 205
338 371
117 372
76 334
442 428
254 377
367 254
353 90
191 28
108 259
187 323
228 95
286 36
134 433
249 154
243 339
325 149
41 390
476 318
321 444
443 141
176 26
462 154
167 206
324 449
258 95
478 98
221 442
417 88
307 216
394 104
265 219
325 270
300 442
66 275
140 224
85 288
267 36
98 227
156 168
194 460
147 119
353 224
339 289
480 36
430 444
3 111
457 281
223 114
176 39
368 209
304 224
188 278
155 101
77 410
22 474
177 119
214 415
360 469
327 63
392 458
478 461
192 104
82 232
436 235
477 236
334 224
292 456
471 458
75 458
295 461
283 407
479 53
295 232
179 286
79 348
184 401
202 189
255 52
334 345
293 307
466 464
158 348
378 351
278 413
402 479
350 289
88 289
160 128
426 284
384 287
26 313
31 428
342 61
213 176
359 230
125 63
451 233
181 372
234 235
368 464
63 353
338 292
467 177
159 61
472 292
58 423
199 362
185 198
23 136
50 10
391 74
215 77
44 195
338 184
145 18
439 236
114 439
67 364
141 313
125 305
199 254
488 128
70 369
449 365
60 324
165 377
206 378
118 36
238 367
222 93
175 18
185 211
386 201
91 24
160 383
421 424
34 429
450 78
474 435
69 386
143 335
485 72
399 32
127 327
297 21
104 380
140 37
374 204
200 88
453 268
360 40
277 271
483 376
309 260
174 35
386 214
196 319
471 258
277 392
86 43
284 324
251 147
96 273
22 58
242 327
103 397
115 222
1 120
343 86
307 163
334 37
191 217
320 102
480 91
292 269
325 217
177 53
443 438
462 451
154 335
52 287
272 327
76 415
137 102
40 169
152 410
399 287
8 402
75 163
154 456
355 217
184 335
290 236
366 231
130 220
56 5
302 475
200 464
410 8
52 300
267 225
244 470
82 408
290 357
183 231
431 67
191 351
227 8
144 10
405 51
437 232
456 245
332 475
220 5
390 416
305 49
26 368
475 231
67 177
246 408
227 129
461 67
361 129
273 245
326 108
80 375
32 304
151 255
68 257
362 475
155 411
320 478
227 21
130 354
92 62
166 11
382 309
239 489
473 427
192 414
13 183
159 237
241 306
433 476
259 360
460 350
405 414
4 70
245 196
275 304
242 127
132 255
352 258
374 17
250 247
150 309
414 355
273 379
20 199
359 419
326 242
460 242
152 89
386 256
83 255
298 143
284 16
485 6
430 70
201 247
454 427
187 312
27 94
25 21
420 25
29 140
303 379
418 366
17 22
449 433
25 142
489 246
489 17
291 261
365 210
332 33
115 35
428 266
37 381
207 38
316 439
302 275
462 264
228 97
407 328
145 328
43 280
277 218
84 89
87 323
326 376
4 325
386 390
334 200
64 110
17 35
399 100
449 446
270 215
182 102
25 384
462 385
448 221
267 146
423 164
106 457
441 218
193 345
399 221
177 108
471 326
118 467
484 36
85 290
396 152
341 216
360 229
179 154
420 280
217 446
57 457
285 55
334 213
105 390
399 342
47 119
80 67
267 159
327 173
225 162
385 114
431 1
86 3
36 411
33 342
470 343
468 270
327 294
198 409
308 52
198 180
156 183
271 170
101 247
357 173
347 394
259 281
433 168
259 52
369 412
484 399
341 350
248 122
456 300
84 465
165 124
280 111
51 251
118 12
257 356
412 1
40 358
475 286
172 19
125 173
22 489
273 71
204 237
264 251
195 417
410 305
437 179
129 63
330 53
27 15
137 412
357 415
238 235
49 70
236 125
7 302
241 240
48 74
177 484
199 243
70 358
130 409
273 192
28 132
63 355
379 66
250 181
375 361
240 136
171 302
102 202
55 90
187 246
407 20
357 428
453 136
155 479
81 264
34 189
20 254
87 15
37 423
226 359
116 487
231 437
138 17
129 426
308 428
440 318
241 374
240 378
340 87
56 328
4 138
331 267
372 305
262 433
402 147
352 326
374 85
434 136
411 381
222 216
409 308
139 447
180 485
450 80
18 157
441 260
97 221
325 85
173 216
300 257
76 283
365 157
464 365
106 391
139 339
161 98
279 90
303 447
344 448
3 155
99 388
209 31
295 34
333 326
233 388
374 98
112 327
268 345
215 455
466 37
228 394
66 332
85 345
52 168
291 450
65 107
392 273
115 224
174 279
105 445
353 281
110 294
397 324
378 45
94 286
116 45
286 456
401 443
10 292
222 471
271 104
431 56
422 273
119 235
31 351
190 115
248 56
142 340
54 456
49 112
202 354
362 343
307 407
475 220
205 396
72 244
447 158
369 238
484 225
140 415
314 302
360 418
52 302
234 50
487 230
220 115
169 298
100 464
169 69
260 416
408 351
17 466
199 177
405 282
350 346
61 243
484 346
88 346
248 69
473 416
294 185
5 82
266 123
82 302
54 469
417 292
241 295
20 67
364 136
160 77
299 421
113 2
385 424
123 424
393 56
411 73
199 190
259 241
56 370
226 64
364 257
55 145
437 247
8 70
261 250
151 378
44 23
486 368
352 139
296 244
241 308
268 145
419 314
264 440
69 201
413 11
430 180
416 16
266 486
118 322
30 209
131 32
76 96
7 262
273 381
106 204
18 91
303 260
485 8
242 21
462 24
233 201
30 330
30 101
112 140
286 27
76 217
117 255
351 193
464 70
323 94
362 22
331 443
465 443
187 435
256 40
333 260
407 209
439 427
84 199
249 266
423 153
340 384
92 319
316 212
66 266
11 330
434 433
319 217
351 435
222 284
134 437
423 274
249 387
395 212
188 148
312 443
69 456
344 395
163 91
457 272
11 222
219 400
167 210
304 444
290 280
450 269
455 384
114 54
260 108
358 451
31 56
210 287
22 465
297 441
173 405
295 102
167 102
258 449
327 54
175 451
376 441
445 46
147 352
73 174
158 218
366 396
190 170
195 285
66 400
406 468
258 341
332 290
103 467
68 180
255 272
353 349
482 234
399 465
72 70
359 100
457 406
281 180
341 231
19 180
426 275
63 223
82 465
436 468
343 277
444 63
315 178
58 293
177 244
438 285
190 183
65 417
178 65
257 358
54 295
241 350
444 184
315 299
475 288
315 70
72 312
144 417
328 9
97 76
465 243
322 460
396 409
239 425
165 247
192 121
338 175
123 250
21 468
169 366
227 307
309 117
218 487
130 411
4 6
9 121
107 427
143 84
5 379
60 86
440 307
206 140
453 246
324 361
21 360
236 248
150 245
370 248
122 146
172 263
144 430
124 192
377 372
418 181
19 435
270 17
359 476
69 148
234 481
150 487
90 207
404 74
312 256
251 17
127 210
242 197
187 261
99 377
302 211
159 428
388 251
178 441
421 428
219 213
35 392
272 76
203 205
249 92
20 269
105 313
270 380
485 305
36 213
242 318
402 41
140 41
401 82
122 401
282 390
175 264
423 100
428 444
166 444
193 281
100 90
97 344
265 157
108 439
485 197
96 385
242 439
170 41
212 452
64 288
366 101
182 280
89 52
94 167
126 348
286 337
126 119
84 388
390 165
367 447
36 347
168 466
278 109
61 111
140 404
195 111
107 227
473 284
385 171
192 42
51 66
362 453
279 455
320 227
480 216
232 114
397 447
204 52
214 474
262 222
456 7
192 163
290 469
439 40
458 53
403 117
444 118
31 474
380 399
466 402
218 300
259 109
171 225
283 466
28 176
410 241
262 114
225 461
266 233
266 4
197 133
398 123
458 174
310 10
334 404
260 418
34 112
347 343
278 472
451 400
363 287
247 112
104 292
393 166
352 128
54 471
95 243
122 80
67 181
447 402
34 4
120 7
460 112
451 292
69 190
19 369
449 182
179 358
146 181
5 205
44 133
233 69
197 375
90 249
123 197
250 238
411 75
125 472
232 369
78 131
61 487
196 123
354 480
178 483
255 474
315 488
337 247
423 21
87 72
350 482
279 13
231 265
325 129
308 485
206 437
233 311
173 31
11 198
374 21
453 314
123 439
38 72
76 98
332 24
212 144
377 440
270 314
32 442
310 386
258 196
24 29
411 438
392 196
337 260
115 147
194 440
111 442
18 214
78 265
152 214
97 278
261 386
94 209
242 144
374 263
489 250
420 379
103 443
84 201
203 152
450 258
455 373
23 450
427 274
36 389
91 96
347 22
471 88
200 268
33 91
453 448
392 438
459 199
65 43
395 443
54 150
18 227
124 394
413 268
3 104
30 466
281 48
52 225
319 340
401 379
131 289
165 102
459 320
304 446
15 343
1 179
224 453
353 338
243 466
383 217
295 333
314 346
112 397
179 158
46 43
65 56
15 464
216 454
249 402
1 300
472 151
128 112
329 102
389 153
475 156
64 356
427 408
12 166
58 53
209 451
460 33
28 110
66 402
47 123
437 49
327 177
454 218
280 102
404 397
51 242
472 272
257 347
362 400
40 349
26 185
17 402
89 241
383 459
149 292
102 180
74 118
349 57
473 123
82 467
114 190
141 64
461 234
20 3
83 59
129 175
449 116
387 470
440 296
128 475
109 233
241 123
342 175
72 314
58 416
466 470
111 13
61 421
56 77
364 193
93 373
146 236
65 311
132 72
426 290
352 304
117 178
21 241
120 183
447 349
359 465
410 430
330 178
5 381
32 484
159 67
183 424
365 135
57 19
136 83
48 199
409 178
488 242
259 419
36 81
471 9
335 377
421 417
187 250
51 389
104 481
398 204
122 269
386 315
289 382
187 371
443 68
302 92
393 476
333 196
412 489
434 248
98 33
222 328
337 315
450 192
106 153
362 79
166 204
174 28
284 196
325 197
377 387
201 427
13 376
302 213
219 444
313 79
184 194
103 269
371 20
224 266
325 89
316 269
228 385
484 82
85 336
184 86
222 341
404 89
445 90
106 395
207 447
193 54
278 98
135 49
314 51
392 385
29 333
244 221
395 390
18 403
389 87
119 226
353 393
306 52
154 449
369 337
396 211
84 390
244 342
426 90
450 447
188 218
246 388
246 159
461 47
31 234
397 328
457 342
190 227
135 291
402 406
322 154
52 293
167 280
258 398
165 170
202 466
109 275
174 404
463 278
334 393
353 406
408 342
394 178
273 117
204 283
438 221
94 411
470 402
165 291
473 178
244 355
324 55
274 463
246 401
31 476
86 183
315 6
139 9
226 163
460 101
79 409
98 422
247 222
244 476
82 414
417 404
95 124
370 63
282 179
442 168
9 57
294 418
60 251
321 292
271 471
467 117
412 181
453 182
164 79
384 348
255 463
117 4
466 417
92 176
218 315
460 114
9 178
410 485
107 484
5 436
330 4
247 235
206 197
99 71
233 71
269 253
241 420
48 25
287 307
20 192
340 133
23 197
312 71
157 197
465 313
261 254
228 77
255 476
217 184
203 20
92 189
400 305
207 139
284 130
146 425
335 324
214 34
420 139
87 195
50 313
377 442
430 305
209 77
118 447
145 321
90 385
489 131
401 18
310 388
263 313
483 316
290 150
73 152
159 377
434 316
258 319
156 42
6 283
119 160
380 201
58 150
215 393
228 332
302 281
470 94
103 337
390 101
161 278
343 26
389 142
100 39
130 147
383 327
149 160
424 99
253 217
239 53
323 461
101 348
285 169
395 337
422 440
100 389
348 225
53 48
383 219
264 2
281 171
167 335
79 222
371 101
45 345
260 233
172 120
177 464
359 212
168 415
364 61
80 302
52 469
341 343
459 335
486 172
163 458
273 64
322 222
418 159
308 287
373 416
486 293
472 395
477 473
7 295
361 298
172 133
466 351
89 364
369 418
83 61
308 408
385 362
63 348
40 364
208 177
306 483
199 357
328 242
259 408
364 424
364 195
28 246
102 195
284 172
14 311
449 10
63 469
211 367
448 14
467 64
379 180
150 357
398 193
417 472
458 244
136 193
122 258
72 437
287 362
461 249
340 188
199 249
465 368
105 62
47 380
470 483
449 360
349 422
437 306
242 67
335 29
140 19
447 472
428 193
161 78
340 309
138 360
78 80
8 250
471 11
25 190
173 88
434 129
21 485
310 322
411 374
29 80
422 11
108 80
192 488
291 430
425 430
203 88
227 445
175 255
87 142
216 27
1 102
340 322
422 132
482 146
386 209
124 438
124 209
480 73
432 325
303 440
215 327
292 22
8 263
297 137
33 27
439 486
198 94
184 196
194 389
309 376
15 158
340 443
119 215
64 279
177 156
163 258
154 209
300 263
319 276
468 76
184 317
82 40
161 333
6 459
128 156
18 284
224 389
182 392
228 279
374 333
140 166
167 269
74 41
327 221
93 54
10 285
189 287
175 389
40 164
193 406
105 330
339 231
311 398
457 223
126 352
93 175
486 106
257 54
269 108
155 272
367 451
7 108
260 59
22 416
108 456
75 279
168 470
364 116
369 460
181 409
262 105
107 231
308 221
313 336
440 111
100 457
375 396
153 54
237 462
366 347
405 275
171 108
465 60
396 226
368 393
487 344
454 167
354 229
261 1
385 296
385 67
123 67
329 401
315 237
81 70
208 111
191 467
273 240
204 406
149 470
264 191
451 283
47 193
377 68
215 6
132 237
299 414
21 406
477 420
411 66
320 473
282 181
77 486
400 173
9 288
83 237
93 430
253 419
473 422
467 348
90 132
114 489
365 71
103 71
92 178
240 76
441 66
28 422
418 348
327 489
127 135
388 176
197 379
444 485
442 412
115 17
199 425
180 183
218 438
326 237
207 20
152 84
336 430
36 138
113 358
261 256
302 28
286 20
296 479
208 366
442 304
20 315
474 256
133 192
4 78
441 79
279 17
196 248
397 9
297 71
383 74
154 251
467 482
186 203
112 25
313 15
142 133
395 313
37 376
73 33
367 251
274 23
45 200
97 390
119 149
154 372
443 246
283 257
295 82
443 17
30 336
272 364
2 274
425 377
189 100
483 318
216 203
376 192
469 154
455 256
441 321
78 269
23 333
481 393
355 254
281 39
179 28
79 90
323 450
54 33
188 262
334 87
293 49
55 406
443 488
75 92
283 270
300 439
214 399
121 208
429 95
434 439
415 160
52 108
79 211
387 327
46 34
109 90
100 270
105 385
210 401
209 442
456 53
473 222
137 44
183 160
147 237
274 278
31 291
359 93
350 273
162 222
470 338
281 173
308 276
470 109
179 162
473 343
277 468
352 53
54 396
68 65
183 52
155 219
193 474
353 463
72 184
326 37
364 292
218 9
195 291
321 107
156 299
343 391
109 224
95 289
86 240
306 472
70 232
474 56
204 232
42 399
111 4
83 171
231 69
248 238
266 292
40 474
155 461
425 56
260 248
264 367
28 356
231 190
470 472
14 192
248 130
266 184
197 313
486 187
326 171
419 362
157 362
102 426
212 69
97 82
410 313
465 478
465 249
248 251
5 264
154 64
489 54
90 308
34 413
282 249
48 82
34 184
428 74
433 418
138 241
465 370
113 413
27 144
333 187
233 249
300 10
164 378
30 149
136 316
318 64
48 203
268 206
483 131
18 31
143 211
110 263
321 483
25 192
140 142
481 206
164 270
2 208
464 239
340 432
298 206
325 309
55 448
127 324
22 42
443 301
217 483
282 383
249 206
82 29
101 42
1 104
417 19
185 450
174 32
432 327
58 86
96 378
209 255
176 78
118 396
200 206
272 311
76 399
112 93
98 158
332 325
79 145
184 198
82 150
371 24
309 378
133 152
8 386
30 404
145 391
267 88
198 217
365 394
280 27
10 166
221 386
128 158
6 461
45 160
195 104
374 335
290 341
188 330
86 53
172 56
218 172
204 274
88 99
112 456
234 153
280 269
280 40
371 387
404 335
40 287
475 215
232 228
466 166
218 64
369 462
157 54
336 285
267 451
262 107
294 59
239 123
431 293
472 331
417 395
236 54
39 183
378 403
158 171
47 303
165 295
239 244
32 180
137 233
252 183
305 46
403 352
81 301
81 72
67 174
447 395
361 355
149 472
226 167
405 398
146 174
5 198
476 49
132 10
211 303
123 419
35 306
164 191
375 411
337 119
23 188
157 188
281 483
88 354
143 24
220 244
127 16
349 129
233 183
393 172
90 363
305 59
458 301
62 301
351 175
337 11
347 470
139 255
221 65
479 360
391 476
331 196
446 183
224 70
358 299
9 182
9 411
432 19
138 296
201 352
449 188
41 363
377 312
113 239
316 73
49 483
374 14
439 409
219 140
342 476
356 145
73 22
460 468
105 11
270 307
160 435
485 3
435 374
335 207
16 427
346 73
291 137
332 138
318 240
194 204
106 320
142 14
37 486
59 16
152 207
119 30
284 363
36 32
41 376
22 97
344 148
457 25
99 317
159 368
104 432
355 14
439 422
222 387
442 427
175 312
4 430
23 443
45 202
205 191
105 253
12 25
480 130
427 38
427 267
256 156
209 310
351 430
43 277
103 328
175 204
50 438
246 84
17 261
89 100
471 202
256 277
130 138
314 218
434 320
401 143
313 259
280 82
142 377
257 98
436 100
477 101
422 202
193 342
158 92
22 460
140 452
295 97
319 454
33 97
217 443
15 457
395 449
174 221
348 108
193 234
375 211
246 97
484 383
470 219
19 283
82 339
49 162
257 340
472 36
422 444
45 457
67 216
315 52
438 388
457 401
364 173
484 275
391 47
146 216
332 406
280 216
32 114
82 231
188 398
329 337
53 173
347 391
466 342
273 176
190 407
438 280
190 178
264 127
267 398
341 347
248 119
426 391
104 111
202 417
144 412
111 235
56 70
9 224
121 465
262 404
14 302
60 189
46 291
32 356
68 309
21 234
76 133
268 74
89 368
345 294
419 243
364 307
386 66
88 409
33 473
248 361
418 55
220 299
65 425
239 312
151 428
338 291
444 192
301 409
141 420
221 120
433 299
240 133
245 248
50 9
437 418
91 10
129 302
354 420
247 294
398 426
250 299
269 312
203 187
29 71
273 431
400 243
312 359
231 434
312 130
336 487
413 182
224 17
148 436
270 133
55 208
30 380
300 12
57 254
7 433
134 474
136 318
404 69
478 18
34 307
268 437
180 361
488 477
419 377
18 33
334 10
210 203
8 254
397 66
256 90
30 272
291 313
139 444
367 308
18 154
331 385
231 447
402 265
393 482
459 18
40 34
463 137
358 380
292 26
316 383
383 144
457 93
176 80
434 375
219 450
38 375
214 106
76 401
368 21
459 139
170 36
469 332
73 332
288 28
97 460
232 96
452 99
130 85
209 378
429 381
140 278
47 50
71 444
181 50
487 93
170 386
304 386
211 158
389 201
26 112
320 330
265 165
168 461
61 335
387 276
299 163
459 152
156 343
18 409
329 271
147 294
334 386
100 219
67 42
153 45
26 4
77 235
218 174
223 289
171 99
245 48
56 112
267 332
327 117
146 42
373 233
238 45
241 279
359 271
223 410
130 219
168 474
438 335
28 171
107 464
410 236
107 235
165 405
280 392
197 357
183 459
362 461
403 462
12 348
309 46
70 289
75 404
245 290
312 51
42 227
231 126
470 408
69 64
129 115
160 182
220 233
65 359
51 424
472 454
305 48
2 10
370 177
141 354
213 459
232 472
259 346
89 423
326 107
149 474
240 67
157 298
162 413
49 472
202 485
324 182
236 298
425 234
315 362
48 18
139 136
125 238
427 14
243 193
289 80
435 134
321 298
85 21
346 62
117 239
442 295
461 308
268 142
340 247
331 198
449 190
187 419
443 116
462 129
233 306
434 296
217 69
392 70
411 83
20 427
268 263
450 11
31 27
215 373
289 322
256 145
90 378
272 126
2 265
332 140
370 432
337 255
29 139
304 78
240 322
152 438
226 424
320 22
485 355
330 481
80 40
145 435
85 155
200 142
203 147
409 481
249 263
221 201
381 153
73 37
389 14
45 204
408 27
279 142
182 209
295 86
195 148
140 212
11 327
30 340
374 379
217 432
244 40
207 387
482 326
427 390
191 150
3 328
8 443
283 382
424 92
392 325
373 46
189 225
137 35
174 331
315 41
141 154
397 376
359 84
292 94
168 287
80 174
33 328
415 393
410 49
451 87
198 166
65 51
445 272
183 43
207 400
306 342
306 113
451 208
368 210
84 451
473 226
128 457
202 406
338 38
40 344
260 118
287 221
360 470
220 167
258 459
63 449
5 13
49 285
255 161
389 390
444 60
58 290
144 293
65 414
187 111
261 60
32 237
178 291
403 409
273 299
259 401
171 288
322 457
102 188
382 471
60 191
266 296
440 183
467 57
398 186
394 481
111 358
23 16
138 3
143 310
358 235
96 6
435 189
247 175
250 409
90 191
384 409
365 130
106 135
259 414
312 240
248 484
41 191
335 372
314 20
71 70
62 479
136 428
392 125
194 369
20 253
92 358
367 297
133 130
408 69
205 6
325 71
27 148
209 125
388 356
25 304
467 420
374 192
11 140
43 92
309 248
1 95
4 366
124 431
394 26
196 307
3 141
154 81
407 261
195 82
429 20
217 366
76 390
115 318
10 36
409 307
59 194
4 258
372 425
413 197
55 452
306 34
154 431
25 317
341 28
365 385
57 269
216 33
166 441
240 390
147 162
298 331
246 141
394 39
77 103
283 437
438 82
462 439
121 146
52 46
2 454
137 90
362 208
307 272
293 337
339 453
12 95
17 439
72 109
110 401
471 380
278 214
61 216
374 447
107 332
33 154
313 437
304 388
390 391
82 275
445 98
142 326
49 98
54 213
147 404
169 163
81 50
301 90
232 219
130 208
369 453
61 337
66 452
281 340
470 276
336 47
179 329
468 203
332 342
354 101
10 291
216 396
293 350
279 452
466 278
273 112
204 278
452 114
226 37
171 101
245 50
61 229
176 445
262 219
465 53
167 396
437 220
165 286
82 288
486 112
250 101
21 278
403 343
155 278
153 168
438 337
345 109
446 161
465 174
382 405
55 10
437 112
65 240
445 461
233 53
183 461
379 107
67 286
282 174
141 235
34 109
232 353
185 241
245 292
185 12
47 307
418 220
270 56
373 477
67 407
153 181
336 302
418 341
96 61
41 125
454 294
187 179
285 485
445 474
49 474
118 79
104 181
257 423
398 133
260 428
455 115
460 459
441 180
372 346
210 18
196 120
275 413
187 300
32 426
228 72
66 10
434 177
35 431
145 74
420 13
282 308
227 372
34 243
180 297
254 246
474 478
157 313
69 200
349 483
5 444
383 67
242 128
266 485
302 142
30 208
398 375
131 31
409 241
175 74
450 13
23 434
133 77
279 131
237 134
242 249
154 365
302 263
272 128
186 88
189 93
362 21
147 96
422 72
193 212
64 98
8 432
223 91
11 437
214 271
355 18
179 21
76 337
203 378
54 26
152 332
205 424
193 333
246 196
347 19
366 32
402 443
38 432
167 317
38 203
487 258
420 268
332 155
6 399
147 338
422 314
114 161
389 137
279 265
12 150
223 333
209 435
264 105
80 284
448 451
47 107
85 399
5 110
205 437
193 346
224 450
130 263
479 151
382 218
234 91
151 56
384 35
477 226
353 456
320 279
3 343
429 451
303 46
368 441
239 290
46 161
170 456
445 395
257 344
147 472
95 53
45 461
442 97
306 465
125 161
218 123
424 457
33 343
322 217
456 409
98 472
315 177
218 473
414 156
125 282
433 398
364 298
386 57
382 352
430 100
321 342
407 116
178 64
324 347
324 118
351 221
277 6
48 183
375 349
81 131
158 351
328 237
199 352
83 177
160 360
435 70
27 16
173 70
467 288
178 414
398 417
431 365
458 468
155 467
291 62
136 188
323 14
307 6
446 350
391 414
275 468
108 62
60 314
127 75
481 307
467 180
236 247
7 424
208 414
122 145
409 175
367 178
23 368
78 75
28 483
231 317
212 304
317 357
229 473
358 129
229 244
96 358
305 468
434 353
258 127
103 253
411 369
323 27
56 437
212 425
432 199
251 124
215 430
344 315
41 314
182 253
270 137
261 317
443 294
233 484
30 384
200 78
277 261
411 261
82 22
423 86
417 12
207 202
482 141
143 446
110 269
256 323
321 489
135 33
195 84
379 430
179 76
76 392
217 368
277 382
367 312
279 428
482 33
124 325
3 264
330 430
113 432
228 382
154 204
369 92
283 89
33 143
230 428
271 200
188 202
40 38
64 395
124 446
292 259
443 428
61 97
107 213
401 431
448 277
133 387
155 146
353 390
190 103
179 210
357 216
343 318
155 267
7 103
475 208
210 462
158 272
259 95
341 393
363 152
225 447
51 294
426 208
101 411
362 452
381 465
301 442
460 206
369 347
281 463
336 170
102 3
167 398
280 275
384 103
114 242
136 1
172 412
199 57
149 465
223 414
446 163
322 393
220 345
46 458
275 52
481 120
477 415
458 173
375 404
158 406
309 50
152 66
391 119
456 477
344 7
215 122
46 350
476 163
385 304
44 11
472 458
164 305
453 179
439 281
117 230
365 66
117 1
62 65
161 7
171 237
224 63
129 469
270 179
206 423
333 235
233 297
197 374
68 489
374 7
62 186
370 302
464 166
345 474
441 182
279 120
358 184
432 133
44 253
118 202
333 127
434 179
186 77
57 192
409 122
221 300
37 479
188 123
339 26
215 485
3 77
435 488
407 426
355 7
324 428
401 123
346 187
398 377
392 303
15 316
175 305
409 243
254 369
450 15
436 80
37 371
353 311
45 195
83 487
311 85
297 187
319 434
267 15
189 324
175 426
263 310
371 72
268 388
87 313
221 313
274 139
480 244
251 421
330 485
237 28
25 374
195 260
11 439
126 160
115 267
244 152
1 394
436 93
95 29
133 321
408 260
348 209
375 83
196 377
232 34
402 445
186 332
313 373
179 144
170 324
478 211
390 98
362 265
343 23
202 47
114 163
380 319
172 104
292 206
176 31
401 378
79 327
371 206
101 345
40 335
288 208
40 106
408 273
480 378
375 96
399 453
75 329
94 342
42 152
190 50
14 53
46 42
390 340
472 150
128 340
18 468
288 329
40 227
260 230
191 396
350 160
281 289
262 47
437 48
41 48
132 166
459 332
82 345
44 53
147 474
458 107
81 120
375 338
394 351
89 469
414 37
378 343
259 163
185 177
405 217
350 281
264 241
231 64
421 161
357 405
30 10
439 215
250 50
326 45
368 456
146 343
285 421
183 410
150 462
208 174
199 354
400 344
474 64
330 285
289 247
44 187
233 123
448 11
164 252
145 10
169 367
444 306
175 118
273 424
87 5
4 236
386 72
124 301
432 188
418 290
330 406
13 470
242 64
321 357
25 66
16 475
434 234
319 247
49 423
346 121
222 314
392 8
483 355
48 198
221 126
133 13
243 144
36 80
201 413
311 19
187 249
407 252
85 201
398 432
170 16
180 475
87 18
400 478
128 19
133 134
96 481
399 253
110 150
237 191
487 73
29 427
282 378
478 24
152 268
100 78
193 269
427 207
243 386
154 314
94 34
66 201
448 266
219 443
112 317
222 448
15 384
304 258
189 271
290 94
6 335
265 266
17 201
22 279
209 371
402 271
80 220
214 220
88 81
318 314
249 443
257 38
367 435
86 156
251 489
80 341
336 38
470 267
368 256
225 207
63 145
123 159
370 36
408 328
306 51
75 384
424 272
424 43
52 400
341 274
368 377
404 330
266 100
211 164
431 167
73 459
188 446
329 156
246 387
227 108
180 33
144 110
369 457
451 38
327 460
239 118
32 54
151 5
104 159
393 33
51 67
109 274
389 328
241 164
141 226
315 113
199 167
111 54
61 462
451 388
146 277
27 60
192 393
145 52
439 41
236 170
125 110
102 355
248 409
437 345
96 52
187 170
13 54
269 468
431 301
131 9
172 306
56 360
460 221
132 355
388 52
123 306
200 1
305 54
346 55
236 183
227 363
222 19
180 288
240 302
111 417
419 304
284 345
446 178
224 65
335 310
467 466
85 135
30 199
117 124
199 422
20 191
479 476
270 302
215 366
416 127
333 358
178 484
85 256
379 474
20 312
488 417
212 482
59 11
353 192
298 256
279 14
358 307
380 66
325 130
55 269
397 6
435 261
489 238
38 302
286 138
453 315
29 482
277 89
120 371
18 323
307 197
152 323
367 248
31 33
270 315
397 356
256 380
237 138
3 200
8 315
75 76
462 485
443 243
168 38
319 436
434 423
33 79
406 324
313 133
29 374
318 248
48 387
426 10
323 326
271 136
268 390
221 315
54 138
100 254
441 318
100 25
339 270
168 388
195 262
30 454
107 149
401 367
253 203
368 190
98 329
244 154
54 259
128 208
436 95
78 387
40 95
389 20
259 139
280 198
115 390
63 200
230 377
390 329
183 265
431 101
293 396
7 39
301 257
463 90
260 219
77 283
228 452
140 339
88 149
162 98
368 203
165 103
299 332
211 219
137 41
197 55
119 401
306 227
61 167
140 460
148 284
19 399
253 337
93 119
113 34
13 96
266 276
225 275
82 226
417 445
34 155
223 350
345 47
9 98
429 455
267 393
368 445
179 280
349 166
252 233
403 402
482 466
301 391
375 340
199 343
218 356
281 412
317 106
410 297
196 45
187 225
5 248
151 302
250 52
296 397
291 53
477 472
153 119
53 181
345 289
138 225
88 404
129 405
148 418
242 53
252 246
219 69
136 300
208 176
122 136
15 10
20 125
400 117
42 409
243 133
229 235
432 69
284 171
60 426
242 174
94 10
291 295
62 472
282 475
194 362
87 7
367 61
138 238
3 13
297 231
242 295
416 182
206 372
192 474
247 410
393 464
388 120
486 426
341 8
30 146
227 431
189 139
423 77
450 180
245 485
97 321
196 300
201 415
292 8
186 26
222 208
263 246
268 324
106 262
37 428
188 72
138 480
408 75
215 434
130 67
163 15
388 362
300 249
319 262
351 480
258 252
79 21
244 88
469 435
106 383
183 78
18 270
477 30
427 438
193 271
158 21
314 268
80 101
470 27
258 373
454 19
406 271
473 32
216 147
114 99
301 191
334 139
302 335
374 440
93 161
258 265
426 78
445 91
183 91
408 438
40 42
375 261
191 440
314 281
429 268
470 269
437 92
299 158
63 147
202 454
412 35
18 404
366 333
397 437
359 145
457 451
111 43
438 209
198 456
146 37
280 266
373 457
54 448
202 346
150 156
67 158
56 228
369 459
138 38
61 343
248 169
473 287
417 392
183 225
35 61
351 38
86 292
306 295
125 220
226 43
97 121
28 287
303 226
74 403
19 467
51 190
486 118
150 398
453 170
62 56
153 403
268 124
199 290
345 115
143 129
36 3
215 234
55 16
165 413
60 131
187 172
68 480
434 49
403 470
26 483
337 116
442 169
139 360
364 478
124 237
410 365
50 59
330 113
476 167
338 462
374 119
30 309
169 424
7 362
249 124
441 65
339 17
110 194
41 360
159 352
140 73
175 296
120 131
199 424
254 360
205 175
50 301
349 368
333 360
319 425
267 6
387 71
43 261
318 237
103 312
337 250
244 22
254 481
340 484
422 294
362 14
246 68
191 132
399 81
195 22
11 201
360 89
38 75
98 89
84 191
406 205
101 94
1 156
443 474
314 323
253 84
103 325
249 379
403 28
58 259
466 84
8 438
350 138
396 25
112 266
327 154
244 385
373 270
211 208
376 312
338 20
482 442
193 339
174 97
361 152
22 457
137 151
197 165
183 267
114 167
241 208
193 460
394 221
89 339
204 326
185 47
209 441
56 162
121 328
33 444
341 331
294 219
473 221
192 208
274 277
375 329
53 49
414 28
218 116
245 219
195 398
113 36
271 393
128 344
351 93
447 326
361 286
378 226
166 47
157 227
28 342
331 114
363 332
289 117
146 334
46 396
349 168
60 65
242 42
440 286
266 399
197 299
219 58
442 332
67 226
86 468
120 52
328 230
364 412
9 221
262 401
138 106
110 7
316 112
357 409
472 396
257 471
370 348
134 337
375 463
53 412
461 237
125 288
326 278
207 61
372 394
231 189
358 230
470 471
110 128
416 171
206 361
173 184
49 414
217 227
39 369
328 243
264 487
138 119
243 135
363 466
432 71
55 313
187 240
443 166
355 53
420 182
62 474
277 133
444 310
161 187
395 125
152 367
138 469
138 240
246 2
358 243
275 474
294 487
22 28
302 311
164 377
404 66
376 233
381 82
430 469
453 372
291 310
442 479
356 439
180 479
469 316
54 74
45 25
246 15
289 385
435 439
66 313
131 442
327 88
65 88
423 321
381 324
386 439
40 31
193 273
380 136
209 254
66 434
200 434
84 488
258 375
313 82
10 273
244 211
417 139
59 431
174 381
348 39
119 216
210 334
287 29
204 260
438 198
484 314
368 139
445 322
54 208
348 389
458 32
86 160
31 224
457 332
484 206
317 29
198 337
201 83
459 378
354 96
385 163
271 327
68 227
296 91
375 155
34 91
347 322
158 157
328 43
172 55
457 453
135 402
80 466
28 276
264 58
33 391
415 456
148 112
93 176
280 268
51 179
255 211
114 235
141 338
191 455
204 394
278 343
116 281
479 104
102 346
102 117
229 158
243 56
231 2
267 450
79 399
220 109
151 238
343 445
236 53
136 115
296 104
53 346
447 273
268 5
345 225
312 48
9 47
470 405
65 356
178 233
305 274
274 466
180 279
309 164
97 15
262 348
14 246
41 349
335 301
250 230
310 244
141 472
222 131
227 475
185 478
262 469
456 483
127 15
118 195
30 82
145 69
277 188
273 483
381 16
152 193
215 478
77 19
182 72
402 75
352 483
305 408
145 190
249 247
235 83
221 185
37 364
358 419
480 116
374 134
272 352
24 21
37 485
469 142
18 206
133 193
446 424
193 207
427 145
246 70
110 209
55 273
429 191
66 139
305 421
487 132
277 322
340 378
389 11
366 256
378 81
283 258
228 322
140 438
135 94
140 209
434 427
57 440
186 325
184 252
478 433
170 88
417 194
307 322
353 438
408 145
26 43
31 387
466 86
314 217
267 371
448 446
437 28
84 435
244 387
170 209
426 135
82 325
288 430
329 202
306 218
347 256
70 207
232 40
88 261
253 328
327 277
93 110
294 100
10 341
156 395
15 456
467 28
357 156
68 53
114 169
292 441
391 154
396 269
459 325
371 212
439 87
463 444
375 331
26 177
153 218
12 279
53 51
273 283
125 156
3 459
326 146
400 95
292 333
144 398
138 95
391 275
162 452
451 326
432 47
382 455
93 352
82 459
156 408
51 126
49 282
136 170
296 159
172 352
227 59
342 46
144 290
56 406
166 49
6 60
386 52
336 231
234 449
266 172
238 339
324 113
21 341
2 62
439 100
342 396
125 398
218 360
116 349
13 342
13 113
30 245
375 465
461 468
189 9
166 291
471 109
113 401
51 489
44 301
402 9
104 352
356 307
208 180
263 116
194 245
488 463
254 296
166 183
441 122
212 299
358 353
224 124
353 9
143 199
270 240
110 22
187 471
316 127
388 232
71 296
11 16
305 234
167 4
439 463
356 428
230 60
483 240
455 407
279 181
353 130
205 3
466 7
355 176
314 138
181 23
126 87
346 356
401 63
57 253
84 356
328 487
161 81
334 238
100 71
339 87
96 366
270 253
481 436
121 130
140 143
448 259
203 428
411 377
230 302
101 151
400 484
18 153
348 28
224 487
394 144
471 364
443 302
162 23
112 202
426 69
458 21
403 85
91 264
466 141
144 90
297 369
127 446
278 90
300 374
214 334
167 259
286 210
24 210
203 441
385 152
15 390
271 87
436 383
18 395
488 21
259 198
350 316
369 329
484 316
47 278
424 36
167 380
179 205
459 488
63 259
271 437
216 272
150 147
269 98
375 265
31 455
306 165
359 257
218 52
107 450
317 31
19 337
74 44
253 275
294 47
142 444
227 222
34 93
180 147
204 275
245 276
135 404
80 468
410 114
14 114
487 334
132 106
385 286
68 350
21 275
95 224
274 455
241 278
208 101
428 104
158 280
433 219
204 396
89 409
484 450
336 286
243 58
146 391
321 163
44 114
250 219
16 52
241 399
328 287
259 453
231 125
344 2
215 117
275 168
49 350
439 276
2 238
423 2
419 297
405 399
4 55
205 45
358 287
363 402
228 177
247 227
32 302
35 307
117 346
379 117
241 412
411 298
249 7
6 249
259 466
4 176
437 472
210 15
333 351
159 235
145 300
448 72
200 7
11 71
62 302
406 75
244 13
309 408
166 359
78 246
441 69
446 413
279 7
430 405
485 112
297 290
77 21
94 190
374 244
365 424
198 18
423 365
478 72
326 469
105 241
427 26
17 128
261 488
228 311
350 8
429 72
194 434
15 203
189 90
235 206
436 196
288 69
4 310
279 249
416 483
256 265
127 380
484 129
71 485
179 18
165 83
478 314
299 83
276 365
362 368
1 160
73 265
40 88
100 139
45 203
64 445
339 384
196 372
295 314
112 378
74 86
313 368
10 330
156 155
469 386
288 311
348 325
26 45
480 252
86 96
158 201
438 255
283 381
135 217
281 271
52 448
253 209
406 451
43 399
280 83
486 151
338 24
238 86
197 48
422 432
81 102
158 93
70 209
460 135
369 276
322 201
459 435
385 220
269 274
472 145
403 274
329 96
67 325
213 150
273 164
259 266
149 394
345 40
129 156
248 107
234 209
93 233
46 387
349 159
60 56
211 454
82 340
90 164
150 215
2 51
67 446
287 449
447 438
199 107
455 33
185 172
400 97
405 441
262 392
372 35
377 113
96 100
233 105
357 400
458 452
444 288
461 457
442 215
342 277
199 228
215 172
456 298
335 237
371 456
49 405
486 406
71 164
197 303
136 293
227 411
356 67
180 107
9 454
110 11
206 473
421 169
393 336
159 169
233 118
250 287
324 236
309 342
37 408
418 285
377 247
335 250
200 291
16 470
71 406
489 165
48 422
455 288
185 427
326 403
245 478
307 124
372 290
201 408
237 65
182 129
421 411
242 180
186 248
131 312
230 62
371 1
422 232
274 68
243 489
430 352
289 376
108 301
140 24
145 368
425 422
404 70
478 19
106 376
166 427
485 409
416 309
237 78
300 363
107 197
52 261
360 148
395 371
18 384
274 81
293 94
149 315
130 73
209 366
311 148
388 368
410 90
434 484
214 215
445 84
1 336
238 20
257 33
246 140
399 382
447 130
402 387
429 261
322 135
341 148
112 325
327 213
211 38
472 79
147 282
274 323
21 143
232 326
447 22
359 138
405 25
9 25
121 266
220 208
170 387
412 149
73 454
164 47
477 278
265 395
466 385
278 334
168 462
42 323
479 324
135 285
354 329
220 100
238 383
403 221
81 170
134 33
218 404
28 280
281 460
19 460
437 219
280 272
192 159
30 60
236 165
356 230
409 93
6 117
441 45
4 44
303 111
449 165
60 353
5 417
63 395
285 471
412 283
233 52
57 55
122 184
139 353
218 417
340 114
378 406
474 114
36 117
110 66
146 285
338 455
11 60
164 302
453 176
136 469
134 167
337 1
226 399
245 412
298 9
449 178
440 358
352 474
393 283
38 55
134 288
48 248
304 174
478 61
87 176
249 9
340 127
23 420
97 369
243 423
243 194
325 233
270 297
108 235
349 361
471 58
379 469
145 302
76 202
225 2
128 69
17 238
96 302
163 63
237 12
186 195
38 68
483 418
409 240
152 318
243 436
480 120
31 28
3 195
311 82
435 377
94 84
159 479
379 482
203 256
24 25
211 80
73 146
279 251
64 326
270 431
154 485
462 372
355 246
401 362
203 377
423 380
450 483
216 316
1 391
174 90
246 195
480 133
232 31
204 198
195 378
281 152
341 203
277 447
115 385
109 311
54 375
67 85
172 101
190 155
424 93
487 378
280 314
5 109
192 201
266 150
440 37
257 101
315 271
278 389
433 34
204 211
116 327
470 330
33 329
360 458
148 279
220 155
151 284
51 346
197 171
310 48
425 35
67 327
394 456
177 458
428 40
166 40
446 94
47 348
187 99
431 230
164 115
35 230
458 333
351 207
26 410
301 386
70 453
414 263
479 392
23 112
284 153
102 176
281 407
234 332
449 220
113 42
192 335
425 277
153 343
428 282
194 115
180 217
488 333
185 66
317 451
391 400
289 123
476 215
481 64
305 333
219 64
425 169
208 400
34 284
282 120
337 56
381 62
460 392
212 290
102 418
110 13
388 223
324 467
11 7
21 466
117 174
337 177
400 462
331 362
303 300
476 228
27 136
319 244
219 306
263 349
282 362
230 172
166 416
221 123
307 126
312 470
485 169
443 172
228 247
159 413
173 311
300 123
374 72
33 8
360 137
52 21
411 368
106 257
362 183
188 67
55 440
96 478
429 129
66 77
300 244
319 257
126 91
459 237
230 414
464 352
409 416
271 186
323 376
6 440
403 76
207 201
224 370
91 255
430 475
265 142
181 148
38 365
420 430
186 263
313 304
184 190
478 371
244 204
395 373
436 145
454 135
5 43
473 148
373 210
285 97
45 381
477 38
64 394
141 89
77 333
135 274
102 97
396 315
382 151
368 253
191 327
461 151
232 99
70 266
199 151
372 79
405 27
195 446
190 102
65 336
192 148
178 213
486 100
438 325
479 326
61 338
396 328
341 392
32 280
21 387
255 325
76 57
444 224
152 52
410 347
88 333
262 220
451 385
41 221
476 149
421 213
159 213
104 277
486 342
458 280
194 170
139 234
199 285
37 223
240 57
350 454
372 213
47 416
162 403
270 165
46 457
201 102
435 3
32 293
333 221
252 296
412 285
238 398
104 169
384 452
324 172
136 350
425 224
76 70
208 226
6 240
340 116
469 1
59 103
441 168
372 334
317 398
465 296
358 170
201 452
407 291
85 11
365 294
24 1
72 486
386 353
372 455
69 188
399 63
333 463
321 409
277 302
428 242
92 293
143 487
399 184
154 353
440 481
481 253
319 420
52 76
222 487
425 358
409 350
106 312
205 62
110 431
127 371
462 361
407 425
181 82
38 299
420 364
131 261
258 302
43 377
222 379
469 485
216 76
133 307
279 132
22 210
8 312
283 251
167 76
420 256
46 15
230 361
426 7
249 374
343 238
269 23
59 250
427 380
86 87
347 128
429 426
66 374
262 20
52 439
38 312
323 444
357 28
288 194
441 436
141 144
12 30
347 20
130 251
410 39
170 323
211 95
49 33
288 315
362 264
269 36
353 444
444 37
264 335
350 146
336 211
267 377
32 214
343 372
54 269
21 321
463 437
403 157
278 391
451 319
148 281
215 42
165 450
385 224
269 278
389 380
177 460
190 399
264 348
446 96
391 160
88 388
47 350
289 112
454 445
349 163
5 353
426 383
68 409
250 157
40 347
72 299
39 122
185 176
245 227
78 50
363 448
266 286
393 327
178 402
333 47
257 466
439 443
16 111
40 468
433 399
405 337
157 464
102 299
305 335
117 284
2 68
444 413
361 415
268 187
226 227
97 305
279 53
229 232
27 246
261 184
314 10
145 238
236 356
84 228
277 128
15 128
189 15
20 472
290 67
328 359
205 225
237 177
209 115
443 53
267 56
217 464
258 236
222 313
48 426
230 174
82 10
413 295
210 195
325 182
38 354
272 292
186 252
179 64
217 356
103 483
170 15
249 308
161 195
128 18
274 72
3 23
135 142
429 360
448 373
85 321
162 16
272 413
385 24
417 13
389 180
119 319
223 147
383 136
116 21
135 263
195 85
107 201
24 432
84 483
258 370
280 129
483 488
156 93
412 19
109 247
257 145
298 442
77 443
433 78
383 257
405 16
234 134
253 147
473 150
244 327
371 368
87 380
431 153
403 320
269 91
95 204
301 80
325 437
447 134
456 331
487 435
220 91
299 384
202 451
260 392
370 35
260 163
301 201
366 330
231 105
28 42
308 325
165 276
5 58
266 99
183 330
357 217
384 320
444 105
208 94
447 376
199 45
278 338
484 443
410 457
317 37
284 89
468 435
93 292
165 397
263 151
26 238
282 164
134 37
461 166
278 459
474 105
284 210
69 56
308 338
335 175
132 112
49 343
62 282
48 118
419 290
446 164
303 344
196 218
247 220
219 121
442 395
106 180
303 465
74 413
160 416
349 352
127 239
316 175
32 416
393 395
305 282
131 129
236 182
315 475
337 234
153 413
230 108
23 303
391 470
224 64
36 242
449 411
215 244
36 13
256 16
223 68
154 234
286 124
365 417
38 59
409 460
15 75
235 307
6 484
188 232
193 81
353 70
380 173
311 73
335 430
283 240
219 484
459 173
376 175
54 124
37 480
188 124
362 11
301 1
36 255
242 360
204 68
283 361
187 424
300 301
38 301
365 430
184 355
29 481
277 317
263 419
198 24
156 27
265 199
196 365
295 307
66 484
429 307
126 269
198 374
52 91
454 71
45 317
119 266
480 245
447 68
416 489
314 212
167 428
181 97
308 138
454 192
313 253
43 392
459 307
10 444
170 204
3 441
198 387
179 145
308 30
426 251
211 326
49 264
290 390
329 89
397 489
204 323
56 159
438 261
46 151
440 270
82 333
305 82
155 323
180 87
240 101
130 266
264 458
438 382
176 382
121 446
262 156
303 157
229 208
151 288
266 275
338 380
238 442
384 267
12 395
53 167
409 31
326 33
97 173
83 46
220 280
206 345
440 283
26 414
323 112
359 331
59 39
264 471
474 52
364 409
298 55
129 283
377 119
220 401
440 404
421 162
51 363
333 49
489 37
324 229
351 332
315 409
194 119
409 44
400 453
336 468
465 353
206 358
425 402
291 173
134 455
356 302
125 406
221 343
166 407
422 104
69 474
64 130
231 307
339 69
36 297
187 466
335 364
333 291
305 458
16 355
219 189
313 53
122 485
323 246
483 235
133 122
270 356
108 294
311 128
94 130
99 245
267 58
167 120
425 415
404 292
120 304
428 420
408 182
143 436
191 184
237 300
167 12
82 133
128 249
169 21
114 85
100 187
86 23
36 431
99 487
388 361
434 477
300 248
487 74
165 23
459 241
373 201
249 431
63 12
106 382
73 205
288 130
155 244
353 259
17 310
287 134
438 303
94 264
405 126
176 303
396 306
239 93
115 323
235 388
114 327
348 265
274 87
394 381
12 87
359 131
347 77
259 193
121 488
369 324
424 260
107 324
162 31
93 160
473 381
225 316
459 254
104 26
486 91
68 103
54 205
288 372
447 365
339 337
380 375
438 316
283 442
157 37
281 332
377 40
456 333
46 206
104 147
238 147
183 211
384 201
477 392
67 265
315 101
53 101
328 40
452 335
37 93
364 222
396 440
28 44
303 212
430 24
74 160
373 456
10 404
225 329
63 267
104 268
393 142
35 168
134 147
111 163
460 88
410 459
391 217
243 53
393 263
252 287
257 402
35 289
16 47
40 404
241 394
175 40
386 223
138 158
281 466
251 35
74 402
46 340
352 117
434 156
453 169
272 94
439 271
169 410
2 4
172 415
409 99
328 174
386 115
446 166
298 2
243 66
303 346
215 233
187 400
113 222
90 238
296 343
337 115
478 54
175 53
377 416
399 175
237 113
297 164
132 356
481 473
94 64
355 105
44 243
467 346
272 107
310 362
117 233
409 341
268 365
309 403
323 72
381 242
133 177
97 254
129 472
344 360
325 118
443 110
159 351
415 11
346 177
112 10
24 126
464 398
82 67
450 234
276 118
73 247
288 172
6 257
312 300
97 375
41 480
77 137
195 129
85 257
267 5
276 239
73 139
152 432
348 78
482 307
265 80
77 258
3 80
209 414
11 429
374 252
38 303
365 432
98 88
390 196
106 437
183 132
21 70
348 199
45 427
64 440
31 263
339 150
36 378
204 191
391 17
336 81
80 155
295 80
79 196
387 312
299 199
292 425
287 81
433 135
366 145
89 96
383 314
438 250
350 137
322 304
47 99
248 89
24 381
201 14
151 156
230 486
271 487
472 248
472 19
381 389
205 429
287 202
144 153
116 320
405 194
262 145
19 387
275 84
46 261
165 212
271 379
233 87
54 381
172 107
56 161
369 392
146 320
308 153
146 91
431 452
398 275
90 159
81 110
171 269
190 282
162 449
322 438
129 272
382 452
160 110
393 89
257 457
164 229
7 282
208 43
378 454
83 277
231 175
47 354
69 113
421 272
151 411
173 170
385 349
434 211
200 44
197 298
365 111
203 49
120 280
194 229
106 116
59 41
312 221
23 347
317 336
284 159
413 44
430 213
289 237
41 401
335 353
104 457
159 164
489 39
2 180
370 347
139 414
166 288
279 165
391 406
432 407
358 229
13 460
476 221
173 183
434 224
365 353
346 111
222 304
122 366
103 124
404 52
244 63
326 398
288 106
482 120
91 235
377 363
344 186
168 189
462 407
198 68
230 286
120 414
180 465
254 414
376 111
436 125
166 301
367 291
307 240
237 181
22 256
416 183
295 122
71 414
57 250
43 315
406 138
230 178
82 14
133 474
207 423
152 487
436 17
325 415
96 363
75 11
336 15
107 192
420 423
24 194
101 377
472 61
59 417
436 138
353 369
17 420
196 422
55 446
433 69
176 184
28 20
396 187
52 377
360 264
131 441
179 189
146 12
454 128
478 485
82 256
101 269
109 130
458 18
77 326
457 318
220 82
161 441
329 254
334 369
480 423
461 144
58 205
89 272
378 146
226 18
135 388
264 44
262 200
437 201
382 265
308 87
473 383
146 25
280 254
373 216
63 256
137 205
450 436
439 18
475 200
232 442
259 316
88 434
88 205
14 219
382 386
487 439
294 273
440 98
250 203
403 216
241 154
447 488
461 157
194 42
306 283
254 93
273 106
9 33
65 342
335 166
32 165
321 39
233 155
21 272
370 160
134 149
185 343
331 168
468 439
165 401
324 394
282 168
4 160
460 211
212 109
377 176
248 291
430 39
471 40
316 166
440 461
192 396
13 165
25 219
357 463
472 450
95 463
48 122
442 278
356 238
56 471
331 181
298 4
430 389
248 412
485 96
325 107
60 361
297 45
305 394
444 472
258 53
318 104
337 117
235 69
326 453
307 174
59 109
119 123
152 71
284 227
289 305
55 138
449 294
471 53
443 220
168 15
481 246
219 246
38 171
346 287
323 303
189 74
328 418
326 345
312 410
482 67
243 310
14 487
270 413
210 133
110 424
399 298
108 122
204 59
319 305
305 407
404 120
483 413
464 171
271 5
4 415
114 21
119 136
50 302
167 298
79 185
43 262
373 137
450 357
395 421
161 254
6 380
188 357
292 185
256 262
85 380
262 13
420 370
220 16
332 257
445 134
216 311
73 262
26 150
339 381
237 370
56 29
350 247
468 239
294 86
354 137
115 380
276 483
362 486
257 204
100 257
370 81
475 134
246 311
394 209
58 260
306 96
204 314
378 201
465 89
102 37
253 435
51 220
390 440
49 147
403 379
296 24
141 150
34 24
452 271
479 145
341 440
146 201
393 78
444 43
213 376
414 137
465 102
451 204
382 333
289 105
41 40
13 207
421 32
183 389
257 338
172 459
139 282
466 448
70 448
180 91
345 158
138 94
25 153
431 346
428 277
405 330
243 231
14 408
210 54
22 3
228 108
407 339
219 59
291 164
84 100
43 62
318 38
340 285
20 115
381 57
279 46
399 111
215 290
330 277
435 293
27 239
159 395
217 336
76 360
258 108
318 159
208 287
230 46
309 339
328 352
6 301
386 293
279 167
270 347
215 411
187 349
99 465
429 111
200 288
489 162
164 365
387 114
230 167
376 221
6 422
288 108
73 183
207 183
441 121
9 464
17 288
289 481
196 290
311 240
476 344
30 486
272 285
184 172
170 237
122 489
323 479
240 481
221 239
4 470
152 368
312 357
334 116
408 65
394 130
191 67
232 68
344 309
36 193
316 476
333 416
167 124
406 369
371 119
101 29
1 91
436 248
147 374
133 247
403 71
191 188
430 470
292 240
158 11
311 253
292 11
457 307
302 433
281 81
145 486
468 173
19 81
235 379
417 127
293 320
232 81
471 363
297 476
245 20
405 9
355 417
424 22
33 366
457 199
107 86
478 487
390 374
376 476
271 194
216 487
202 323
255 186
7 84
301 302
31 212
80 333
429 487
484 194
140 384
377 31
401 425
19 323
93 43
46 197
220 84
104 138
252 36
439 128
205 486
125 197
190 326
487 320
373 447
137 436
390 387
290 449
49 94
310 98
458 33
31 454
375 264
227 100
89 395
229 146
88 207
487 441
79 387
247 200
68 457
338 89
241 385
236 41
26 231
232 336
488 262
254 95
111 275
185 224
9 264
312 36
446 36
396 444
41 216
8 39
285 347
252 170
95 452
136 224
370 162
232 457
483 39
171 447
166 103
4 41
386 106
229 388
215 224
402 50
32 288
159 329
481 114
21 395
217 41
361 463
356 119
414 326
488 275
235 58
231 353
262 457
69 291
432 114
41 458
36 114
251 39
127 232
421 221
335 181
233 399
453 402
379 224
71 108
263 278
428 345
423 1
312 399
367 106
36 6
187 404
302 125
401 104
98 66
356 361
15 68
110 305
471 284
256 130
302 246
154 119
300 173
429 58
57 415
203 240
122 315
161 243
340 474
128 66
188 117
339 249
289 428
3 71
471 176
374 243
195 12
434 294
98 308
137 7
86 190
298 369
267 238
38 415
46 10
29 366
142 243
357 131
342 8
110 439
3 313
278 23
135 203
355 472
484 128
281 257
313 475
60 29
146 69
137 249
343 354
238 72
384 126
255 12
347 244
414 5
75 310
190 31
426 244
151 39
100 488
53 147
232 378
111 88
350 141
107 383
248 93
382 93
65 386
445 378
252 212
68 162
444 153
72 281
254 29
70 208
419 96
74 327
