10000 5000
7520 2337
7772 6988
6819 1243
3537 2238
6986 7247
5508 5293
5389 3615
9357 9714
9952 2461
8260 5651
1412 594
8139 1160
8145 9047
2184 6937
4428 5455
793 3181
7166 3929
3281 1736
5570 8106
5291 4490
8283 3396
1409 5749
7290 144
555 2841
53 5074
3651 1575
763 511
3649 2670
8819 235
1466 9006
2569 2940
6297 1214
101 8649
3311 7226
7706 5697
6949 4294
6923 5059
5051 1488
9589 2223
359 5130
6260 5654
5457 2526
7171 815
3738 3664
8776 3813
3200 605
9786 6416
42 4147
7445 4996
7715 8792
8257 6860
9974 4666
1223 4831
5610 8891
1154 530
1041 2050
3155 5908
8914 1424
6685 7873
8337 7270
4481 3829
3008 4168
2292 2537
3579 759
4219 5549
5713 3283
9940 5139
5512 260
5907 9420
3593 2993
4886 9368
4745 8345
4168 8041
5197 9674
7674 2967
6965 5661
5587 676
4248 7660
2373 7992
6560 6551
5145 4357
1844 9045
4848 3841
4177 7608
9890 8835
9675 4746
2300 8803
66 8492
7992 2508
7943 4309
8952 6687
2752 6052
5666 9963
262 3829
4441 8189
8613 990
777 4689
4815 8107
7462 2585
4492 957
1900 9340
3295 5109
389 3008
397 7558
2769 8971
7218 8725
7619 1192
9701 1082
5019 8179
5533 8400
6068 3311
6574 7872
8813 1522
5571 5659
1672 9718
7794 4054
2840 2327
3389 1337
7895 844
2832 4839
3434 2921
8779 1012
4054 1619
4611 719
1243 4185
7480 228
654 5776
186 1470
662 5371
2570 2708
9536 3327
4152 6705
9702 1818
6803 2322
1464 518
2609 1774
8754 3412
6331 6420
928 5318
1239 521
6763 7474
1986 9086
2167 8316
396 4568
9360 7665
8474 7572
7954 5062
791 5097
6859 6781
9522 6946
6681 7943
6065 7674
4962 9044
4779 3675
5243 4075
6934 2875
4585 1860
4292 295
2458 1446
400 3118
9613 7185
8621 2091
2397 5758
9484 6667
555 7728
135 6876
5310 1338
9838 3344
3499 6270
8184 8223
5942 5873
7841 9052
3297 5762
7784 1873
8725 6591
9940 3247
7261 4572
6896 916
5689 8581
6377 5986
3954 9186
1112 4360
983 2260
2468 6819
3252 2205
9501 29
1981 9360
6248 4236
4252 104
8088 4327
2632 1184
2845 245
2710 8459
5043 6726
1702 5222
7376 8965
853 1453
3427 4838
5397 3053
885 2196
8761 9681
1820 8072
3551 5776
4970 8584
1401 7859
148 4037
8812 463
7361 4469
275 8171
5757 1881
1051 1976
6259 816
8036 9253
4069 7930
3649 2914
3858 2499
9112 7642
9776 8854
2223 332
5259 7387
3363 3459
9028 1528
5366 9701
9752 6955
9744 126
2508 7267
2526 5106
4086 7358
9924 4150
9378 190
8390 4516
4572 3316
2467 3415
5536 6217
1622 6248
6279 9415
4488 814
3366 4157
3572 8426
5879 1079
3893 4576
5044 1971
6855 5037
8207 8572
1400 9703
4084 3740
5089 3555
2186 3149
6231 1130
4859 9923
5110 874
8862 2474
5897 5391
3509 6397
9732 5740
1530 6901
1748 6077
10 520
458 6803
9229 5570
9122 5178
5342 9868
2205 5656
3053 6396
5768 4728
5844 1111
8376 527
2842 2914
3929 9184
9790 8094
4432 6277
6102 8401
1484 9363
7209 3245
8237 3458
313 8734
575 4304
46 7114
4893 313
1114 8904
500 868
3459 8228
9829 451
7275 6615
6388 9266
6183 7585
4449 1504
9997 1203
6350 9913
1824 4462
9435 3799
863 6181
7007 276
3830 7740
1643 3074
9218 6955
3787 3842
62 884
5561 3350
2707 2836
3319 3858
4912 6058
147 6970
4490 6594
7072 1401
6688 4444
1940 4771
4150 1692
7348 9334
1852 5826
7929 914
3421 2714
6782 3675
5293 8207
1723 4140
6528 5744
3417 730
5762 2306
5982 6739
5084 2620
2133 4240
7065 6888
8214 7849
4368 8573
6398 4853
208 5394
730 2995
759 3696
6946 1130
3310 5111
228 9429
9963 3513
6476 1366
4678 2174
8900 1737
1092 2300
2069 5958
3520 9243
4771 1355
2983 4837
1144 9522
5018 3154
8480 3672
1893 2591
874 3366
4444 4464
1549 4215
8844 4070
8123 4310
7616 5674
9357 390
9876 2941
160 2683
713 6279
3089 2967
7817 2402
6112 1223
167 2090
9889 6034
6976 4940
1504 6256
5296 7955
4217 7733
8539 4265
990 9189
2315 7666
8891 2438
1399 5681
7016 2016
6496 4424
2078 6154
4288 9949
8313 4568
4663 7382
2954 9171
3491 516
9826 329
4787 8091
7705 6496
3393 9928
7944 6283
1600 2715
7673 6399
7773 5354
3854 810
871 5780
4702 4704
9597 7285
3881 7709
4837 3845
8842 9072
3183 3651
9175 6774
1769 9266
5697 3427
5442 5389
6739 6019
1527 8457
6891 2855
5141 5397
9697 1113
3399 8995
9605 5954
5952 4821
8536 8894
7011 6599
66 4053
952 1702
7432 1115
8965 1958
7474 9864
6892 3995
9322 9550
4338 2696
11 2144
5354 1623
7654 2453
1370 9287
2693 1275
1392 5333
5800 5352
3472 3191
6825 5523
7413 2512
6771 9195
2611 832
9903 4819
4469 8642
5097 3515
1328 6903
4328 5633
5042 9177
8256 2800
9133 3073
1784 1669
3695 738
1312 4828
3211 2611
8646 8058
3956 2499
5247 5795
3803 5411
1507 9655
7551 6515
5455 7895
6559 2734
6366 7523
2592 5383
4018 502
6582 7040
348 5552
7774 5927
388 8105
3965 5715
4075 3372
2209 7136
2713 5915
2012 9251
8967 3295
1126 1695
9928 2515
1586 2555
775 1064
4832 2546
2979 1432
7770 4599
2517 3064
7854 7976
9923 5150
839 3156
5032 5465
7816 4422
3990 4795
38 8247
647 892
424 325
6241 4642
9118 5224
1408 1892
5523 9960
9205 7098
7876 6701
4812 3977
7783 57
5308 2609
1941 8929
2168 5939
660 1598
8113 4025
537 4645
9429 1487
5145 6644
6520 5467
305 6739
9293 808
6590 9589
1925 3794
2874 5138
4536 793
3038 1341
7564 7960
3646 2658
4854 2536
2820 5548
2438 299
939 8085
9912 385
3843 9322
9519 1622
4966 2713
8136 6321
5856 9341
5316 1291
2953 7282
2473 5625
8859 5898
8893 3038
250 7166
2817 187
5751 1340
3557 6349
9866 6173
5688 4667
9418 5488
5793 253
2776 4737
3502 3380
219 6954
4283 2962
8930 6838
8279 7551
4922 9715
8129 4345
1375 8749
8183 9011
2111 9837
3 7945
2341 8313
409 2742
3380 9173
3035 7418
1590 1211
7809 9709
5114 7791
3776 7308
6558 3452
6052 9013
4548 9258
1127 7694
3854 7349
4046 2860
6810 3565
247 5322
36 8256
6209 5038
2360 324
3167 3241
5613 5623
5632 5636
3392 1144
3708 3336
8171 8209
6968 8180
2753 4311
5976 7553
7836 941
8625 7517
2006 68
2688 6518
2081 3625
6783 6040
463 843
7901 5473
6330 1076
9176 7741
2481 2963
2579 2037
1386 9112
2459 8802
6752 2647
3755 7746
2927 5874
5850 745
2337 1578
7596 4850
2921 2272
385 3905
300 9954
9801 3642
4457 1723
1603 7891
5815 6012
4137 9073
3689 989
1818 9886
6837 7807
5496 1169
8732 5885
1239 1319
1096 5471
540 3038
4926 9354
4721 1028
6888 5944
4842 500
762 6241
7551 1269
4242 8614
3600 7161
5253 1010
633 2569
1405 7744
7747 4335
5949 942
9429 5301
2720 9182
2269 7031
7289 7806
9622 5881
6225 8875
4711 1077
6416 3976
8401 4980
4452 3297
8644 7596
3522 128
9449 6074
5937 7361
4698 2949
1680 2327
6060 5253
9028 1816
3098 9636
6283 4507
9667 231
2821 202
7459 7328
1705 5245
5676 42
1867 6741
7597 5720
9887 8757
9594 1530
5089 1615
1379 7596
6902 5316
9751 467
6532 9654
5874 9654
8228 167
4353 6835
9745 3052
9824 4099
7623 9398
7048 9921
7358 55
5109 9972
1783 9500
2955 3305
9931 9042
6407 3593
6233 8432
9526 362
1193 774
4210 3157
5383 6397
3449 9825
2909 1738
3664 7269
6585 2710
1378 3277
6739 8546
8568 635
9474 8550
850 8490
2504 4964
8861 4536
7553 7194
858 2608
3440 3831
3751 1737
5278 3095
5293 2171
1502 9476
8092 3163
9719 6637
9834 962
5713 4191
9987 6159
7915 1251
1792 1294
6885 1379
6377 8557
1127 8488
6163 3380
9935 3646
6308 994
3501 9452
4351 3472
3528 9555
3745 5877
6226 7048
2483 2006
8649 7231
2894 6946
5996 3509
5631 2822
3149 2
9709 162
9972 2787
6002 6377
8667 4925
4045 2210
9798 8986
4039 6071
2683 1370
3210 3745
8180 5682
6458 5088
9210 7954
3788 6876
815 3287
7817 6044
3647 2177
5059 3777
5119 8029
705 4031
196 9523
9812 1700
5512 4698
3181 6440
4682 9280
3723 5676
4049 7832
3887 9756
8575 5820
3682 4628
9930 4442
8803 6209
8725 6518
2637 8568
5262 6980
7151 9471
1445 8634
6975 9474
2023 6130
6228 7510
3696 3341
5616 5936
377 1330
2787 6004
941 8727
9703 3998
8784 1742
5713 2728
1127 5857
4284 9526
6945 196
9278 2435
8832 8212
8307 9293
3233 2805
6844 4695
2831 3670
2411 9234
2539 9914
4499 2257
5264 4275
1783 4683
305 514
3592 9662
9261 6645
9868 5108
2181 33
4903 1007
9099 5536
2839 5079
9864 5110
2563 6901
5986 8703
7574 6624
8355 8421
7162 9834
1348 567
4636 6153
2346 7438
891 8814
7563 850
6230 5141
1662 3480
8298 1484
4462 7814
8856 7898
2223 7159
1631 868
1842 9948
2446 7847
6207 5803
5463 5763
2515 2204
9235 5800
6445 5042
1718 5199
3591 1532
4327 2620
1710 8758
8976 5697
9309 2874
3734 305
9578 7199
2494 1111
4427 1925
7105 82
6473 1074
8952 7797
5800 42
4695 6146
667 908
5309 4504
3307 7505
6660 6390
640 172
3831 4886
8418 935
480 8787
1130 3190
7193 329
1811 5739
7810 8784
262 872
6676 3193
8825 7072
9182 9790
7969 8548
3179 4034
5925 6708
44 649
6876 6930
5662 2282
496 3789
7650 4459
4674 2262
6181 1278
4114 5345
3833 7281
3515 2276
5404 9170
3905 1909
9729 7168
4650 1797
6591 1297
472 4492
2609 5099
6206 2624
3224 5897
4759 922
1598 2732
9657 4969
152 730
616 5789
3553 5025
3467 9940
1120 9752
1392 5781
3402 8239
8703 7078
5224 4112
7671 2666
5883 1718
7328 3495
1834 2046
681 1875
8754 334
9330 3648
9334 6773
6705 1008
7308 1981
9650 1007
7519 6072
6834 1014
7730 105
5980 1893
9523 4285
8517 340
5700 1960
1723 1410
8192 1977
243 3547
5088 9165
659 1661
6360 8018
9954 1367
43 2102
3138 2907
6875 4936
2150 588
4497 6374
5531 2164
5092 7715
4844 1234
9681 6991
7072 3127
6576 9376
4413 7548
2628 6834
3829 1377
5776 103
3154 3682
7413 1592
503 3497
6246 7865
819 6214
7866 1537
3186 2853
373 943
6719 5052
7686 8022
7278 6736
7510 8025
3897 5308
5028 9635
7537 3469
9730 7620
5318 9064
9368 4908
5467 1990
4302 8861
7270 3246
1910 6981
7383 908
2398 9953
6711 7160
5001 5637
9560 8232
869 7216
1130 4776
6691 765
8189 2590
649 6839
1879 4527
987 4848
9032 5201
8580 3414
673 8593
7629 9019
2713 673
992 4145
4728 8164
8864 1308
9872 7285
8749 8942
8014 4292
5650 4460
2963 9536
3926 5419
9382 1126
8179 5527
5327 5877
9915 313
7924 7408
1910 6418
5789 165
9315 2132
8650 9555
4167 6955
9345 4869
2313 8622
9493 1091
7567 7349
893 1425
5754 3833
2841 8926
5763 4821
9266 4697
4130 5733
2672 4660
669 1801
7986 1940
6968 910
5302 3335
7665 1481
8871 4962
6863 4765
183 9384
2143 724
6154 8920
6188 2088
7134 6396
977 2425
7905 308
1707 8128
5079 4057
5053 887
7064 5290
961 1141
5052 5617
55 4745
6624 5893
497 633
944 8263
8879 8707
5637 6657
6590 7743
9777 1226
625 3033
9093 5145
5144 3233
3017 3048
1908 6855
4556 6217
6928 9845
5908 367
2458 2532
1569 3602
2505 6027
8042 2073
2765 4796
1203 219
5549 9940
4527 4065
8997 3464
8409 8138
6857 1805
7058 5996
6016 6558
548 143
2375 2776
3094 3695
2034 4469
4838 4307
2100 8206
687 8825
4309 9332
4883 8106
1574 633
983 5332
7145 6651
9175 9118
7709 48
8214 2664
9871 4620
4542 7705
2186 1052
1693 3105
8926 6283
3692 2058
8521 4248
1576 7135
2235 8757
7374 593
5842 1557
6320 2084
3467 6225
2088 8451
5803 6934
9189 5996
5372 7650
1557 3981
6245 6986
5654 9965
9072 577
8058 9869
7093 3067
5890 1052
9772 9821
8721 2979
6009 3898
3789 1270
4831 5848
2608 2986
6305 1910
1702 7839
5042 3816
2268 2100
7885 5080
6628 7969
8326 9926
7964 6312
2796 7773
641 3850
810 3255
2016 2535
4039 8224
648 941
7523 7858
4632 8216
573 3921
4167 3198
5340 3055
9445 3036
9580 2443
6479 1298
6040 2648
8383 5575
4312 4195
6967 2284
7538 4059
4971 1387
1432 9667
1833 7796
3306 5205
9450 1286
4704 225
6118 474
6121 6141
5815 6623
4422 283
5617 8715
1297 2918
7772 4882
3118 1195
731 8815
8530 8617
6363 7084
2979 2729
98 6283
6677 2292
6718 8480
4151 4613
2719 9191
1200 7199
7368 3866
3787 135
7873 66
2248 4321
1014 4979
3495 6150
5145 2209
6652 663
518 9996
1261 4856
8923 977
3193 7919
8391 4085
1978 4847
4111 4288
852 837
4775 5500
8431 222
9208 5512
3184 2851
8712 878
2466 2571
5943 7679
1807 3689
9732 9309
6420 2319
8555 2099
8792 3503
1156 2537
1665 6844
2653 303
1528 3577
9376 5890
9905 2713
5371 2097
5799 6479
4592 7728
9788 98
3163 5141
1193 1264
3240 5361
5918 9032
2783 4856
2209 5789
8702 6188
9872 3596
2630 2813
4147 8667
2218 6252
465 2107
2100 5738
1315 5926
4271 7390
8490 2518
4745 6226
6698 633
1737 2128
1264 8620
1214 4827
1504 7784
8617 9648
100 1349
2645 9594
3204 4862
9889 9898
645 4037
9820 9798
2511 3592
866 5433
7531 9322
1620 2603
346 6077
1007 4776
4073 8815
7538 8436
3467 4804
9124 4739
843 5018
5812 3347
433 2410
1912 3017
6690 997
2313 3068
8749 7134
9568 7725
2238 679
3857 7776
5476 5239
4516 2982
6401 6263
8897 1784
84 5272
6283 6207
9913 4912
2939 8081
2425 9028
9833 3576
3487 8300
7160 8587
2230 2558
8529 462
8122 8217
8652 798
2658 4432
7224 4034
8384 754
747 2596
9165 8149
9500 9122
1348 5445
8003 4445
8551 3496
256 6644
3924 437
6289 7324
6954 5462
222 5949
4690 6248
3040 7220
4604 6733
7642 4035
9490 3307
4732 5198
9396 9307
8566 8062
2774 540
8669 5945
9500 8088
8614 1808
8761 4487
1077 8728
3255 7121
2654 1239
5733 824
2164 1082
4459 851
6831 2493
9059 9405
74 7417
2558 5853
173 9345
3912 3836
1920 9474
886 2047
2264 6840
6901 458
8421 2823
8722 8184
4365 2505
6217 4148
3756 2397
3807 7058
6623 1574
2940 8641
6781 8283
185 9826
1074 8941
3675 5720
6510 2922
3728 362
5092 2968
4613 2970
5897 9525
331 8725
2735 264
957 6154
4828 276
623 2602
8107 5362
2008 9963
5695 6398
3426 1205
5520 1149
3661 6148
8568 2845
8378 6885
5343 4899
8209 7867
1165 3393
7390 6781
4815 8163
4873 705
2526 2503
2082 5724
7180 1952
4938 8004
5052 936
3995 961
5518 9976
8345 5782
4035 4645
3165 6223
4083 9008
8753 396
5953 640
7393 2073
2706 2676
1875 5259
2508 6892
3838 9362
2209 1348
9772 2186
2209 6946
2880 6885
6233 1569
4112 4353
8546 3341
72 71
8222 4678
4684 4515
6991 5570
9890 4248
6113 871
3412 3605
9042 7012
4831 899
2028 5864
9163 6255
9849 5011
6724 6515
6010 4691
8634 7079
9052 3391
6711 2910
7834 731
2914 8185
6065 9824
7412 6111
5361 4524
5734 9990
832 8187
9447 4980
709 654
3188 961
6781 5197
521 2525
6916 2618
2503 2026
84 9583
9296 4151
1317 594
2982 2411
5858 9773
9044 5512
709 7541
1242 7775
7725 3551
4306 4837
468 3924
9874 5151
173 7682
9555 187
4796 126
1846 8047
5669 2909
2405 282
32 9261
5346 4326
8728 6164
5913 1441
8330 9501
6358 1791
5250 7772
4031 794
1983 939
5169 3094
2091 6659
21 5059
9184 4084
3886 5287
128 166
5066 8981
3542 4844
9185 8042
567 3138
3068 3204
7619 5975
10000 9194
4864 8473
3790 8558
9960 8075
1665 9008
7749 837
6910 7915
6809 4830
6299 8929
9120 4018
8111 556
2928 8162
6691 9160
9813 1208
5833 4147
2739 6196
6228 4151
6917 9099
6213 8754
4059 2316
4310 5281
2329 4167
510 1691
9620 2856
3343 2001
4626 7917
5772 6917
5352 6331
6515 811
8080 209
9325 5833
593 4025
352 3404
4254 3026
735 6589
8832 9872
1230 8288
4492 5069
7424 1975
1116 6954
9189 2417
8944 8477
1382 6063
5710 4295
6644 5139
5961 5863
3156 5800
5324 324
527 2250
6874 3386
193 5114
3047 4581
7142 7715
8673 7088
729 371
57 8609
8550 1504
2620 9553
5910 3723
9002 6445
5691 8725
3938 2402
3943 4695
1537 9333
9744 8250
6173 4712
2402 7007
7797 9911
9274 5224
8405 9730
5585 8864
7839 6875
1691 472
9358 5339
251 2193
2059 7405
2099 3276
5416 4719
7879 248
5623 2164
4534 4866
3625 2840
1481 5226
8993 3618
8263 6482
9371 43
2438 4970
7806 1547
8941 6582
6876 9261
9448 1165
2969 3559
5864 9931
7099 1089
1801 3716
7730 892
7248 6810
971 6938
6893 8568
4673 6206
3823 2508
8162 6857
3664 3912
6987 8553
4850 3250
1051 2329
1625 7031
9132 7065
3559 7538
7216 7100
1015 5301
276 6130
5379 7657
2106 5762
8099 1445
9945 4320
5301 6690
6777 7817
4442 6471
7172 6360
9012 4502
9368 902
8081 6329
7460 5716
8316 2439
2624 1271
8824 6787
923 1460
8209 5467
1626 3566
1385 7412
19 3713
9375 1184
4103 5153
5176 642
6146 1668
166 1494
6088 909
3633 7311
4953 1280
653 7210
730 260
2507 6711
9119 682
3974 8772
6044 3956
9523 1031
5893 791
6079 1964
4091 4109
2654 6357
9603 3360
3414 5587
3450 4049
5740 2683
1392 1025
8626 7286
1076 1957
3187 4083
5120 6065
3186 9493
1111 5563
9884 727
9887 8380
2714 4021
909 1672
9575 7556
7507 5800
4133 6334
5476 3633
2420 770
4689 5734
4878 9871
7308 2594
1192 7743
882 8749
202 8761
5952 1239
5141 2983
2212 9529
2114 9371
1362 4111
9522 9140
5576 2012
4081 1811
8000 3588
42 3389
324 6485
8787 7351
2515 5342
956 4483
5787 8769
7154 275
3250 1775
7136 3604
1745 7797
1852 1507
3615 6074
5153 4632
4059 2789
4038 8099
7758 1328
4349 7237
4724 6360
6701 3568
6325 8650
7349 6758
5430 3075
3642 407
9409 2163
921 9871
6874 6650
6991 3788
9990 1879
7104 9327
9303 9580
4587 6183
2121 5815
164 5812
580 8652
6604 1662
2276 1380
9955 4150
6885 7539
7743 1154
3209 6688
757 2771
3074 84
2991 6465
8006 5176
225 6330
7725 5836
3404 4052
3754 9763
2587 6358
2596 3734
4295 6559
7776 1465
8488 8575
7915 6727
5651 5261
1571 6276
3319 3661
4853 8930
3941 1200
3316 3363
2139 8948
828 5710
5595 8749
3360 5126
4265 1031
1866 424
999 2559
9059 3974
2742 7413
6255 5533
6834 1682
7031 8383
6589 1622
9186 5368
9258 3487
1278 7730
4628 2143
7547 3954
7127 3368
6056 9874
2417 1772
5820 2693
9177 3269
7934 2121
3094 2630
3277 7706
1768 5648
4495 4071
8385 4393
633 8463
432 6258
5434 8376
6703 3319
1383 6308
8733 5870
4025 7582
2949 7328
3081 9470
6577 6189
3079 8377
9701 3265
2676 6388
3127 1894
5225 4953
6178 6039
1235 300
4882 6048
3191 603
2213 9781
8772 4643
5091 5404
7092 9119
5996 3295
633 7550
2833 6227
1031 5610
5633 2196
2305 5290
691 28
162 4114
2435 2138
2074 8282
6530 7258
2809 7159
9395 2124
3842 9931
8232 999
7466 1466
8904 6236
1419 4271
6374 2436
7416 5028
6831 4109
9877 5695
7224 1825
1769 304
3325 5066
2988 2034
4711 944
2960 5476
4140 3306
1737 7195
3513 9745
2759 5607
4737 3417
8484 3919
7138 6056
1492 9205
1971 2006
971 5009
8075 3118
1208 4427
5194 7197
765 3857
4583 2842
6071 3040
1370 3708
5372 9418
2148 2312
2789 1820
4147 6863
5224 1010
908 4966
603 5084
4809 2902
4199 4141
6599 5616
5467 9934
1499 5528
1668 9915
4892 1745
2975 5342
5818 8555
691 1009
1465 4079
2182 4659
1040 6532
9311 2532
8633 1385
6277 7830
868 1766
2962 6692
5993 3052
1886 8165
7291 7290
3048 9590
4634 8108
527 2375
2841 4601
1387 6239
5433 4822
6657 6896
8153 8638
520 6509
3276 6865
7513 5016
5737 3368
1267 4457
1117 9882
5100 8180
5003 4312
3166 3179
6374 9028
9669 5757
3958 375
3799 8195
2861 5697
8076 5479
8062 1114
3813 7312
3503 6103
5 6305
1894 5615
675 4824
7743 243
3952 8036
9591 4359
2760 7348
6509 46
6312 9331
1175 8385
6707 7093
2644 1107
7969 8897
1574 1193
8083 3522
2202 1664
1176 6930
6708 2218
56 1237
104 2
6214 5066
8140 4177
4034 7162
2799 2714
980 696
7237 4531
8138 7901
3344 8112
3779 2856
3163 2358
5394 5044
5836 7900
9344 3919
7281 5247
2031 6639
1138 1403
103 3173
7991 9436
6532 3523
4933 3265
5118 4479
3349 4039
1732 6585
2532 9378
68 3946
6012 905
7706 5372
6937 468
6773 8173
157 1665
8169 2100
9564 8486
8459 4828
5575 7441
912 5920
7804 6590
9961 430
5599 4765
6445 9660
5182 5416
4908 6079
2805 6517
8573 6219
9125 316
8756 8326
595 9488
3403 2652
4225 2760
4228 8656
5682 7809
1009 3880
9785 1005
249 5818
324 9375
9350 555
2875 173
884 852
3182 8732
8810 52
6774 5913
4683 9357
126 6542
745 6520
7725 5088
7434 7127
5129 2654
3855 961
4705 377
596 9029
8910 3908
2210 1193
264 1120
8247 7765
2316 8530
3866 3190
5890 5842
8248 2927
8991 3200
4345 9496
313 8044
3229 8123
5342 3943
1826 1324
7228 3184
6464 2034
7382 2604
3151 1235
1186 3889
2466 3118
1858 6911
9845 6350
1423 6690
6243 6882
9385 4564
7408 1960
6611 2619
5244 8080
3077 2346
6471 3218
9485 2637
8149 4708
5936 9475
9460 2765
5333 8660
9964 9330
7679 7805
4350 1400
2946 1610
3914 9649
2045 7810
3943 2473
2602 9650
4755 173
8711 4690
6934 2174
7140 7941
167 1132
7185 1941
7775 1743
9798 9647
2144 5429
3794 256
9581 3647
9118 6397
8620 3646
6476 8018
4014 5628
5347 5952
5025 8870
6579 4992
1355 5619
3523 1375
994 15
8397 3079
421 4812
281 9612
2822 5879
105 4468
84 3362
1298 2991
2425 1978
5009 9986
9563 9534
5150 2755
7259 8484
5628 3319
1957 7013
8538 8279
6093 4587
5358 691
6937 9638
1425 1490
1419 9818
8389 1511
9244 4240
2518 6528
9087 2078
3648 7920
3274 1034
5017 2239
6137 284
2073 4047
8687 7476
3061 3141
4201 2821
1011 2947
6123 1059
5998 7709
172 6541
4502 9350
2109 1647
5028 1997
7247 7332
5775 6590
4727 6435
202 6834
1839 4122
5602 6783
8654 8480
620 823
7211 2962
7245 8962
9799 7871
5368 7905
1742 496
7862 8786
2771 897
5308 2643
6911 9732
8490 5093
8300 9133
9764 4544
875 537
3323 5961
4603 2975
7596 7970
6868 2572
9760 4775
6860 5606
1369 2213
4620 3036
8160 5689
3779 5086
2724 8153
2644 3700
511 9887
6283 6325
664 9348
1105 194
784 3751
126 1041
3305 4240
187 2714
3316 8307
329 5278
682 212
7312 882
3919 5688
6229 8209
5762 3310
8942 1284
7159 6093
2476 6357
3247 4248
6946 5985
7376 2829
7033 3695
3106 3491
4109 2708
6462 3842
7864 819
6651 4761
6358 9383
4071 5799
399 1684
5144 1059
434 3893
5898 8580
1610 786
2151 9283
8768 7991
6027 1756
7960 2341
5870 2223
5290 1648
2320 6207
2789 2979
6440 7974
6598 7099
7015 971
5239 7725
2923 6887
5622 9412
4085 7817
8474 1370
2990 2861
9251 6660
2673 1464
1487 5051
9159 2641
7195 8149
9268 598
9882 3
1835 2435
2124 6510
4360 9311
8190 685
7525 8145
7700 8900
6648 6825
2002 6934
5831 5748
1825 4534
4531 8267
2348 4309
8160 7730
2346 678
9488 62
4489 5008
7507 6532
3784 762
1239 4265
6934 5438
3052 6963
3968 5686
8943 3537
8907 9707
7045 6070
1756 6073
9044 556
322 6377
4487 6372
9648 6857
2119 1173
4185 1348
3479 6784
7928 4323
7420 3624
291 8905
6423 3929
7008 647
7728 4908
4823 3675
7095 5904
7733 6191
9500 1603
9103 9780
5292 7536
9333 8256
9318 7224
2400 6767
2132 3340
7353 6320
4438 3167
8900 7586
7609 5724
1703 9471
297 4882
7807 4167
811 5776
7269 5925
8125 9293
5552 9058
9654 1386
5748 6718
9259 3974
8861 2918
1881 5518
9042 5144
715 8754
6279 6246
5554 2809
5548 8656
7026 3965
906 7460
3401 4328
9539 4270
2853 6445
8401 9820
4918 1965
1201 1571
8757 3224
5357 6967
235 2946
508 72
2455 555
4060 6485
2035 4133
2160 7282
1976 291
928 2351
9898 2230
887 2993
6149 4284
1202 3499
1816 1443
8290 7787
222 7679
9243 205
3026 7783
7917 8673
7088 6899
5432 7797
3200 1439
8814 967
8577 4703
5418 6586
8904 4014
4776 8637
6040 7629
4065 8023
5091 7867
678 5060
6154 4883
6851 1842
3695 8426
2346 1927
1380 84
663 6859
3841 788
9527 1387
4422 2002
375 979
1964 6147
641 1852
2643 8687
4936 1405
4232 9425
1179 1383
6263 6115
2868 1571
3989 8391
3713 7261
6077 8813
9052 5537
2215 1541
7657 8721
986 6973
5438 2302
8572 1823
2148 211
3198 4842
6305 4489
811 825
9797 9087
5555 9774
703 2167
3710 6077
5346 2955
2275 3941
2276 9764
9585 5087
9008 6015
5611 378
9396 1401
7141 5942
7705 5984
2614 4282
5093 8036
1743 7170
6939 8696
1605 3035
8758 7910
6930 1642
4645 2103
5151 5883
9763 5372
5740 8907
7007 7416
8106 2140
1249 1693
144 7154
4083 9812
2956 3591
883 259
4754 2517
6073 5646
9328 9887
4645 4452
2532 2216
6227 4285
5224 1392
5927 5713
1410 82
6839 8195
9604 2480
8402 7749
4271 3874
4424 7085
7417 4910
3415 1674
5985 5775
979 7564
5589 4499
5607 6768
8432 1333
6004 8390
7945 4921
9189 7462
6334 1620
1712 4274
5599 878
3547 2035
7282 2483
8087 1419
3672 2215
8183 3638
9191 4660
3270 222
3545 6577
9488 4065
3094 4611
284 5187
9451 8384
8209 1008
1089 1908
3073 4673
3685 3968
4304 1502
1366 7033
3477 8405
6930 8689
2664 9285
1513 1044
1178 3720
4493 2313
4240 6068
1132 6987
7197 6939
1565 1850
3946 5069
1736 9316
4907 6504
4856 6458
8815 952
4840 3710
456 3819
2957 8123
5763 8825
407 1419
5059 6228
5281 2894
4775 4254
10000 4724
2920 327
7867 6222
1811 3316
7137 5595
9864 1574
9091 7249
1130 9519
3965 8707
5192 4663
2800 7213
6670 2187
7939 8205
7343 4387
6644 6601
9782 3346
9448 2009
1349 4840
2823 8257
5619 5531
3033 9787
3480 4060
3815 4804
4427 7583
7715 5548
3343 7209
6668 8247
3285 9190
6503 4238
6645 9431
33 1204
6903 1590
3787 4634
7805 5599
3908 8307
2163 2037
8802 6462
9566 3182
9037 852
6480 1379
738 7264
6349 8214
5086 1230
4492 2706
4285 7597
7029 4711
2780 6937
7550 7537
4040 8439
2436 9527
2940 5125
8988 5662
532 5186
7586 3703
9089 4667
1446 9727
1284 5464
3555 4610
9638 681
6240 5022
3819 9500
8511 9278
1115 6567
4132 9438
288 2853
678 6714
9064 7885
7271 4873
6856 2150
1141 3442
6980 7289
7038 6476
5828 8474
642 5192
2204 3124
5297 5051
2686 4295
6615 6760
462 8644
8962 532
3474 9451
8660 1133
6733 4271
2097 9535
6827 9568
8656 3579
6397 1060
4335 7686
2571 9539
5856 1379
2164 4721
4844 2315
2196 2953
7944 2969
1052 5719
5200 6528
962 8943
6062 1605
5800 144
6111 6156
5847 3868
219 3651
7114 6312
3977 9122
950 4516
2714 6046
5069 6058
5738 1723
6963 1016
9535 1551
2461 2338
4238 3807
3435 9081
6217 3010
6106 3179
7298 8711
9781 6279
1059 9360
2505 5885
175 9313
7568 5044
8622 8922
4940 7354
2138 7525
7976 1348
9475 5576
7708 1533
7326 9604
3561 7742
9643 7375
9330 4663
7548 9653
9945 3017
4523 1710
4862 4522
4096 2774
5734 4488
7439 7387
7387 4982
2327 1839
3174 6407
4867 1604
6465 4414
8509 1824
3675 7857
9029 3553
1626 5525
4233 685
2050 4577
4837 7215
3362 2563
1025 5537
6994 2031
5473 3642
8981 1647
2234 3058
4018 100
6300 7706
1599 8145
1955 7026
3631 2579
9655 5654
295 830
5527 3474
9134 9594
9965 9751
902 6648
2302 6696
7541 9087
4182 8401
6573 5663
9386 9522
5530 5815
8195 4592
3327 8826
8436 6906
3190 9760
4963 6118
4206 2234
3498 9058
5778 7270
5301 8099
5488 3495
8830 8378
9028 2472
3879 8642
3036 783
4469 5475
2306 9568
630 5155
7701 9732
3008 6053
7944 3976
2128 4728
899 4232
556 1126
4697 7180
904 3529
2860 1092
4718 5253
8707 858
7413 7292
6988 9772
6222 4348
4925 254
3095 4759
9138 5595
6058 4132
48 9448
1772 6210
9984 5508
9915 9838
9065 7224
1879 7770
592 7333
4921 9237
6168 6111
1927 4808
6064 3250
5881 8232
8165 2887
1036 32
3436 2032
2696 1468
4755 9591
474 8630
5663 7228
5419 186
759 9028
1173 4588
6875 6703
7470 1665
4037 4477
2191 7725
334 7172
112 1875
2 17
406 4042
8217 4982
7028 9318
8609 4045
3987 2791
8044 6222
4503 7811
8261 329
9993 4536
6484 6831
248 9175
3588 2937
9112 1525
961 8330
9194 4038
2199 5118
1113 9101
1180 7879
3568 3867
872 1347
7137 9961
9989 4134
9962 9629
6546 7951
5848 4351
7663 514
9018 9945
6236 8139
2201 2023
509 3981
1975 8621
7079 6586
5528 2841
4240 8824
5267 1982
4621 5254
1620 6299
4973 983
5126 3440
633 6797
4270 5441
825 322
3335 208
9869 9306
6290 4187
3678 318
4037 7081
1705 3754
556 4456
6567 5111
8170 9460
2148 5613
7011 8656
4910 5262
844 4226
1742 1175
582 284
7768 5602
598 1460
7951 9924
8739 9445
6381 1965
8720 8385
9811 8910
1748 6968
9934 9246
9344 5768
2790 9560
734 3428
8679 6546
6100 639
1169 2309
2729 8237
4988 6097
9019 6358
8971 3163
4667 8900
6034 931
4812 623
1008 9386
5944 3108
5915 2821
8468 1128
1797 1854
2443 3692
6053 247
9452 7650
1082 44
3929 6934
3010 8879
788 9396
313 886
3433 9103
2074 9315
5563 5092
2672 1542
2346 4001
9956 521
7161 6064
9728 6255
3071 6916
8949 7951
3128 2468
5160 5762
5350 904
3670 3165
9857 9230
5463 1747
1441 9385
4452 7109
1807 582
6809 2471
878 5222
7746 580
9635 6040
7033 6831
4393 4556
190 2202
3156 2139
5826 8201
1347 5269
5361 931
2284 7808
9851 5907
8200 763
4839 5666
9660 3077
6838 152
1202 3989
3974 5632
892 7964
1726 7372
8642 8170
1873 5850
2986 509
8980 3210
935 2305
4835 5264
308 7805
727 8957
1854 5729
7454 4864
3859 9829
3715 1742
6077 3450
9621 1378
1793 4406
4642 9945
5686 532
556 8967
4157 747
8781 7709
8875 3106
9522 510
4776 3879
999 9621
5780 8165
3414 7240
2851 418
5165 2644
765 4206
1055 9149
245 3453
3576 7009
4622 4351
3777 6999
4830 2839
3976 3947
912 2455
8826 2059
4898 2421
3896 167
7865 1499
2839 4622
9318 4628
6150 5725
5386 8776
4321 4251
9094 3163
7502 6062
4486 2103
8894 9935
4464 7390
6360 6888
4242 8509
3380 4572
4539 5763
4460 6638
4544 7275
518 5897
6758 7836
6820 7933
783 1886
5263 3434
2647 7030
1028 5100
8746 5583
5022 9680
5679 4288
8147 6163
8112 9094
1790 9974
2590 7583
8875 5589
8049 3561
6015 157
1488 3930
8803 5457
1747 5847
2910 327
4248 7374
4083 3631
8312 9798
1695 409
3293 6400
8986 6975
753 4585
4708 8944
5697 7701
1648 8591
514 4461
4610 9052
942 966
5672 8812
6064 2957
4856 5028
6241 4539
1128 3987
3755 1977
530 2082
1340 7549
256 759
4257 4066
5824 3325
6690 2951
7354 9118
9121 100
913 921
4732 9930
1172 5053
3125 884
6599 2045
3341 8618
2187 3755
7653 5105
4628 9957
5569 5327
2160 9250
6416 9629
6517 9452
4819 1833
2272 308
9230 4678
9988 5296
1664 3542
9045 4669
5345 9877
8800 6972
978 2167
5724 6611
881 6822
1796 3186
5681 912
6339 8991
7757 6464
1416 2672
1338 2981
7009 8412
6188 7482
2912 1152
6482 3004
2344 4603
6749 6243
3518 6560
6446 3990
5087 38
7086 5370
4610 2328
8725 7686
1978 6064
1757 9744
1377 4504
6470 5343
6927 9002
2402 5200
2270 4492
4340 5863
4152 8781
9869 853
698 432
3346 3958
340 2673
5595 2268
8380 1864
5464 2458
6248 6970
4168 6668
3944 9138
8114 1866
9055 7816
4311 7619
8029 5434
3605 8625
2941 3212
3687 9189
7620 6848
4536 8087
842 6465
3118 8399
4601 2820
9384 8378
7660 2719
5475 6767
7240 7502
416 9447
5016 3449
5139 9935
4348 4481
4969 893
4804 8144
1144 6106
6063 642
1751 8504
9361 7468
9534 980
6552 6468
1560 6694
7215 8209
8960 1647
1990 2720
5659 5554
2235 6688
8400 906
3842 2148
9332 6070
8469 9344
9173 7245
7170 4652
9992 1686
6504 4562
2037 7383
2962 493
5331 8842
2836 1357
5138 45
2970 2074
7880 7673
4765 5169
5269 9132
3593 4682
47 1726
9480 5308
1175 3567
824 3754
9627 5442
2216 9842
4516 5717
9278 8183
5933 7432
3295 8300
3028 1769
8336 1550
4504 3384
1647 9281
2829 3545
3350 4937
9649 663
1324 3380
4996 2045
8047 5998
5600 8612
6147 4809
8165 3738
8426 5994
1461 8754
8670 6391
8250 7754
6252 8474
705 1537
4822 5019
180 6267
8095 3386
8025 3327
9766 8135
2480 9268
4371 2235
1571 7205
3919 7029
9660 5120
814 9185
4021 4044
6070 6753
9647 8830
2058 7939
3646 3120
7765 1013
3961 9776
4240 8962
2282 1416
425 863
390 9207
741 1328
5648 2980
2320 5320
6575 630
5322 7654
1326 3186
4881 4915
5471 1748
2652 2504
7650 3520
6624 9274
2604 8125
4030 7674
9331 9445
8173 4729
8465 4083
1275 6644
6097 3499
4367 735
8924 4489
7109 8511
2856 1758
4141 1331
7012 2199
6518 5599
465 251
4678 2209
6121 5145
9703 6297
9266 1112
4099 7228
9314 1826
2128 9017
7035 6468
6397 61
6391 1707
5950 6431
9425 6245
9960 1156
2202 2028
333 8820
2100 2246
9496 8111
566 2346
2579 3183
6027 1137
2439 5095
4695 698
3282 1879
8161 2614
4728 7412
8105 4934
6537 8419
5537 7029
151 7099
851 3804
9820 7016
7970 9849
6079 1835
540 1138
7881 880
2559 972
7412 7757
8957 3056
4079 4091
7950 6349
1665 466
816 9071
4702 6470
8426 2558
8689 3426
6906 9992
4743 9396
7786 885
144 9782
3341 957
9405 7137
2924 588
7808 7935
1337 2074
316 5994
3604 4750
8112 883
430 2016
7332 664
7865 1127
7035 8254
7937 249
8547 9563
9307 3838
7796 6137
1719 7602
3495 5988
937 6290
1047 1732
2855 3561
6141 9855
437 8862
6357 5952
2174 6088
5885 2466
9976 4993
7084 1743
8463 3166
2730 4441
3946 1736
6767 760
4058 7804
6191 7474
9837 983
8935 2114
7703 7211
679 3914
9283 3965
6988 3738
2968 3572
2127 1680
9322 6552
187 5788
253 9296
6048 3651
1082 3607
742 3687
755 3104
6627 2927
2107 2209
9477 6853
1337 5859
9715 8832
6215 1791
9825 9643
4691 4272
5501 2569
3105 4182
5762 8733
7331 1191
4937 5092
6767 6976
2995 5663
5327 6711
8346 6474
4187 1719
9017 8520
4522 433
5371 7814
1604 4859
6060 4360
1650 5500
5789 4503
3287 5003
6826 4536
9996 7915
7264 3715
9354 6462
1603 4112
2358 9872
467 5534
3700 3600
8201 4039
6210 8855
2629 9059
1682 4755
8239 480
451 4893
3720 7571
9445 5654
8232 965
4761 5508
9963 3779
3683 4427
1226 4367
1370 625
7292 5224
825 6423
3173 3803
6478 9585
4387 9094
5508 9993
2102 924
362 6369
5088 2725
4251 9435
4326 1392
3465 7708
6918 1576
7694 7230
9722 3437
487 9639
6745 2587
1610 4720
4576 4657
7115 9216
7351 1350
3067 3474
7885 7269
4719 1565
6696 2937
9662 2645
9660 5982
1184 9055
6421 6381
760 6778
4824 305
2853 4016
1652 2111
6314 9530
1297 1361
7564 4157
6321 2780
4750 4045
9511 1378
4070 9655
7031 9477
8727 2730
5069 765
7159 6215
612 3779
407 3081
8922 4137
6435 9833
5669 7819
1902 3403
231 7470
4226 7027
7930 4678
6164 5933
4294 7390
9120 3196
6400 53
9207 6763
5537 2280
1751 5462
3052 2158
9471 4823
9471 6809
173 6310
663 8389
1403 1783
53 243
9550 4069
6485 5358
7728 9889
6873 2959
1064 2438
931 5292
7390 2202
4191 751
3334 8529
9553 9857
786 1117
9777 3859
880 937
6888 6771
1960 6228
6397 3501
7935 3291
1615 9199
6011 3465
6386 4574
852 3026
7891 2955
7121 5666
5617 4743
8492 9480
5820 901
6468 2105
6504 7949
1397 7700
2467 7092
8149 4014
8377 202
6857 4438
8815 5568
5559 1331
4979 527
5863 2008
7797 566
9156 9244
9677 8192
1378 9915
7231 828
8550 8387
9094 1317
566 5691
5764 3843
3179 1797
4328 4744
5670 3427
9926 6250
8473 7507
4667 3392
1184 7137
965 9988
7199 2579
9253 4171
763 8312
9452 7269
1367 5043
2813 1568
794 8830
355 7965
3708 6325
7791 2346
1211 4917
9287 678
2250 4959
300 8379
5080 9990
2105 4083
4163 2182
1379 3188
9925 3823
1107 8364
3934 3756
2327 5327
1551 5631
1592 1202
2856 2446
9541 5001
2351 180
8185 7295
4579 5520
3075 359
676 3724
2603 3518
6396 8337
770 7523
1464 6628
7360 6579
3929 6808
4275 800
9438 392
1060 573
8144 7563
3291 2212
4939 2133
9600 346
2683 2063
1010 7518
5918 6591
5999 3281
4323 817
3469 8112
6822 4257
199 715
2155 1018
1280 1986
211 7141
3111 6724
1091 9634
7269 8746
6355 6834
304 135
8401 4815
961 6299
6594 3854
2500 6691
3624 950
160 2722
2370 2087
2493 4409
6065 1904
7360 1707
8994 6389
329 2127
8307 992
7539 9522
5975 2132
3647 6158
4053 430
6899 8115
7518 9813
4445 9521
1270 6478
6494 1650
3754 6900
8854 3726
6137 329
3740 9890
4285 3274
9694 5810
7027 19
8558 9218
5429 7045
5646 1152
5719 1630
5863 8734
8652 5820
6687 9669
1460 199
1636 8534
6591 8914
2821 2507
8968 2269
4243 4337
4899 4907
1623 5976
1160 6969
6115 9564
4627 18
972 8904
3499 1560
3026 9449
5226 5386
8548 9159
5095 2459
1333 6752
7819 5980
8099 1604
375 3787
8453 2590
2265 7671
6955 2384
4325 8260
5776 5129
2532 8136
8504 9358
371 2742
1490 333
2487 7841
5252 1601
8091 36
6659 2628
5074 548
6692 3973
800 8867
9931 1790
2410 5793
724 9811
5615 84
7529 7035
9986 9044
2918 1769
6689 2628
8559 4813
2177 6874
5269 1783
4765 9834
4285 8214
4426 7924
7418 4844
4106 7424
6048 5052
6349 8952
6999 3850
9020 8712
1350 1295
694 3879
2918 9595
4516 3737
2726 8378
5384 3732
1295 9330
7746 1690
8745 8076
3829 713
6741 9718
5724 2726
6639 3291
3867 187
3368 4704
7098 8006
8044 5669
3847 8085
3181 8261
5278 9964
9990 6910
5570 3198
5583 7567
536 9318
2196 4604
8387 531
4896 7539
2993 454
62 2201
5788 2724
9926 3111
3642 4283
4359 8768
8638 4664
7960 6937
1460 375
8180 295
722 4583
6199 4779
7195 839
7572 4761
9190 2265
1007 9303
9261 9500
8618 763
4282 1852
7867 8183
6417 3847
100 641
3147 4438
2073 4523
9058 7865
3861 2209
9948 8336
1415 1261
7681 9605
4066 9259
9604 5301
362 3098
1647 6643
1958 7259
6050 7944
5629 74
6551 6011
284 6827
7558 5347
3836 4609
1016 7944
1664 4718
9818 3028
4052 8290
9315 421
460 8113
4980 7104
7333 6289
9420 5089
1630 6652
1251 8053
8434 3008
4198 5267
4664 1741
6102 6282
303 9189
9315 434
3241 662
9583 7015
7199 300
2937 2321
3250 8968
2047 2752
2087 7520
2407 62
8920 147
8187 7466
8641 6882
7438 703
9199 7146
7783 1640
6189 1955
4468 6659
4504 4626
6019 9091
4882 1051
1965 6604
5108 5679
9316 9020
8862 1202
1470 5844
3163 7642
360 9389
9818 492
2525 2632
8300 536
8962 7862
5441 8575
2032 1652
6312 8804
7805 5145
8398 1983
7582 8779
2914 9395
25 1047
7800 5740
4016 8554
1439 1030
6070 9163
9688 5993
4724 9728
8704 1127
5906 8422
5462 1063
4041 3255
4581 2711
9280 9581
1537 9307
9436 3678
9398 5372
3596 4073
2665 36
493 8453
6390 4162
6797 56
6652 641
2328 8200
709 2106
3845 4898
3870 3
1152 811
3283 3855
1967 5346
7349 1858
9363 5778
588 7535
8145 2960
9917 2688
5379 9012
7951 5346
9360 784
5011 1611
5782 734
1234 6599
7228 5890
1805 709
1014 7764
2009 9786
3396 3479
5954 2130
5656 4422
5890 6575
7709 1625
378 5459
8244 8550
6778 7653
5155 6476
5845 5233
3391 9120
5421 2956
4985 7758
1758 4030
4731 2923
2084 753
2959 2148
5732 6874
8115 6719
9911 7033
3340 4994
7859 1811
7270 9818
4703 8129
5563 6809
327 407
5885 8930
9953 3071
8587 540
6196 53
8534 4851
2806 6241
9781 4428
3998 5357
1052 151
5984 2799
514 6928
8734 5555
1489 9429
4524 2555
7744 93
6372 2736
276 990
334 5361
1031 2320
5945 2928
4568 3766
3549 3787
4729 156
9718 1618
4643 9952
7556 6579
878 6363
4489 9485
6418 5713
1344 2672
8517 1369
3157 7356
9707 6303
8929 6009
4288 6233
2985 5263
8379 7033
9389 4452
1823 7746
9171 4724
1738 9328
9727 246
910 6473
3475 1636
3497 5559
6726 4903
3283 648
1533 2436
5994 8431
1271 709
6219 376
9680 7876
6652 1877
3618 4923
4657 9984
1079 8473
260 971
5222 2559
3268 6503
7682 9683
1791 987
3350 9430
3088 4707
9327 1843
3496 1792
4982 1392
1152 9523
4813 8753
4707 9037
9688 9820
7654 4201
8041 4610
5199 9620
8289 7866
2619 4242
2569 183
5099 9389
6791 6576
3964 5293
1541 2343
7328 3519
1982 9175
6025 4306
3124 8147
5287 1344
5212 5371
3461 8856
5859 5828
8820 5650
9594 2563
6900 3728
7068 7513
9408 572
2140 3708
8223 304
2732 4522
3246 2757
4171 2320
7920 5635
967 2511
2742 6903
2648 8702
6223 7434
4937 9851
4536 7292
9234 4340
9748 2346
924 5379
3850 8398
1307 687
7146 8469
8281 9303
6297 9921
9568 6027
719 5391
1578 4075
5160 2783
3898 9987
3957 6366
1909 2081
7797 8264
5500 7439
9182 5331
1766 3200
2955 4233
2666 4130
6130 9942
7468 9112
8354 8976
1642 9176
7686 8288
623 9722
1965 2218
6438 7025
7228 765
8554 6297
1700 6121
533 2487
5370 8739
6903 8185
3480 9729
3026 3897
1424 1648
8250 8114
9626 5856
2902 2555
4195 262
6332 869
5719 9273
2345 651
4588 6609
2776 7519
8708 7881
2708 595
9300 9604
3519 7684
943 799
1636 1480
931 3125
8656 8980
1034 7454
2512 2992
6753 5463
61 653
9842 1040
1242 5767
7847 1011
5320 7308
8786 6484
2628 8778
5716 1242
3561 5196
3695 5950
6609 1230
5873 8251
5328 7145
5744 4350
8284 9777
1379 1705
8085 9833
6946 3861
8247 7616
6399 8832
4248 891
6250 9648
3017 9367
4483 9806
4357 4217
2641 9790
5187 2954
6310 250
3495 4683
4109 8289
3453 4457
3704 6025
5087 508
2063 3784
1230 777
7585 1242
3643 4702
3866 21
1692 3467
3981 8080
5411 460
8399 8521
1348 5091
4751 7998
6528 5589
3602 8434
4839 7064
8031 928
1799 533
1797 5856
5186 463
4609 7541
1269 9120
7076 3593
7872 5715
8939 3668
1647 3293
8749 9960
4409 956
7849 4684
3190 4302
1361 7783
7539 2657
367 7568
9011 9448
4236 5700
5795 2920
5853 6537
2171 4969
7398 5283
3291 2031
3577 7986
9361 5481
9639 9626
9160 6888
521 8048
1648 7035
1622 5585
3676 6652
9965 1165
4992 4114
4324 9613
9855 741
143 373
5051 3647
8256 8296
9307 1057
52 4163
9649 9159
4683 3894
512 7531
5301 3943
9790 7068
7830 1664
7114 4426
7571 7331
1205 6707
1060 1105
6282 3815
3766 8810
5332 3414
4112 4199
4994 6573
4969 6745
6638 9987
6633 487
4115 8819
5044 3886
7955 6102
9634 9278
7998 2500
9935 6991
2734 5751
1791 3138
8463 5754
2016 5471
3198 4165
1137 2119
7900 4365
9104 5787
4562 355
9692 1527
9012 1768
3427 8539
8023 1402
7814 1036
3218 5921
5038 6821
7292 2617
50 1834
7295 8284
6077 7681
7933 6060
2536 639
9921 4854
9489 2191
416 2830
3879 7774
1661 1055
7349 5487
3471 5468
8123 4881
282 9660
1684 1712
8920 4636
868 3755
8288 8745
6643 2184
492 2717
4272 5611
8757 9489
7269 660
9996 4516
5994 9093
9774 7786
5877 5310
4162 3349
8442 6300
4151 5442
3386 9022
5196 7248
8995 1790
5715 9799
6853 9884
5442 5476
332 755
1601 8722
8072 7413
8715 3089
6586 616
466 6060
94 6417
295 1748
7741 7663
1841 5563
6299 6305
1736 4988
2590 1076
790 9688
897 2203
6072 637
4599 2962
8036 8900
6579 9220
1690 3192
3973 1867
7145 4878
1313 8803
9529 3147
5776 881
9170 8169
3120 352
1057 1680
3452 825
7583 5225
4057 9566
3386 3211
5066 9766
1401 8808
9431 2467
6447 4324
5471 7950
9714 3435
7677 3961
7814 6447
6670 5793
8754 912
4295 9744
194 8192
8971 2832
329 5384
936 1632
4628 8577
9120 2817
6828 7291
594 9186
6681 8934
1960 3271
327 8613
4274 3282
29 9185
9957 3169
6882 6480
7477 1176
2216 7105
8040 5194
4157 9234
36 1846
2830 5463
9234 451
5111 1096
4964 3557
9474 4755
892 262
1127 1297
5060 3
6276 4697
4564 2805
8018 5943
8520 9042
8224 1581
1319 4621
637 7970
2572 9382
3058 3088
1331 10000
9629 8547
3651 8971
9113 8401
8267 8875
87 8334
2167 6421
9412 8670
6644 9657
3607 4363
2555 4961
1875 9174
9084 2344
1547 6339
9313 3830
3413 7880
2203 9124
8557 5015
8419 2570
9281 8227
4351 9597
9728 2796
5465 7073
8364 8003
823 8092
6074 5087
5667 9395
7372 9325
1640 7038
7085 866
3814 6480
7205 3671
3192 4218
594 2233
2713 7896
7980 3704
9987 2969
7029 6828
4869 4059
4781 3128
6103 1307
9905 8161
3141 7942
82 7548
9655 5017
7754 2960
9555 2800
6938 3461
1165 1631
2992 9660
7441 4018
2535 790
7626 7218
6074 6510
1012 3523
6518 9641
7078 9978
9341 5328
1550 5269
8929 8538
4507 8355
6329 9890
6159 6446
9006 6691
5273 7521
8630 3896
4025 8244
6239 9300
2485 1211
135 6875
8734 1923
8835 9145
901 4873
4165 266
9808 7665
5372 2925
6077 9093
259 2373
5876 9490
5351 7538
8205 360
4743 256
2728 9697
8206 8398
7194 9361
2397 1461
8052 9917
4034 5165
532 6416
1204 5237
1152 388
4047 9012
5654 5
2563 8704
82 4086
6510 1912
1453 501
9220 3549
8453 667
5462 2400
8471 2707
5053 7076
9921 1152
5111 372
5793 8542
7566 4937
1997 456
1977 7388
9520 175
4659 9781
3 5496
7356 6231
3464 4328
5159 389
2951 3285
7474 1793
5758 425
8855 1599
45 6782
5233 4926
9639 4569
7665 4892
8783 8260
2927 8418
2158 4938
1468 2276
7474 5297
3458 1409
8018 8844
516 5212
2006 1807
5125 9156
916 8300
7764 9866
7285 5667
325 1601
1604 5597
2910 4815
2715 3822
4683 9575
6808 6681
6694 365
9756 6685
9834 3343
3020 3495
7226 6497
884 1312
4652 705
3880 3343
1619 5144
9470 2248
1774 5432
8584 5309
6464 1902
4045 148
9595 8551
1402 1130
7282 7193
3269 9955
7013 94
6901 1610
8614 2155
4873 6837
4218 9996
5445 1751
4438 5569
5106 9869
4014 3026
7549 5335
2239 4727
7388 3926
9022 3683
6148 4732
7994 6624
4712 7619
9086 406
8108 7140
5661 7768
1686 2191
1892 1249
2246 3467
8934 2644
341 1934
5635 4224
8830 6199
4414 9776
4761 6851
243 8128
3138 722
205 6826
8612 8083
8128 9956
6887 7420
9362 8517
7324 8626
914 9622
5606 4933
3675 2216
9530 4839
8125 2609
5062 2776
5725 87
4265 3334
9237 1180
5921 2069
1111 5719
8948 3413
7858 9677
9620 4745
6601 8594
8477 566
1680 2348
3428 3934
6981 3402
2375 3664
8185 623
4961 5302
6480 612
3064 7794
2026 9788
6954 3649
9476 9059
4720 5324
4980 1464
2103 64
2620 1751
1542 9301
5428 2270
5920 1978
8547 5418
6637 6988
5715 1051
3333 8490
6970 9120
800 3187
1044 9182
4461 9018
3716 2485
5245 6885
2947 173
6130 633
8385 3676
3813 2539
1808 8652
9060 7413
1291 5918
502 4674
2967 2868
2757 5273
8522 9400
1977 1900
8617 9408
4923 1370
9525 400
2472 7477
7666 3938
8378 3649
3104 6670
2037 86
837 5953
7587 1844
6882 6229
9590 1175
8538 7960
639 757
6660 6530
3651 2759
3703 6598
1237 4732
4993 2839
7390 6002
4224 4728
187 4918
5527 7095
5548 4939
553 3174
7213 5672
5205 9905
2791 5526
6027 1382
2717 8960
5674 971
1325 9409
5253 2375
6732 5089
2322 1799
3529 6902
1008 7086
4320 1015
6515 2058
324 3421
8870 1841
1820 999
1790 9229
1852 1705
6760 4225
3327 9777
989 549
8867 8861
635 7376
9073 9905
7684 4731
1983 7944
2711 4152
2907 8679
8637 10
1018 1492
9340 4368
6255 2790
2591 5669
4917 8952
7740 2653
7100 5999
1041 9208
5254 8988
156 8522
5350 9450
1286 8783
2046 8471
8655 185
4866 6102
1525 397
1191 8859
299 8463
817 8160
8542 9060
1632 9541
2218 9113
4477 4987
3668 5077
6494 281
1203 3887
5767 8812
283 9808
1494 5527
5568 2186
9122 6494
1030 8281
4065 1636
4309 47
2537 9889
5481 1665
3732 416
5362 2360
1923 7343
2967 6332
7220 2505
3738 9104
5468 7566
3724 8122
1126 6137
1775 7980
830 6260
5715 7564
8900 4650
8203 4493
4479 9344
5272 6994
8825 6233
5904 562
318 5159
7787 4672
3380 7507
2257 4963
1601 5561
4216 6732
2994 6690
2436 5379
4215 2831
4850 1127
254 276
7989 2160
7073 9772
990 4747
3726 3956
6969 2481
3889 7626
6447 6048
5139 8935
8707 575
8288 7007
7505 2168
2725 9925
5636 9926
4748 9989
5283 2160
5781 6079
9653 2789
1674 8654
451 4775
9683 9084
8004 2939
8778 4548
7730 2407
8048 9361
2262 193
5526 9357
9301 9692
5333 3566
2057 3881
5534 4751
7520 9134
2670 1600
7919 8614
4669 553
4457 7278
9140 5250
2925 4041
6039 2910
17 7529
3336 2629
9081 1179
4915 5160
4672 9603
3638 7360
1860 9315
5877 6968
3566 7228
9216 1983
9174 8402
4522 5350
4851 7969
5823 4867
8486 7772
7811 5876
7375 2313
4145 3498
5105 1325
2319 7398
5612 3529
74 8655
2103 1852
6688 7654
7099 3209
5729 3232
8053 3436
1707 8160
5597 6230
5810 5291
6973 1757
7535 6893
8254 164
8591 5182
9872 6070
245 4349
6821 5042
8575 7574
1704 5243
2714 7617
9101 2665
1133 7376
1076 4627
1864 1704
971 669
4828 5244
7857 2985
2555 6698
4987 5910
997 25
4795 4922
9087 5749
6497 7560
1411 4216
5077 7008
8642 2100
1741 7474
1331 2880
9303 1967
2233 6660
9293 6123
3245 1910
6586 8140
2191 1415
8212 4973
4574 6629
5666 2397
1952 3240
4908 503
212 3501
365 4497
8260 5845
5720 6016
7941 10000
6937 4115
3981 4371
8480 5969
8022 5091
2499 497
8923 8646
15 6612
2031 742
9047 3693
922 348
2001 341
376 3329
6784 9511
6612 8761
3347 2526
9467 465
1294 4542
7536 6113
2585 7609
6222 66
6840 8517
5749 556
3947 6355
6768 1178
8905 324
5704 2476
6468 5612
4739 7459
9013 4472
4345 1116
9395 1127
1308 2467
7168 2990
3329 9315
6848 4971
3437 3866
2937 4711
7033 7353
4660 5715
7081 2405
8192 7046
3117 6749
3036 5629
8378 8633
2993 3946
7523 7072
1149 9748
4804 596
2453 5429
9759 2181
3372 4881
4982 4022
2058 2806
3804 3528
462 6458
7709 3155
7387 2057
9186 5823
5130 5734
4847 4628
4728 7151
6448 6918
6955 9903
5625 465
6046 9089
279 4135
1443 1203
2805 9627
9235 6065
6659 8040
549 2912
2090 4168
3038 416
5996 1172
3822 7587
6256 3957
3737 575
6496 5366
5654 6777
8812 9099
28 7360
2384 9997
808 3270
5810 729
2962 4985
2260 512
4042 6112
6714 5831
3 6670
3056 9235
4515 6480
8164 6676
5339 3480
3529 3268
3196 8720
9766 6077
1669 7520
4704 875
774 1420
9306 4106
6723 2924
5321 4486
5717 6149
7030 6723
6465 7705
3566 2345
4746 2161
685 5670
3565 8536
4307 4743
2421 5704
1357 4787
3442 9368
4406 3675
8334 3020
642 2940
2161 6652
7286 9695
5391 219
6399 3944
6070 6923
2413 8566
7974 8756
7230 8716
7249 9520
577 222
2708 7171
6058 160
5969 8453
3108 1399
1511 5617
6156 9484
7383 1239
5222 4210
5663 5350
8216 9578
5487 694
4122 6494
3874 4702
8930 7349
9914 4338
9833 4413
8769 9912
2797 288
8457 6873
2657 5906
7092 3776
3523 9962
4134 3471
6690 7445
5525 8920
6650 8800
7832 3293
6787 6065
86 8346
9776 7383
4456 5858
3169 5421
6629 8862
1904 6958
5939 9876
3671 2370
4472 8017
7311 6681
2 6891
4744 4046
9159 4152
6458 7115
8085 9872
7965 5340
6972 691
6542 2275
3212 112
908 4495
765 245
7476 8222
1581 279
8017 6856
9806 4242
9273 2466
5198 4579
8473 9701
6396 4449
9949 1702
6727 7703
9780 4081
7898 4252
4114 2148
9978 9694
7617 7393
93 3477
5391 6448
372 8298
1330 1060
7482 6121
7025 1186
1013 5032
2618 4058
4577 1626
2130 1796
9803 2994
9612 8014
8300 350
3501 6633
5459 6945
8716 3419
2981 8031
6462 978
2609 9620
7679 4325
5037 4219
8804 9803
6279 160
7602 7195
276 7623
4337 6100
2537 2109
8282 659
2922 8632
6153 8049
3954 5810
4934 9702
5290 8354
1855 2425
8135 7937
4135 5713
5903 8409
7762 2592
1934 6259
1005 5530
8503 6010
5958 7298
8128 2420
1522 2494
8106 8939
754 3854
6485 2735
209 3502
2499 675
6667 3156
8227 9121
430 8052
9383 7762
6389 3333
8553 6783
165 9703
7040 7989
9674 2986
246 1411
6111 6213
2980 9592
4568 9728
3816 9864
9521 3094
7642 4243
3930 3964
3474 7885
2280 3475
3976 6820
3675 5431
9093 3061
8296 6689
572 5903
1850 5059
4363 8397
1575 8503
9367 6949
7942 5824
2800 2319
463 6791
9654 4683
2338 5937
9058 7547
531 775
329 7730
588 8893
266 6627
9195 8949
5059 2515
6865 5732
2474 7114
6970 8000
7560 8997
8952 8669
8412 2797
3004 4835
696 8547
8163 5890
639 8952
1931 9467
1295 5321
2969 3952
6357 1626
9592 7551
3921 8721
2402 313
1420 5622
966 3954
8094 9065
6783 1855
8251 6770
4001 7145
2755 8924
1086 3467
9400 1086
7521 2235
9348 4831
7258 6965
5988 1513
4821 5571
3293 6240
8439 6188
6369 6574
3265 6178
9715 50
64 2402
5261 7011
3255 2686
7135 334
304 1337
2546 11
5015 9759
9246 6927
4044 4832
3384 8465
1063 2264
4678 9965
7405 3433
9773 297
605 5772
5697 6386
7706 7747
5739 9766
2722 7834
1010 7928
1877 1326
9430 7929
5479 7368
2471 9649
9821 4781
7046 1931
2045 6279
9629 7994
5720 3229
7896 1549
260 3350
8422 7028
6770 986
1480 7934
575 1412
8581 7142
350 3401
9285 842
7910 3941
8080 9785
9149 8538
9886 6027
5335 1041
3271 9314
8398 2833
3963 9807
2558 518
2174 3790
9250 6496
2736 2739
5429 7213
5926 1603
9415 1315
9636 7326
3693 2375
392 913
6258 5351
9718 2413
4666 8250
5749 4198
4697 7011
7517 5433
9807 620
2312 1643
9185 6464
1568 2128
9008 6050
9099 6168
6955 7800
4959 3870
4808 2654
2375 2988
9071 8442
7583 3814
8451 8468
5431 3047
4569 1362
501 7864
8264 1408
7949 4285
837 9210
5178 1820
9787 5764
7674 9715
3868 9801
1059 399
1843 8617
4663 5053
4747 1489
7267 8923
957 2458
4150 1620
9942 8095
3419 1586
6158 1295
418 645
18 3643
8632 8125
2132 331
7541 5119
2309 5333
6230 2753
4881 7854
3941 4492
2559 6447
6480 4850
9695 7706
7742 800
6207 6677
1618 5600
798 3094
6835 5428
6267 3695
4075 2398
454 6438
751 3921
8696 2609
2617 6401
2887 5996
1328 3151
2555 4705
3921 6374
1195 7092
3956 4345
3567 9488
7213 4754
651 5918
685 4748
1211 4040
6325 6399
8195 5430
8721 8923
9648 8559
6736 7138
3118 9675
1743 9125
5589 709
2986 6230
222 8871
5237 9797
2321 592
2319 3929
2435 3323
7970 8708
2034 1703
7608 8248
6431 1267
5008 9600
562 4896
9145 2151
8808 3283
8594 62
5201 2532
2594 2713
3894 8044
6885 9960
3232 462
1387 3181
6270 3685
7548 7271
6958 1807
4022 7677
1611 9719
5857 9639
308 9688
4660 1144
8593 9235
7210 1920
5500 74
3055 5501
9871 928
4360 101
7871 8203
2193 2769
1532 3252
2960 3399
4572 923
7285 1397
9389 3813
71 4096
3368 1423
9960 3787
799 5737
2343 5278
8656 3117
6474 4228
6541 8190
6888 7480
4148 6314
4827 6868
1341 3963
6303 1313
905 8994
5433 1201
62 6504
4821 5252
6834 4103
3850 8993
941 5160
9641 1014
3265 4812
