0
3163 9094
9094 1317
1317 594
594 1412
1412 575
575 8707
8707 858
858 2608
2608 2986
2986 509
509 3981
3981 4371
4371 2235
2235 7521
7521 5273
5273 2757
2757 3246
3246 7270
7270 5778
5778 9363
9363 1484
1484 8298
8298 372
372 5111
5111 6567
6567 1115
1115 7432
7432 5933
5933 6164
6164 8728
8728 1077
1077 4711
4711 944
944 8263
8263 6482
6482 3004
3004 4835
4835 5264
5264 4275
4275 800
800 3187
3187 4083
4083 2105
2105 6468
6468 6552
6552 9322
9322 3843
3843 5764
5764 9787
9787 3033
3033 625
625 1370
1370 2683
2683 160
160 2722
2722 7834
7834 731
731 8815
8815 4073
4073 3596
3596 9872
9872 2358
2358 3163
1636 3475
3475 2280
2280 5537
5537 1025
1025 1392
1392 5224
5224 1010
1010 7518
7518 9813
9813 1208
1208 4427
4427 1925
1925 3794
3794 256
256 759
759 3696
3696 3341
3341 957
957 2458
2458 2532
2532 2216
2216 3675
3675 4779
4779 6199
6199 8830
8830 794
794 4031
4031 705
705 1537
1537 9307
9307 1057
1057 1680
1680 2127
2127 329
329 5278
5278 2343
2343 1541
1541 2215
2215 3672
3672 8480
8480 8654
8654 1674
1674 3415
3415 2467
2467 1308
1308 8864
8864 5585
5585 1622
1622 6248
6248 4236
4236 5700
5700 1960
1960 3271
3271 9314
9314 1826
1826 1324
1324 3380
3380 3502
3502 209
209 8080
8080 9785
9785 1005
1005 5530
5530 5815
5815 2121
2121 7934
7934 1480
1480 1636
5141 5397
5397 3053
3053 6396
6396 4449
4449 1504
1504 8550
8550 8387
8387 531
531 775
775 1064
1064 2438
2438 299
299 8463
8463 3166
3166 3179
3179 1797
1797 1854
1854 5729
5729 3232
3232 462
462 6458
6458 5088
5088 2725
2725 9925
9925 3823
3823 2508
2508 7267
7267 8923
8923 977
977 2425
2425 1855
1855 6783
6783 8553
8553 6987
6987 1132
1132 167
167 2090
2090 4168
4168 6668
6668 8247
8247 38
38 5087
5087 6074
6074 3615
3615 5389
5389 5442
5442 4151
4151 4613
4613 2970
2970 2074
2074 1337
1337 304
304 135
135 3787
3787 9960
9960 1156
1156 2537
2537 9889
9889 9898
9898 2230
2230 2558
2558 518
518 1464
1464 6628
6628 7969
7969 4851
4851 8534
8534 1636
1636 4065
4065 4527
4527 1879
1879 3282
3282 4274
4274 1712
1712 1684
1684 399
399 1059
1059 5144
5144 1619
1619 4054
4054 7794
7794 3064
3064 2517
2517 4754
4754 7213
7213 2800
2800 2319
2319 3929
3929 9184
9184 4084
4084 3740
3740 9890
9890 6329
6329 8081
8081 2939
2939 8004
8004 4938
4938 2158
2158 3052
3052 6963
6963 1016
1016 7944
7944 1983
1983 939
939 8085
8085 3847
3847 6417
6417 94
94 7013
7013 1957
1957 1076
1076 6330
6330 225
225 4704
4704 875
875 537
537 4645
4645 4035
4035 7642
7642 3163
3163 5141
6230 2986
2986 9674
9674 5197
5197 6781
6781 8283
8283 3396
3396 3479
3479 6784
6784 9511
9511 1378
1378 3277
3277 7706
7706 9695
9695 7286
7286 8626
8626 7324
7324 6289
6289 7333
7333 592
592 2321
2321 2937
2937 4711
4711 7029
7029 3919
3919 5688
5688 4667
4667 3392
3392 1144
1144 9522
9522 510
510 1691
1691 472
472 4492
4492 957
957 6154
6154 4883
4883 8106
8106 2140
2140 3708
3708 1370
1370 8474
8474 5828
5828 5859
5859 1337
1337 3389
3389 42
42 4147
4147 8667
8667 4925
4925 254
254 276
276 4828
4828 8459
8459 2710
2710 6585
6585 1732
1732 1047
1047 25
25 997
997 6690
6690 1423
1423 3368
3368 5737
5737 799
799 943
943 373
373 143
143 548
548 5074
5074 53
53 243
243 7743
7743 1192
1192 7619
7619 4311
4311 2753
2753 6230
1297 2918
2918 9595
9595 8551
8551 3496
3496 1792
1792 1294
1294 4542
4542 7705
7705 5984
5984 2799
2799 2714
2714 187
187 5788
5788 2724
2724 8153
8153 8638
8638 4664
4664 1741
1741 7474
7474 1793
1793 4406
4406 3675
3675 5431
5431 3047
3047 4581
4581 2711
2711 4152
4152 6705
6705 1008
1008 8209
8209 6229
6229 6882
6882 6243
6243 6749
6749 3117
3117 8656
8656 3579
3579 759
759 9028
9028 2472
2472 7477
7477 1176
1176 6930
6930 8689
8689 3426
3426 1205
1205 6707
6707 7093
7093 3067
3067 3474
3474 9451
9451 8384
8384 754
754 3854
3854 810
810 3255
3255 4041
4041 2925
2925 5372
5372 7706
7706 6300
6300 8442
8442 9071
9071 816
816 6259
6259 1934
1934 341
341 2001
2001 3343
3343 7209
7209 3245
3245 1910
1910 6305
6305 5
5 5654
5654 6260
6260 830
830 295
295 1748
1748 6077
6077 346
346 9600
9600 5008
5008 4489
4489 8924
8924 2755
2755 5150
5150 9923
9923 4859
4859 1604
1604 5597
5597 6230
6230 5141
5141 2983
2983 4837
4837 4306
4306 6025
6025 3704
3704 7980
7980 1775
1775 3250
3250 4850
4850 1127
1127 1297
8725 7218
7218 7626
7626 3889
3889 1186
1186 7025
7025 6438
6438 454
454 2993
2993 887
887 5053
5053 1172
1172 5996
5996 2887
2887 8165
8165 1886
1886 783
783 3036
3036 5629
5629 74
74 5500
5500 1650
1650 6494
6494 281
281 9612
9612 8014
8014 4292
4292 295
295 8180
8180 5682
5682 7809
7809 9709
9709 162
162 4114
4114 5345
5345 9877
9877 5695
5695 6398
6398 4853
4853 8930
8930 6838
6838 152
152 730
730 2995
2995 5663
5663 6573
6573 4994
4994 3340
3340 2132
2132 331
331 8725
527 2375
2375 2988
2988 2034
2034 1703
1703 9471
9471 4823
4823 3675
3675 7857
7857 2985
2985 5263
5263 3434
3434 2921
2921 2272
2272 308
308 9688
9688 790
790 2535
2535 2016
2016 430
430 8052
8052 9917
9917 2688
2688 6518
6518 8725
8725 5691
5691 566
566 2346
2346 678
678 5060
5060 3
3 3870
3870 4959
4959 2250
2250 527
324 8905
8905 291
291 1976
1976 1051
1051 4882
4882 297
297 9773
9773 5858
5858 4456
4456 556
556 1126
1126 1695
1695 409
409 2742
2742 371
371 729
729 5810
5810 9694
9694 9978
9978 7078
7078 8703
8703 5986
5986 6377
6377 322
322 825
825 811
811 6515
6515 7551
7551 1269
1269 9120
9120 3391
3391 9052
9052 7841
7841 2487
2487 533
533 1799
1799 2322
2322 6803
6803 458
458 6901
6901 1530
1530 9594
9594 2645
2645 9662
9662 3592
3592 2511
2511 967
967 8814
8814 891
891 4248
4248 7374
7374 593
593 4025
4025 8113
8113 460
460 5411
5411 3803
3803 3173
3173 103
103 5776
5776 654
654 709
709 7541
7541 5119
5119 8029
8029 5434
5434 8376
8376 527
527 4979
4979 1014
1014 6834
6834 202
202 2821
2821 4201
4201 7654
7654 2453
2453 5429
5429 2144
2144 11
11 2546
2546 4832
4832 4044
4044 4021
4021 2714
2714 3421
3421 324
5333 2309
2309 1169
1169 5496
5496 3
3 9882
9882 1117
1117 786
786 1610
1610 4720
4720 5324
5324 324
324 2360
2360 5362
5362 8107
8107 4815
4815 2910
2910 327
327 407
407 3081
3081 9470
9470 2248
2248 4321
4321 4251
4251 9435
9435 3799
3799 8195
8195 6839
6839 649
649 44
44 1082
1082 9701
9701 5366
5366 6496
6496 4424
4424 7085
7085 866
866 5433
5433 1201
1201 1571
1571 2868
2868 2967
2967 6332
6332 869
869 7216
7216 7100
7100 5999
5999 3281
3281 1736
1736 3946
3946 68
68 2006
2006 1807
1807 582
582 284
284 5187
5187 2954
2954 9171
9171 4724
4724 6360
6360 6888
6888 5944
5944 3108
3108 1399
1399 5681
5681 912
912 2455
2455 555
555 2841
2841 4601
4601 2820
2820 5548
5548 4939
4939 2133
2133 4240
4240 3305
3305 2955
2955 4233
4233 685
685 8190
8190 6541
6541 172
172 640
640 5953
5953 837
837 852
852 884
884 62
62 9488
9488 4065
4065 8023
8023 1402
1402 1130
1130 4776
4776 1007
1007 9303
9303 1967
1967 5346
5346 4326
4326 1392
1392 5333
126 9744
9744 1757
1757 6973
6973 986
986 6770
6770 8251
8251 5873
5873 5942
5942 7141
7141 211
211 2148
2148 2312
2312 1643
1643 3074
3074 84
84 1380
1380 2276
2276 9764
9764 4544
4544 7275
7275 6615
6615 6760
6760 4225
4225 2760
2760 7348
7348 9334
9334 6773
6773 8173
8173 4729
4729 156
156 8522
8522 9400
9400 1086
1086 3467
3467 2246
2246 2100
2100 8642
8642 8170
8170 9460
9460 2765
2765 4796
4796 126
3495 6150
6150 5725
5725 87
87 8334
8334 3020
3020 3495
1239 4265
4265 1031
1031 2320
2320 6207
6207 6677
6677 2292
2292 2537
2537 2109
2109 1647
1647 3293
3293 7832
7832 4049
4049 3450
3450 6077
6077 3710
3710 4840
4840 1349
1349 100
100 641
641 1852
1852 1705
1705 1379
1379 6885
6885 9960
9960 5523
5523 6825
6825 6648
6648 902
902 9368
9368 3442
3442 1141
1141 961
961 8330
8330 9501
9501 29
29 9185
9185 814
814 4488
4488 5734
5734 4689
4689 777
777 1230
1230 6609
6609 4588
4588 1173
1173 2119
2119 1137
1137 6027
6027 9886
9886 1818
1818 9702
9702 4934
4934 8105
8105 388
388 1152
1152 9921
9921 7048
7048 6226
6226 4745
4745 55
55 7358
7358 4086
4086 82
82 1410
1410 1723
1723 5738
5738 2100
2100 2268
2268 5595
5595 7137
7137 1184
1184 2632
2632 2525
2525 521
521 1239
4037 4477
4477 4987
4987 5910
5910 3723
3723 5676
5676 42
42 5800
5800 5352
5352 6331
6331 6420
6420 2319
2319 7398
7398 5283
5283 2160
2160 7282
7282 2483
2483 2006
2006 1971
1971 5044
5044 3886
3886 5287
5287 1344
1344 2672
2672 1416
1416 2282
2282 5662
5662 8988
8988 5254
5254 4621
4621 1319
1319 1239
1239 5952
5952 5347
5347 7558
7558 397
397 1525
1525 9112
9112 1386
1386 9654
9654 5874
5874 2927
2927 6627
6627 266
266 4165
4165 3198
3198 5570
5570 6991
6991 3788
3788 6876
6876 135
135 6875
6875 4936
4936 1405
1405 7744
7744 93
93 3477
3477 8405
8405 9730
9730 7620
7620 6848
6848 4971
4971 1387
1387 3181
3181 793
793 4536
4536 6826
6826 205
205 9243
9243 3520
3520 7650
7650 5372
5372 9418
9418 5488
5488 3495
3495 4683
4683 1783
1783 1403
1403 1138
1138 540
540 2774
2774 4096
4096 71
71 72
72 508
508 5087
5087 9585
9585 6478
6478 1270
1270 3789
3789 496
496 1742
1742 1175
1175 3567
3567 9488
9488 595
595 2708
2708 2570
2570 8419
8419 6537
6537 5853
5853 2558
2558 8426
8426 3572
3572 2968
2968 5092
5092 7715
7715 5548
5548 8656
8656 4228
4228 6474
6474 8346
8346 86
86 2037
2037 2579
2579 3631
3631 4083
4083 9812
9812 1700
1700 6121
6121 6141
6141 9855
9855 741
741 1328
1328 3151
3151 1235
1235 300
300 7199
7199 1200
1200 3941
3941 2275
2275 6542
6542 126
126 1041
1041 2050
2050 4577
4577 1626
1626 3566
3566 5333
5333 8660
8660 1133
1133 7376
7376 635
635 8568
8568 2845
2845 245
245 765
765 7228
7228 3184
3184 2851
2851 418
418 645
645 4037
2 3149
3149 2186
2186 1052
1052 151
151 7099
7099 3209
3209 6688
6688 2235
2235 8757
8757 3224
3224 5897
5897 518
518 9996
9996 4218
4218 3192
3192 1690
1690 7746
7746 580
580 8652
8652 798
798 3094
3094 5169
5169 4765
4765 5599
5599 878
878 5222
5222 4210
4210 3157
3157 7356
7356 6231
6231 1130
1130 3190
3190 3866
3866 21
21 5059
5059 3777
3777 6999
6999 3850
3850 641
641 6652
6652 1877
1877 1326
1326 3186
3186 1796
1796 2130
2130 5954
5954 9605
9605 7681
7681 6077
6077 8813
8813 1522
1522 2494
2494 1111
1111 5563
5563 1841
1841 8870
8870 5025
5025 3553
3553 9029
9029 596
596 4804
4804 3467
3467 1692
1692 4150
4150 1620
1620 2603
2603 3518
3518 6560
6560 6551
6551 6011
6011 3465
3465 7708
7708 1533
1533 2436
2436 6374
6374 4497
4497 365
365 6694
6694 1560
1560 3499
3499 1202
1202 1592
1592 7413
7413 2512
2512 2992
2992 9660
9660 282
282 2405
2405 7081
7081 4037
4037 148
148 4045
4045 8609
8609 57
57 7783
7783 1361
1361 1297
1297 6591
6591 8914
8914 1424
1424 1648
1648 7035
7035 7529
7529 17
17 2
2776 7519
7519 6072
6072 637
637 7970
7970 9849
9849 5011
5011 1611
1611 9719
9719 6637
6637 6988
6988 3738
3738 3664
3664 2375
2375 2776
3017 3048
3048 9590
9590 1175
1175 8385
8385 8720
8720 3196
3196 9120
9120 2817
2817 187
187 3867
3867 3568
3568 6701
6701 7876
7876 9680
9680 5022
5022 6240
6240 3293
3293 6400
6400 53
53 6196
6196 2739
2739 2736
2736 6372
6372 4487
4487 8761
8761 202
202 8377
8377 3079
3079 8397
8397 4363
4363 3607
3607 1082
1082 2164
2164 5531
5531 5619
5619 1355
1355 4771
4771 1940
1940 7986
7986 3577
3577 1528
1528 9028
9028 1816
1816 1443
1443 1203
1203 219
219 5391
5391 5897
5897 9525
9525 400
400 3118
3118 1195
1195 7092
7092 9119
9119 682
682 212
212 3501
3501 6633
6633 487
487 9639
9639 5857
5857 1127
1127 9395
9395 2124
2124 6510
6510 1912
1912 3017
5740 9732
9732 6911
6911 1858
1858 7349
7349 5487
5487 694
694 3879
3879 4776
4776 8637
8637 10
10 520
520 6509
6509 46
46 7114
7114 4426
4426 7924
7924 7408
7408 1960
1960 6228
6228 4151
4151 9296
9296 253
253 5793
5793 2410
2410 433
433 4522
4522 5350
5350 904
904 3529
3529 5612
5612 6468
6468 7035
7035 8254
8254 164
164 5812
5812 3347
3347 2526
2526 2503
2503 2026
2026 9788
9788 98
98 6283
6283 6325
6325 3708
3708 3336
3336 2629
2629 9059
9059 9405
9405 7137
7137 9961
9961 430
430 4053
4053 66
66 7873
7873 6685
6685 9756
9756 3887
3887 1203
1203 9997
9997 2384
2384 6955
6955 7800
7800 5740
868 3755
3755 2187
2187 6670
6670 3
3 7945
7945 4921
4921 9237
9237 1180
1180 7879
7879 248
248 9175
9175 6774
6774 5913
5913 1441
1441 9385
9385 4564
4564 2805
2805 3233
3233 5144
5144 9042
9042 7012
7012 2199
2199 5118
5118 4479
4479 9344
9344 3919
3919 8484
8484 7259
7259 1958
1958 8965
8965 7376
7376 2829
2829 3545
3545 6577
6577 6189
6189 1955
1955 7026
7026 3965
3965 5715
5715 1051
1051 2329
2329 4167
4167 3198
3198 4842
4842 500
500 868
305 6739
6739 6019
6019 9091
9091 7249
7249 9520
9520 175
175 9313
9313 3830
3830 7740
7740 2653
2653 303
303 9189
9189 3687
3687 742
742 2031
2031 3291
3291 2212
2212 9529
9529 3147
3147 4438
4438 3167
3167 3241
3241 662
662 5371
5371 5212
5212 516
516 3491
3491 3106
3106 8875
8875 6225
6225 3467
3467 9940
9940 3247
3247 4248
4248 9890
9890 8835
8835 9145
9145 2151
2151 9283
9283 3965
3965 8707
8707 8879
8879 3010
3010 6217
6217 5536
5536 9099
9099 6917
6917 5772
5772 605
605 3200
3200 1766
1766 868
868 1631
1631 1165
1165 9448
9448 48
48 7709
7709 5998
5998 8047
8047 1846
1846 36
36 2665
2665 9101
9101 1113
1113 9697
9697 2728
2728 5713
5713 6418
6418 1910
1910 6981
6981 3402
3402 8239
8239 480
480 8787
8787 7351
7351 1350
1350 1295
1295 9330
9330 9964
9964 5278
5278 3095
3095 4759
4759 922
922 348
348 5552
5552 9058
9058 3498
3498 4145
4145 992
992 8307
8307 3908
3908 8910
8910 9811
9811 724
724 2143
2143 4628
4628 9318
9318 536
536 8300
8300 350
350 3401
3401 4328
4328 4744
4744 4046
4046 2860
2860 1092
1092 2300
2300 8803
8803 1313
1313 6303
6303 9707
9707 8907
8907 5740
5740 2683
2683 2063
2063 3784
3784 762
762 6241
6241 2806
2806 2058
2058 6515
6515 6724
6724 3111
3111 9926
9926 5636
5636 5632
5632 3974
3974 9259
9259 4066
4066 4257
4257 6822
6822 881
881 5776
5776 811
811 1152
1152 2912
2912 549
549 989
989 3689
3689 1807
1807 6958
6958 1904
1904 6065
6065 9824
9824 4099
4099 7228
7228 3566
3566 2345
2345 651
651 5918
5918 9032
9032 5201
5201 2532
2532 9378
9378 190
190 2202
2202 7390
7390 4294
4294 6949
6949 9367
9367 3017
3017 9945
9945 9018
9018 4461
4461 514
514 305
9834 4765
4765 6863
6863 4147
4147 5833
5833 9325
9325 7372
7372 1726
1726 47
47 4309
4309 2348
2348 1680
1680 2327
2327 2840
2840 3625
3625 2081
2081 1909
1909 3905
3905 385
385 9912
9912 8769
8769 5787
5787 9104
9104 3738
3738 8165
8165 5780
5780 871
871 6113
6113 7536
7536 5292
5292 931
931 3125
3125 884
884 1312
1312 4828
4828 5244
5244 8080
8080 3981
3981 1557
1557 5842
5842 5890
5890 1052
1052 5719
5719 1630
1630 6652
6652 663
663 9649
9649 3914
3914 679
679 2238
2238 3537
3537 8943
8943 962
962 9834
4034 7162
7162 9834
9834 3343
3343 3880
3880 1009
1009 691
691 28
28 7360
7360 1707
1707 6391
6391 8670
8670 9412
9412 5622
5622 1420
1420 774
774 1193
1193 1574
1574 633
633 497
497 2499
2499 675
675 4824
4824 305
305 3734
3734 2596
2596 747
747 4157
4157 7564
7564 979
979 375
375 3787
3787 3842
3842 2148
2148 2959
2959 6873
6873 8457
8457 1527
1527 9692
9692 9301
9301 1542
1542 2672
2672 4660
4660 1144
1144 6106
6106 3179
3179 4034
260 5512
5512 4698
4698 2949
2949 7328
7328 3495
3495 5988
5988 1513
1513 1044
1044 9182
9182 5331
5331 8842
8842 9072
9072 577
577 222
222 3270
3270 808
808 9293
9293 6123
6123 1059
1059 9360
9360 784
784 3751
3751 1737
1737 2128
2128 1568
1568 2813
2813 2630
2630 3094
3094 9521
9521 4445
4445 8003
8003 8364
8364 1107
1107 2644
2644 5165
5165 4034
4034 7224
7224 1825
1825 4534
4534 4866
4866 6102
6102 6282
6282 3815
3815 4804
4804 8144
8144 7563
7563 850
850 8490
8490 2518
2518 6528
6528 5744
5744 4350
4350 1400
1400 9703
9703 165
165 5789
5789 4503
4503 7811
7811 5876
5876 9490
9490 3307
3307 7505
7505 2168
2168 5939
5939 9876
9876 2941
2941 3212
3212 112
112 1875
1875 9174
9174 8402
8402 7749
7749 837
837 9210
9210 7954
7954 5062
5062 2776
2776 4737
4737 3417
3417 730
730 260
4271 7390
7390 6781
6781 6859
6859 663
663 8389
8389 1511
1511 5617
5617 8715
8715 3089
3089 2967
2967 7674
7674 4030
4030 1758
1758 2856
2856 3779
3779 612
612 6480
6480 3814
3814 7583
7583 2590
2590 1076
1076 4627
4627 18
18 3643
3643 4702
4702 3874
3874 4271
3813 7312
7312 882
882 8749
8749 9960
9960 8075
8075 3118
3118 2466
2466 2571
2571 9539
9539 4270
4270 5441
5441 8575
8575 7574
7574 6624
6624 5893
5893 791
791 5097
5097 3515
3515 2276
2276 1468
1468 2696
2696 4338
4338 9914
9914 2539
2539 3813
329 9826
9826 185
185 8655
8655 74
74 7417
7417 4910
4910 5262
5262 6980
6980 7289
7289 7806
7806 1547
1547 6339
6339 8991
8991 3200
3200 1439
1439 1030
1030 8281
8281 9303
9303 9580
9580 2443
2443 3692
3692 2058
2058 7939
7939 8205
8205 360
360 9389
9389 3813
3813 8776
8776 5386
5386 5226
5226 1481
1481 7665
7665 9808
9808 283
283 4422
4422 2002
2002 6934
6934 2875
2875 173
173 4755
4755 9591
9591 4359
4359 8768
8768 7991
7991 9436
9436 3678
3678 318
318 5159
5159 389
389 3008
3008 8434
8434 3602
3602 1569
1569 6233
6233 8432
8432 1333
1333 6752
6752 2647
2647 7030
7030 6723
6723 2924
2924 588
588 2150
2150 6856
6856 8017
8017 4472
4472 9013
9013 6052
6052 2752
2752 2047
2047 886
886 313
313 8734
8734 5555
5555 9774
9774 7786
7786 885
885 2196
2196 4604
4604 6733
6733 4271
4271 1419
1419 407
407 3642
3642 9801
9801 3868
3868 5847
5847 1747
1747 5463
5463 2830
2830 416
416 3732
3732 5384
5384 329
1060 6397
6397 61
61 653
653 7210
7210 1920
1920 9474
9474 8550
8550 8244
8244 4025
4025 7582
7582 8779
8779 1012
1012 3523
3523 1375
1375 8749
8749 5595
5595 9138
9138 3944
3944 6399
6399 7673
7673 7880
7880 3413
3413 8948
8948 2139
2139 3156
3156 839
839 7195
7195 1737
1737 8900
8900 4650
4650 1797
1797 5856
5856 1379
1379 3188
3188 961
961 3855
3855 3283
3283 648
648 941
941 7836
7836 6758
6758 7349
7349 3854
3854 6594
6594 4490
4490 5291
5291 5810
5810 3954
3954 966
966 942
942 5949
5949 222
222 7679
7679 4325
4325 8260
8260 8783
8783 1286
1286 9450
9450 5350
5350 5663
5663 7228
7228 5890
5890 6575
6575 630
630 5155
5155 6476
6476 1366
1366 7033
7033 8379
8379 300
300 9954
9954 1367
1367 5043
5043 6726
6726 4903
4903 1007
1007 9650
9650 2602
2602 623
623 4812
4812 421
421 9315
9315 3329
3329 376
376 6219
6219 8573
8573 4368
4368 9340
9340 1900
1900 1977
1977 8192
8192 194
194 1105
1105 1060
765 4206
4206 2234
2234 3058
3058 3088
3088 4707
4707 9037
9037 852
852 3026
3026 4014
4014 8149
8149 4708
4708 8944
8944 8477
8477 566
566 7797
7797 1745
1745 4892
4892 7665
7665 9360
9360 1981
1981 7308
7308 3776
3776 7092
7092 2467
2467 9431
9431 6645
6645 9261
9261 32
32 1036
1036 7814
7814 5371
5371 2097
2097 9535
9535 1551
1551 5631
5631 2822
2822 5879
5879 1079
1079 8473
8473 4864
4864 7454
7454 1034
1034 3274
3274 4285
4285 8214
8214 2664
2664 9285
9285 842
842 6465
6465 2991
2991 1298
1298 6479
6479 5799
5799 4071
4071 4495
4495 908
908 667
667 8453
8453 493
493 2962
2962 4599
4599 7770
7770 1879
1879 9990
9990 5080
5080 7885
7885 3474
3474 5527
5527 1494
1494 166
166 128
128 3522
3522 8083
8083 8612
8612 5600
5600 1618
1618 9718
9718 2413
2413 8566
8566 8062
8062 1114
1114 8904
8904 972
972 2559
2559 999
999 1820
1820 5178
5178 9122
9122 3977
3977 4812
4812 3265
3265 4933
4933 5606
5606 6860
6860 8257
8257 2823
2823 8421
8421 8355
8355 4507
4507 6283
6283 8926
8926 2841
2841 5528
5528 1499
1499 7865
7865 1127
1127 7694
7694 7230
7230 8716
8716 3419
3419 1586
1586 2555
2555 4705
4705 377
377 1330
1330 1060
1060 573
573 3921
3921 6374
6374 9028
9028 2425
2425 1978
1978 4847
4847 4628
4628 3682
3682 3154
3154 5018
5018 843
843 463
463 5186
5186 532
532 5686
5686 3968
3968 3685
3685 6270
6270 3499
3499 6097
6097 4988
4988 1736
1736 9316
9316 9020
9020 8712
8712 878
878 6363
6363 7084
7084 1743
1743 7170
7170 4652
4652 705
705 4873
4873 901
901 5820
5820 2693
2693 1275
1275 6644
6644 256
256 4743
4743 5617
5617 5052
5052 936
936 1632
1632 9541
9541 5001
5001 5637
5637 6657
6657 6896
6896 916
916 8300
8300 9133
9133 3073
3073 4673
4673 6206
6206 2624
2624 1271
1271 709
709 2106
2106 5762
5762 2306
2306 9568
9568 6827
6827 284
284 6137
6137 329
329 8261
8261 3181
3181 6440
6440 7974
7974 8756
8756 8326
8326 9926
9926 6250
6250 9648
9648 8559
8559 4813
4813 8753
8753 396
396 4568
4568 8313
8313 2341
2341 7960
7960 8538
8538 8279
8279 7551
7551 9592
9592 2980
2980 5648
5648 1768
1768 9012
9012 4502
4502 9350
9350 555
555 7728
7728 9889
9889 6034
6034 931
931 5361
5361 334
334 8754
8754 715
715 199
199 1460
1460 923
923 4572
4572 7261
7261 3713
3713 19
19 7027
7027 4226
4226 844
844 7895
7895 5455
5455 4428
4428 9781
9781 2213
2213 1369
1369 8517
8517 340
340 2673
2673 1464
1464 4980
4980 7104
7104 9327
9327 1843
1843 8617
8617 8530
8530 2316
2316 4059
4059 7538
7538 3559
3559 2969
2969 9987
9987 6638
6638 4460
4460 5650
5650 8820
8820 333
333 1490
1490 1425
1425 893
893 4969
4969 2171
2171 5293
5293 5508
5508 4761
4761 6851
6851 1842
1842 9948
9948 8336
8336 1550
1550 5269
5269 1347
1347 872
872 262
262 4195
4195 4312
4312 5003
5003 3287
3287 815
815 7171
7171 2708
2708 4109
4109 4091
4091 4079
4079 1465
1465 7776
7776 3857
3857 765
3327 8826
8826 2059
2059 7405
7405 3433
3433 9103
9103 9780
9780 4081
4081 1811
1811 3316
3316 4572
4572 3380
3380 6163
6163 8147
8147 3124
3124 2204
2204 2515
2515 9928
9928 3393
3393 1165
1165 9965
9965 9751
9751 467
467 5534
5534 4751
4751 7998
7998 2500
2500 6691
6691 765
765 5069
5069 3946
3946 2993
2993 3593
3593 6407
6407 3174
3174 553
553 4669
4669 9045
9045 1844
1844 7587
7587 3822
3822 2715
2715 1600
1600 2670
2670 3649
3649 2914
2914 2842
2842 4583
4583 722
722 3138
3138 567
567 1348
1348 2209
2209 5789
5789 616
616 6586
6586 8140
8140 4177
4177 7608
7608 8248
8248 2927
2927 8418
8418 935
935 2305
2305 5290
5290 1648
1648 8591
8591 5182
5182 5416
5416 4719
4719 1565
1565 1850
1850 5059
5059 6228
6228 7510
7510 8025
8025 3327
4732 6148
6148 3661
3661 3319
3319 5628
5628 4014
4014 8904
8904 6236
6236 8139
8139 1160
1160 6969
6969 2481
2481 2963
2963 9536
9536 3327
3327 9777
9777 1226
1226 4367
4367 735
735 6589
6589 1622
1622 9519
9519 1130
1130 6946
6946 5985
5985 5775
5775 6590
6590 7743
7743 1154
1154 530
530 2082
2082 5724
5724 2726
2726 8378
8378 9384
9384 183
183 2569
2569 633
633 6797
6797 56
56 1237
1237 4732
2555 6698
6698 633
633 6130
6130 276
276 990
990 9189
9189 2417
2417 1772
1772 6210
6210 8855
8855 1599
1599 8145
8145 7525
7525 2138
2138 2435
2435 1835
1835 6079
6079 1964
1964 6147
6147 4809
4809 2902
2902 2555
9159 8548
8548 7969
7969 8897
8897 1784
1784 1669
1669 7520
7520 2087
2087 2370
2370 3671
3671 7205
7205 1571
1571 6276
6276 4697
4697 7180
7180 1952
1952 3240
3240 5361
5361 4524
4524 2555
2555 4961
4961 5302
5302 3335
3335 208
208 5394
5394 5044
5044 7568
7568 367
367 5908
5908 3155
3155 7709
7709 1625
1625 7031
7031 9477
9477 6853
6853 9884
9884 727
727 8957
8957 3056
3056 9235
9235 8593
8593 673
673 2713
2713 4966
4966 908
908 7383
7383 1239
1239 2654
2654 4808
4808 1927
1927 2346
2346 9748
9748 1149
1149 5520
5520 4579
4579 5198
5198 4732
4732 9930
9930 4442
4442 6471
6471 3218
3218 5921
5921 2069
2069 5958
5958 7298
7298 8711
8711 4690
4690 6248
6248 6970
6970 147
147 8920
8920 6154
6154 2078
2078 9087
9087 7541
7541 4609
4609 3836
3836 3912
3912 3664
3664 7269
7269 660
660 1598
1598 2732
2732 4522
4522 4862
4862 3204
3204 3068
3068 2313
2313 7375
7375 9643
9643 9825
9825 3449
3449 5016
5016 7513
7513 7068
7068 9790
9790 2641
2641 9159
7772 6988
6988 9772
9772 2186
2186 5568
5568 8815
8815 952
952 1702
1702 7839
7839 6875
6875 6703
6703 3319
3319 3858
3858 2499
2499 3956
3956 4345
4345 1116
1116 6954
6954 219
219 3651
3651 6048
6048 4882
4882 7772
2209 5145
5145 9093
9093 3061
3061 3141
3141 7942
7942 5824
5824 3325
3325 5066
5066 6214
6214 819
819 7864
7864 501
501 1453
1453 853
853 9869
9869 9306
9306 4106
4106 7424
7424 1975
1975 8621
8621 2091
2091 6659
6659 4468
4468 105
105 7730
7730 329
329 7193
7193 7282
7282 2953
2953 2196
2196 5633
5633 4328
4328 3464
3464 8997
8997 7560
7560 6497
6497 7226
7226 3311
3311 6068
6068 4240
4240 8824
8824 6787
6787 6065
6065 5120
5120 9660
9660 3077
3077 2346
2346 4001
4001 7145
7145 6651
6651 4761
4761 7572
7572 8474
8474 6252
6252 2218
2218 1965
1965 6604
6604 1662
1662 3480
3480 9729
9729 7168
7168 2990
2990 2861
2861 5697
5697 7701
7701 9732
9732 9309
9309 2874
2874 5138
5138 45
45 6782
6782 3675
3675 5720
5720 3229
3229 8123
8123 2957
2957 6064
6064 1978
1978 5920
5920 912
912 8754
8754 1461
1461 2397
2397 5666
5666 4839
4839 2832
2832 8971
8971 2769
2769 2193
2193 251
251 465
465 2107
2107 2209
6946 3861
3861 2209
2209 6946
2563 8704
8704 1127
1127 8488
8488 8575
8575 5820
5820 8652
8652 1808
1808 8614
8614 2155
2155 1018
1018 1492
1492 9205
9205 7098
7098 8006
8006 5176
5176 642
642 2940
2940 5125
5125 9156
9156 9244
9244 4240
4240 8962
8962 532
532 6416
6416 9629
9629 9962
9962 3523
3523 6532
6532 1040
1040 9842
9842 2216
2216 7105
7105 82
82 7548
7548 7271
7271 4873
4873 6837
6837 7807
7807 4167
4167 6955
6955 9903
9903 4819
4819 1833
1833 7796
7796 6137
6137 1126
1126 9382
9382 2572
2572 6868
6868 4827
4827 1214
1214 6297
6297 9703
9703 3998
3998 5357
5357 6967
6967 2284
2284 7808
7808 7935
7935 3291
3291 6639
6639 2031
2031 6994
6994 5272
5272 84
84 3362
3362 2563
6937 4115
4115 8819
8819 235
235 2946
2946 1610
1610 6901
6901 2563
2563 9594
9594 9134
9134 7520
7520 2337
2337 1578
1578 4075
4075 3372
3372 4881
4881 8123
8123 4310
4310 5281
5281 2894
2894 6946
6946 9522
9522 9140
9140 5250
5250 7772
7772 8486
8486 9564
9564 6115
6115 6263
6263 6401
6401 2617
2617 7292
7292 4536
4536 8087
8087 1419
1419 9818
9818 492
492 2717
2717 8960
8960 1647
1647 6643
6643 2184
2184 6937
4856 6458
6458 7115
7115 9216
9216 1983
1983 8398
8398 3850
3850 8993
8993 3618
3618 4923
4923 1370
1370 9287
9287 678
678 6714
6714 5831
5831 5748
5748 6718
6718 8480
8480 5969
5969 8453
8453 2590
2590 8189
8189 4441
4441 2730
2730 8727
8727 941
941 5160
5160 2783
2783 4856
1331 4141
4141 4199
4199 4112
4112 1603
1603 9500
9500 3819
3819 456
456 1997
1997 5028
5028 4856
4856 1261
1261 1415
1415 2191
2191 7725
7725 5836
5836 7900
7900 4365
4365 2505
2505 7220
7220 3040
3040 6071
6071 4039
4039 3349
3349 4162
4162 6390
6390 6660
6660 2233
2233 594
594 9186
9186 5368
5368 7905
7905 308
308 7805
7805 7679
7679 5943
5943 8018
8018 8844
8844 4070
4070 9655
9655 1507
1507 1852
1852 2103
2103 64
64 2402
2402 313
313 9915
9915 9838
9838 3344
3344 8112
8112 883
883 259
259 2373
2373 7992
7992 2508
2508 6892
6892 3995
3995 961
961 6299
6299 1620
1620 6334
6334 4133
4133 2035
2035 3547
3547 243
243 8128
8128 2420
2420 770
770 7523
7523 7858
7858 9677
9677 8192
8192 7046
7046 1931
1931 9467
9467 465
465 5625
5625 2473
2473 3943
3943 5301
5301 1015
1015 4320
4320 9945
9945 4642
4642 6241
6241 4539
4539 5763
5763 5463
5463 6753
6753 6070
6070 7045
7045 5429
5429 7213
7213 5672
5672 8812
8812 463
463 6791
6791 6576
6576 9376
9376 5890
5890 8163
8163 4815
4815 8401
8401 4182
4182 3105
3105 1693
1693 1249
1249 1892
1892 1408
1408 8264
8264 7797
7797 5432
5432 1774
1774 2609
2609 5308
5308 3897
3897 3026
3026 4254
4254 4775
4775 451
451 9234
9234 4340
4340 5863
5863 2008
2008 9963
9963 5666
5666 7121
7121 3255
3255 2686
2686 4295
4295 5710
5710 828
828 7231
7231 8649
8649 101
101 4360
4360 9311
9311 2532
2532 8136
8136 6321
6321 2780
2780 6937
6937 468
468 3924
3924 437
437 8862
8862 2474
2474 7114
7114 6312
6312 8804
8804 9803
9803 2994
2994 6690
6690 2951
2951 3285
3285 9190
9190 2265
2265 7671
7671 2666
2666 4130
4130 5733
5733 824
824 3754
3754 1705
1705 5245
5245 6885
6885 2880
2880 1331
1665 9008
9008 6015
6015 157
157 1665
971 5674
5674 7616
7616 8247
8247 7765
7765 1013
1013 5032
5032 5465
5465 7073
7073 9772
9772 9821
9821 4781
4781 3128
3128 2468
2468 6819
6819 1243
1243 4185
4185 1348
1348 5091
5091 5404
5404 9170
9170 8169
8169 2100
2100 8206
8206 8398
8398 2833
2833 6227
6227 4285
4285 7597
7597 5720
5720 6016
6016 6558
6558 3452
3452 825
825 6423
6423 3929
3929 6808
6808 6681
6681 7311
7311 3633
3633 5476
5476 2960
2960 3399
3399 8995
8995 1790
1790 9974
9974 4666
4666 8250
8250 8114
8114 1866
1866 424
424 325
325 1601
1601 8722
8722 8184
8184 8223
8223 304
304 1769
1769 9266
9266 1112
1112 4360
4360 6060
6060 466
466 1665
1665 5481
5481 9361
9361 7194
7194 7553
7553 5976
5976 1623
1623 5354
5354 7773
7773 2796
2796 9728
9728 4724
4724 10000
10000 1331
1331 5559
5559 3497
3497 503
503 4908
4908 6079
6079 5781
5781 1392
1392 4982
4982 7387
7387 2057
2057 3881
3881 7709
7709 8781
8781 4152
4152 9159
9159 9649
9649 2471
2471 6809
6809 5563
5563 5092
5092 4937
4937 3350
3350 260
260 971
8547 9563
9563 9534
9534 980
980 696
696 8547
971 7015
7015 9583
9583 84
84 5615
5615 1894
1894 3127
3127 7072
7072 1401
1401 7859
7859 1811
1811 5739
5739 9766
9766 5066
5066 8981
8981 1647
1647 9281
9281 8227
8227 9121
9121 100
100 4018
4018 502
502 4674
4674 2262
2262 193
193 5114
5114 7791
7791 2346
2346 7438
7438 703
703 2167
2167 978
978 6462
6462 9354
9354 4926
4926 5233
5233 5845
5845 8260
8260 5651
5651 5261
5261 7011
7011 4697
4697 9266
9266 6388
6388 2676
2676 2706
2706 4492
4492 2270
2270 5428
5428 6835
6835 4353
4353 4112
4112 5224
5224 9274
9274 6624
6624 7994
7994 9629
9629 8547
8547 5418
5418 6586
6586 7079
7079 8634
8634 1445
1445 8099
8099 5301
5301 6690
6690 7445
7445 4996
4996 2045
2045 7810
7810 8784
8784 1742
1742 3715
3715 7264
7264 738
738 3695
3695 6267
6267 180
180 2351
2351 928
928 9871
9871 921
921 913
913 392
392 9438
9438 4132
4132 6058
6058 160
160 6279
6279 9415
9415 1315
1315 5926
5926 1603
1603 7891
7891 2955
2955 5346
5346 7951
7951 8949
8949 9195
9195 6771
6771 6888
6888 9160
9160 6691
6691 9006
9006 1466
1466 7466
7466 8187
8187 832
832 2611
2611 3211
3211 3386
3386 6874
6874 2177
2177 3647
3647 9581
9581 9280
9280 4682
4682 3593
3593 7076
7076 5053
5053 4663
4663 7382
7382 2604
2604 8125
8125 9293
9293 8307
8307 3316
3316 3363
3363 3459
3459 8228
8228 167
167 3896
3896 8630
8630 474
474 6118
6118 4963
4963 2257
2257 4499
4499 5589
5589 709
709 1805
1805 6857
6857 9648
9648 8617
8617 9408
9408 572
572 5903
5903 8409
8409 8138
8138 7901
7901 5473
5473 3642
3642 4283
4283 2962
2962 4985
4985 7758
7758 1328
1328 6903
6903 1590
1590 1211
1211 2485
2485 3716
3716 1801
1801 669
669 971
556 8111
8111 9496
9496 4345
4345 8129
8129 4703
4703 8577
8577 4628
4628 9957
9957 3169
3169 5421
5421 2956
2956 3591
3591 1532
1532 3252
3252 2205
2205 5656
5656 4422
4422 7816
7816 9055
9055 1184
1184 9375
9375 324
324 6485
6485 2735
2735 264
264 1120
1120 9752
9752 6955
6955 9218
9218 8558
8558 3790
3790 2174
2174 4678
4678 7930
7930 4069
4069 9550
9550 9322
9322 7531
7531 512
512 2260
2260 983
983 5332
5332 3414
3414 5587
5587 676
676 3724
3724 8122
8122 8217
8217 4982
4982 4022
4022 7677
7677 3961
3961 9776
9776 4414
4414 6465
6465 7705
7705 6496
6496 9250
9250 2160
2160 7989
7989 7040
7040 6582
6582 8941
8941 1074
1074 6473
6473 910
910 6968
6968 1748
1748 5471
5471 1096
1096 5111
5111 3310
3310 5762
5762 3297
3297 4452
4452 9389
9389 5099
5099 2609
2609 8125
8125 8632
8632 2922
2922 6510
6510 6074
6074 9449
9449 3026
3026 7783
7783 1640
1640 7038
7038 6476
6476 8018
8018 6360
6360 7172
7172 334
334 7135
7135 1576
1576 6918
6918 6448
6448 5391
5391 719
719 4611
4611 3094
3094 3695
3695 5950
5950 6431
6431 1267
1267 4457
4457 3453
3453 245
245 4349
4349 7237
7237 4531
4531 8267
8267 8875
8875 5589
5589 6528
6528 5200
5200 2402
2402 3938
3938 7666
7666 2315
2315 4844
4844 1234
1234 6599
6599 2045
2045 6279
6279 713
713 3829
3829 262
262 892
892 647
647 7008
7008 5077
5077 3668
3668 8939
8939 8106
8106 5570
5570 9229
9229 1790
1790 9931
9931 9042
9042 8520
8520 9017
9017 2128
2128 4728
4728 5768
5768 9344
9344 8469
8469 7146
7146 9199
9199 1615
1615 5089
5089 3555
3555 4610
4610 2328
2328 8200
8200 763
763 511
511 9887
9887 8757
8757 9489
9489 2191
2191 1686
1686 9992
9992 6906
6906 8436
8436 7538
7538 5351
5351 6258
6258 432
432 698
698 4695
4695 6844
6844 1665
1665 7470
7470 231
231 9667
9667 1432
1432 2979
2979 2729
2729 8237
8237 3458
3458 1409
1409 5749
5749 556
2853 6445
6445 9660
9660 5982
5982 6739
6739 8546
8546 3341
3341 8618
8618 763
763 8312
8312 9798
9798 8986
8986 6975
6975 9474
9474 4755
4755 1682
1682 6834
6834 6355
6355 3947
3947 3976
3976 7944
7944 2969
2969 3952
3952 8036
8036 9253
9253 4171
4171 2320
2320 5320
5320 7308
7308 2594
2594 2713
2713 5915
5915 2821
2821 2507
2507 6711
6711 7160
7160 8587
8587 540
540 3038
3038 416
416 9447
9447 4980
4980 8401
8401 6102
6102 7955
7955 5296
5296 9988
9988 965
965 8232
8232 9560
9560 2790
2790 6255
6255 5533
5533 8400
8400 906
906 7460
7460 5716
5716 1242
1242 5767
5767 8812
8812 9099
9099 6168
6168 6111
6111 6156
6156 9484
9484 6667
6667 3156
3156 5800
5800 144
144 9782
9782 3346
3346 3958
3958 375
375 1460
1460 598
598 9268
9268 2480
2480 9604
9604 7326
7326 9636
9636 3098
3098 362
362 3728
3728 6900
6900 3754
3754 9763
9763 5372
5372 9398
9398 7623
7623 276
276 7007
7007 2402
2402 7817
7817 6044
6044 3956
3956 3726
3726 8854
8854 9776
9776 7383
7383 2037
2037 2163
2163 9409
9409 1325
1325 5105
5105 7653
7653 6778
6778 760
760 6767
6767 5475
5475 4469
4469 2034
2034 6464
6464 1902
1902 3403
3403 2652
2652 2504
2504 4964
4964 3557
3557 6349
6349 7950
7950 5471
5471 2016
2016 7016
7016 9820
9820 9688
9688 5993
5993 3052
3052 9745
9745 3513
3513 9963
9963 3779
3779 5086
5086 1230
1230 8288
8288 8745
8745 8076
8076 5479
5479 7368
7368 3866
3866 3437
3437 9722
9722 623
623 8185
8185 6903
6903 2742
2742 7413
7413 8072
8072 1820
1820 2789
2789 9653
9653 7548
7548 4413
4413 9833
9833 3576
3576 7009
7009 8412
8412 2797
2797 288
288 2853
2 6891
6891 2855
2855 3561
3561 8049
8049 6153
6153 4636
4636 8920
8920 5525
5525 1626
1626 6357
6357 2654
2654 5129
5129 5776
5776 3551
3551 7725
7725 5239
5239 5476
5476 5442
5442 9627
9627 2805
2805 6517
6517 9452
9452 3501
3501 6397
6397 9118
9118 5224
5224 7292
7292 7413
7413 9060
9060 8542
8542 5793
5793 6670
6670 3104
3104 755
755 332
332 2223
2223 5870
5870 8733
8733 5762
5762 5160
5160 4915
4915 4881
4881 7854
7854 7976
7976 1348
1348 5445
5445 1751
1751 2620
2620 4327
4327 8088
8088 9500
9500 1783
1783 5269
5269 9132
9132 7065
7065 6888
6888 7480
7480 228
228 9429
9429 1489
1489 4747
4747 990
990 8613
8613 327
327 2920
2920 5795
5795 5247
5247 7281
7281 3833
3833 5754
5754 8463
8463 633
633 7550
7550 7537
7537 3469
3469 8112
8112 9094
9094 4387
4387 7343
7343 1923
1923 8734
8734 5863
5863 5961
5961 3323
3323 2435
2435 9278
9278 9634
9634 1091
1091 9493
9493 3186
3186 2853
2853 4016
4016 8554
8554 6297
6297 9921
9921 4854
4854 2536
2536 639
639 757
757 2771
2771 897
897 2203
2203 9124
9124 4739
4739 7459
7459 7328
7328 3519
3519 7684
7684 4731
4731 2923
2923 6887
6887 7420
7420 3624
3624 950
950 4516
4516 8390
8390 6004
6004 2787
2787 9972
9972 5109
5109 3295
3295 8967
8967 556
556 9044
9044 9986
9986 5009
5009 971
971 6938
6938 3461
3461 8856
8856 7898
7898 4252
4252 104
104 2
7474 6191
6191 7733
7733 4217
4217 4357
4357 5145
5145 6644
6644 5139
5139 8935
8935 2114
2114 9371
9371 43
43 2102
2102 924
924 5379
5379 2436
2436 9527
9527 1387
1387 6239
6239 9300
9300 9604
9604 5301
5301 9429
9429 1487
1487 5051
5051 5297
5297 7474
9864 3816
3816 5042
5042 9177
9177 3269
3269 9955
9955 4150
4150 9924
9924 7951
7951 6546
6546 8679
8679 2907
2907 3138
3138 1791
1791 987
987 4848
4848 3841
3841 788
788 9396
9396 4743
4743 4307
4307 4838
4838 3427
3427 5697
5697 6386
6386 4574
4574 6629
6629 8862
8862 1202
1202 3989
3989 8391
8391 4085
4085 7817
7817 6777
6777 5654
5654 9445
9445 3036
3036 4620
4620 9871
9871 4878
4878 7145
7145 5328
5328 9341
9341 5856
5856 9626
9626 9639
9639 4569
4569 1362
1362 4111
4111 4288
4288 9949
9949 1702
1702 5222
5222 2559
2559 6447
6447 4324
4324 9613
9613 7185
7185 1941
1941 8929
8929 6009
6009 3898
3898 9987
9987 6159
6159 6446
6446 3990
3990 4795
4795 4922
4922 9715
9715 50
50 1834
1834 2046
2046 8471
8471 2707
2707 2836
2836 1357
1357 4787
4787 8091
8091 36
36 8256
8256 8296
8296 6689
6689 2628
2628 6659
6659 8040
8040 5194
5194 7197
7197 6939
6939 8696
8696 2609
2609 9620
9620 2856
2856 2446
2446 7847
7847 1011
1011 2947
2947 173
173 9345
9345 4869
4869 4059
4059 2789
2789 2979
2979 8721
8721 7657
7657 5379
5379 9012
9012 4047
4047 2073
2073 7393
7393 7617
7617 2714
2714 6046
6046 9089
9089 4667
4667 8900
8900 8036
8036 5093
5093 8490
8490 3333
3333 6389
6389 8994
8994 905
905 6012
6012 5815
5815 6623
6623 1574
1574 9864
5669 7819
7819 5980
5980 1893
1893 2591
2591 5669
3646 8620
8620 1264
1264 1193
1193 2210
2210 4045
4045 4750
4750 3604
3604 7136
7136 2209
2209 4678
4678 8222
8222 7476
7476 8687
8687 2643
2643 5308
5308 9480
9480 8492
8492 66
66 6222
6222 4348
4348 4481
4481 3829
3829 1377
1377 4504
4504 5309
5309 8584
8584 4970
4970 2438
2438 8891
8891 5610
5610 1031
1031 9523
9523 196
196 6945
6945 5459
5459 378
378 5611
5611 4272
4272 4691
4691 6010
6010 8503
8503 1575
1575 3651
3651 3183
3183 2579
2579 7199
7199 9578
9578 8216
8216 4632
4632 5153
5153 4103
4103 6834
6834 2628
2628 8778
8778 4548
4548 9258
9258 3487
3487 8300
8300 3295
3295 5996
5996 9189
9189 7462
7462 2585
2585 7609
7609 5724
5724 6611
6611 2619
2619 4242
4242 9806
9806 4483
4483 956
956 4409
4409 2493
2493 6831
6831 4109
4109 8289
8289 7866
7866 1537
1537 9333
9333 8256
8256 2800
2800 9555
9555 187
187 4918
4918 1965
1965 6381
6381 6421
6421 2167
2167 8316
8316 2439
2439 5095
5095 2459
2459 8802
8802 6462
6462 3842
3842 9931
9931 5864
5864 2028
2028 2202
2202 1664
1664 7830
7830 6277
6277 4432
4432 2658
2658 3646
5462 6954
6954 3649
3649 8378
8378 8830
8830 9647
9647 9798
9798 9820
9820 8401
8401 9113
9113 2218
2218 6708
6708 5925
5925 7269
7269 9452
9452 7650
7650 4459
4459 851
851 3804
3804 3528
3528 9555
9555 8650
8650 6325
6325 6399
6399 8832
8832 8212
8212 4973
4973 983
983 9837
9837 2111
2111 1652
1652 2032
2032 3436
3436 8053
8053 1251
1251 7915
7915 6910
6910 9990
9990 5734
5734 5130
5130 359
359 3075
3075 5430
5430 8195
8195 4592
4592 7728
7728 4908
4908 9368
9368 4886
4886 3831
3831 3440
3440 5126
5126 3360
3360 9603
9603 4672
4672 7787
7787 8290
8290 4052
4052 3404
3404 352
352 3120
3120 3646
3646 9935
9935 5139
5139 9940
9940 5549
5549 4219
4219 5037
5037 6855
6855 1908
1908 1089
1089 7099
7099 6598
6598 3703
3703 7586
7586 8900
8900 7700
7700 1397
1397 7285
7285 5667
5667 9395
9395 2914
2914 8185
8185 7295
7295 8284
8284 9777
9777 3859
3859 9829
9829 451
451 4893
4893 313
313 8044
8044 5669
5669 2909
2909 1738
1738 9328
9328 9887
9887 8380
8380 1864
1864 1704
1704 5243
5243 4075
4075 2398
2398 9953
9953 3071
3071 6916
6916 2618
2618 4058
4058 7804
7804 6590
6590 9589
9589 2223
2223 7159
7159 6093
6093 4587
4587 6183
6183 7585
7585 1242
1242 7775
7775 1743
1743 9125
9125 316
316 5994
5994 9093
9093 6077
6077 9766
9766 8135
8135 7937
7937 249
249 5818
5818 8555
8555 2099
2099 3276
3276 6865
6865 5732
5732 6874
6874 6650
6650 8800
8800 6972
6972 691
691 5358
5358 6485
6485 4060
4060 3480
3480 5339
5339 9358
9358 8504
8504 1751
1751 5462
7539 6885
6885 8378
8378 8633
8633 1385
1385 7412
7412 6111
6111 6213
6213 8754
8754 3412
3412 3605
3605 8625
8625 7517
7517 5433
5433 4822
4822 5019
5019 8179
8179 5527
5527 7095
7095 5904
5904 562
562 4896
4896 7539
4831 9348
9348 664
664 7332
7332 7247
7247 6986
6986 6245
6245 9425
9425 4232
4232 899
899 4831
4516 9996
9996 7915
7915 6727
6727 7703
7703 7211
7211 2962
2962 6692
6692 3973
3973 1867
1867 6741
6741 9718
9718 1672
1672 909
909 6088
6088 2174
2174 6934
6934 3929
3929 7166
7166 250
250 6310
6310 173
173 7682
7682 9683
9683 9084
9084 2344
2344 4603
4603 2975
2975 5342
5342 2515
2515 5059
5059 6923
6923 6070
6070 9872
9872 8085
8085 9833
9833 6435
6435 4727
4727 2239
2239 5017
5017 9655
9655 5654
5654 9965
9965 4678
4678 9230
9230 9857
9857 9553
9553 2620
2620 5084
5084 603
603 3191
3191 3472
3472 4351
4351 5848
5848 4831
4831 1223
1223 6112
6112 4042
4042 406
406 9086
9086 1986
1986 1280
1280 4953
4953 5225
5225 7583
7583 4427
4427 3683
3683 9022
9022 3386
3386 8095
8095 9942
9942 6130
6130 2023
2023 2201
2201 62
62 6504
6504 4907
4907 4899
4899 5343
5343 6470
6470 4702
4702 4704
4704 3368
3368 7127
7127 7434
7434 6223
6223 3165
3165 3670
3670 2831
2831 4215
4215 1549
1549 7896
7896 2713
2713 9905
9905 5205
5205 3306
3306 4140
4140 1723
1723 4457
4457 7278
7278 6736
6736 7138
7138 6056
6056 9874
9874 5151
5151 5883
5883 1718
1718 5199
5199 9620
9620 4745
4745 8345
8345 5782
5782 734
734 3428
3428 3934
3934 3756
3756 2397
2397 5758
5758 425
425 863
863 6181
6181 1278
1278 7730
7730 892
892 7964
7964 6312
6312 9331
9331 9445
9445 8739
8739 5370
5370 7086
7086 1008
1008 9386
9386 9522
9522 7539
7539 2657
2657 5906
5906 8422
8422 7028
7028 9318
9318 7224
7224 9065
9065 8094
8094 9790
9790 9182
9182 2720
2720 1990
1990 5467
5467 8209
8209 8171
8171 275
275 7154
7154 144
144 7290
7290 7291
7291 6828
6828 7029
7029 5537
5537 9052
9052 4610
4610 8041
8041 4168
4168 3008
3008 6053
6053 247
247 5322
5322 7654
7654 6688
6688 4444
4444 4464
4464 7390
7390 6002
6002 6377
6377 8557
8557 5015
5015 9759
9759 2181
2181 33
33 1204
1204 5237
5237 9797
9797 9087
9087 5749
5749 4198
4198 5267
5267 1982
1982 9175
9175 9118
9118 7354
7354 4940
4940 6976
6976 6767
6767 2400
2400 5462
5462 1063
1063 2264
2264 6840
6840 8517
8517 9362
9362 3838
3838 9307
9307 9396
9396 1401
1401 8808
8808 3283
3283 5713
5713 5927
5927 7774
7774 3879
3879 8642
8642 4469
4469 7361
7361 5937
5937 2338
2338 2461
2461 9952
9952 4643
4643 8772
8772 3974
3974 9059
9059 9476
9476 1502
1502 4304
4304 575
575 3737
3737 4516
9357 4683
4683 3894
3894 8044
8044 6222
6222 7867
7867 5091
5091 8022
8022 7686
7686 4335
4335 7747
7747 7706
7706 5697
5697 8976
8976 8354
8354 5290
5290 7064
7064 4839
4839 9530
9530 6314
6314 4148
4148 6217
6217 4556
4556 4393
4393 8385
8385 3676
3676 6652
6652 2161
2161 4746
4746 9675
9675 3118
3118 8399
8399 8521
8521 4248
4248 7660
7660 2719
2719 9191
9191 4660
4660 5715
5715 7872
7872 6574
6574 6369
6369 362
362 9526
9526 4284
4284 6149
6149 5717
5717 4516
4516 2982
2982 2411
2411 9234
9234 4157
4157 3366
3366 874
874 5110
5110 9864
9864 7474
7474 6763
6763 9207
9207 390
390 9357
6480 6882
6882 8641
8641 2940
2940 2569
2569 5501
5501 3055
3055 5340
5340 7965
7965 355
355 4562
4562 6504
6504 7949
7949 4285
4285 9523
9523 1152
1152 5646
5646 6073
6073 1756
1756 6027
6027 1382
1382 6063
6063 642
642 5192
5192 4663
4663 9330
9330 3648
3648 7920
7920 5635
5635 4224
4224 4728
4728 7151
7151 9471
9471 6809
6809 4830
4830 2839
2839 4622
4622 4351
4351 9597
9597 7285
7285 9872
9872 8832
8832 9715
9715 7674
7674 6065
6065 9235
9235 5800
5800 7507
7507 3380
3380 9173
9173 7245
7245 8962
8962 7862
7862 8786
8786 6484
6484 6831
6831 7033
7033 3695
3695 8426
8426 5994
5994 8431
8431 222
222 8871
8871 4962
4962 9044
9044 5512
5512 9208
9208 1041
1041 5335
5335 7549
7549 1340
1340 5751
5751 2734
2734 6559
6559 4295
4295 9744
9744 8250
8250 7754
7754 2960
2960 8145
8145 9047
9047 3693
3693 2375
2375 5253
5253 1010
1010 7928
7928 4323
4323 817
817 8160
8160 1707
1707 8128
8128 9956
9956 521
521 8048
8048 9361
9361 7468
7468 9112
9112 7642
7642 4243
4243 4337
4337 6100
6100 639
639 8952
8952 6349
6349 8214
8214 7849
7849 4684
4684 4515
4515 6480
7596 4850
4850 6480
6480 1379
1379 7596
6188 8702
8702 2648
2648 6040
6040 6783
6783 5602
5602 7768
7768 5661
5661 6965
6965 7258
7258 6530
6530 6660
6660 9251
9251 2012
2012 5576
5576 9475
9475 5936
5936 5616
5616 6599
6599 7011
7011 8656
8656 8980
8980 3210
3210 3745
3745 5877
5877 6968
6968 8180
8180 5100
5100 1028
1028 4721
4721 2164
2164 5623
5623 5613
5613 2148
2148 4114
4114 4992
4992 6579
6579 7360
7360 3638
3638 8183
8183 9278
9278 8511
8511 7109
7109 4452
4452 4645
4645 2103
2103 4486
4486 5321
5321 1295
1295 6158
6158 3647
3647 5051
5051 1488
1488 3930
3930 3964
3964 5293
5293 8207
8207 8572
8572 1823
1823 7746
7746 3755
3755 1977
1977 7388
7388 3926
3926 5419
5419 186
186 1470
1470 5844
5844 1111
1111 5719
5719 9273
9273 2466
2466 5885
5885 2505
2505 6027
6027 9568
9568 7725
7725 5088
5088 9165
9165 8149
8149 7195
7195 7602
7602 1719
1719 4187
4187 6290
6290 937
937 880
880 7881
7881 8708
8708 7970
7970 7596
7596 8644
8644 462
462 8529
8529 3334
3334 4265
4265 8539
8539 3427
3427 5670
5670 685
685 4748
4748 9989
9989 4134
4134 3471
3471 5468
5468 7566
7566 4937
4937 9851
9851 5907
5907 9420
9420 5089
5089 6732
6732 4216
4216 1411
1411 246
246 9727
9727 1446
1446 2458
2458 5464
5464 1284
1284 8942
8942 8749
8749 7134
7134 6396
6396 8337
8337 7270
7270 9818
9818 3028
3028 1769
1769 2918
2918 8861
8861 4536
4536 9993
9993 5508
5508 9984
9984 4657
4657 4576
4576 3893
3893 434
434 9315
9315 2132
2132 5975
5975 7619
7619 4712
4712 6173
6173 9866
9866 7764
7764 1014
1014 9641
9641 6518
6518 5599
5599 7805
7805 5145
5145 6121
6121 7482
7482 6188
5327 6711
6711 2910
2910 6039
6039 6178
6178 3265
3265 9701
9701 8473
8473 7507
7507 6532
6532 9654
9654 4683
4683 9575
9575 7556
7556 6579
6579 9220
9220 3549
3549 3787
3787 4634
4634 8108
8108 7140
7140 7941
7941 10000
10000 9194
9194 4038
4038 8099
8099 1604
1604 4867
4867 5823
5823 9186
9186 3954
3954 7547
7547 9058
9058 7865
7865 6246
6246 6279
6279 9781
9781 4659
4659 2182
2182 4163
4163 52
52 8810
8810 3766
3766 4568
4568 9728
9728 6255
6255 9163
9163 6070
6070 9332
9332 4309
4309 7943
7943 6681
6681 8934
8934 2644
2644 3700
3700 3600
3600 7161
7161 6064
6064 3250
3250 8968
8968 2269
2269 7031
7031 8383
8383 5575
5575 7441
7441 4018
4018 9120
9120 6970
6970 8000
8000 3588
3588 2937
2937 6696
6696 2302
2302 5438
5438 6934
6934 5803
5803 6207
6207 6283
6283 7944
7944 6050
6050 9008
9008 4083
4083 8465
8465 3384
3384 4504
4504 4626
4626 7917
7917 8673
8673 7088
7088 6899
6899 8115
8115 6719
6719 5052
5052 6048
6048 6447
6447 7814
7814 4462
4462 1824
1824 8509
8509 4242
4242 8614
8614 7919
7919 3193
3193 6676
6676 8164
8164 4728
4728 7412
7412 7757
7757 6464
6464 9185
9185 8042
8042 2073
2073 4523
4523 1710
1710 8758
8758 7910
7910 3941
3941 4492
4492 5069
5069 6058
6058 4912
4912 9913
9913 6350
6350 9845
9845 6928
6928 514
514 7663
7663 7741
7741 9176
9176 1642
1642 6930
6930 6876
6876 9261
9261 9500
9500 9122
9122 6494
6494 4122
4122 1839
1839 2327
2327 5327
8952 8669
8669 5945
5945 2928
2928 8162
8162 6857
6857 4438
4438 5569
5569 5327
5327 5877
5877 5310
5310 1338
1338 2981
2981 8031
8031 928
928 5318
5318 9064
9064 7885
7885 7269
7269 8746
8746 5583
5583 7567
7567 7349
7349 8930
8930 5885
5885 8732
8732 3182
3182 9566
9566 4057
4057 5079
5079 2839
2839 4993
4993 9976
9976 5518
5518 1881
1881 5757
5757 9669
9669 6687
6687 8952
4821 5571
5571 5659
5659 5554
5554 2809
2809 7159
7159 6215
6215 1791
1791 6358
6358 2587
2587 6745
6745 4969
4969 9657
9657 6644
6644 6601
6601 8594
8594 62
62 2407
2407 7730
7730 8160
8160 5689
5689 8581
8581 7142
7142 7715
7715 8792
8792 3503
3503 6103
6103 1307
1307 687
687 8825
8825 6233
6233 4288
4288 5679
5679 5108
5108 9868
9868 5342
5342 3943
3943 4695
4695 6146
6146 1668
1668 9915
9915 1378
1378 9621
9621 999
999 8232
8232 5881
5881 9622
9622 914
914 7929
7929 9430
9430 3350
3350 5561
5561 1601
1601 5252
5252 4821
15 6612
6612 8761
8761 9681
9681 6991
6991 9935
9935 8894
8894 8536
8536 3565
3565 6810
6810 7248
7248 5196
5196 3561
3561 7742
7742 800
800 8867
8867 8861
8861 4302
4302 3190
3190 9760
9760 4775
4775 5500
5500 7439
7439 7387
7387 5259
5259 1875
1875 681
681 9638
9638 6937
6937 7960
7960 7564
7564 5715
5715 9799
9799 7871
7871 8203
8203 4493
4493 2313
2313 8622
8622 8922
8922 4137
4137 9073
9073 9905
9905 8161
8161 2614
2614 4282
4282 1852
1852 5826
5826 8201
8201 4039
4039 8224
8224 1581
1581 279
279 4135
4135 5713
5713 4191
4191 751
751 3921
3921 8721
8721 8923
8923 8646
8646 8058
8058 9869
9869 5106
5106 2526
2526 5457
5457 8803
8803 6209
6209 5038
5038 6821
6821 5042
5042 6445
6445 9002
9002 6927
6927 9246
9246 9934
9934 5467
5467 6520
6520 745
745 5850
5850 1873
1873 7784
7784 1504
1504 6256
6256 3957
3957 6366
6366 7523
7523 7072
7072 8825
8825 5763
5763 4821
4821 5952
5952 6357
6357 2476
2476 5704
5704 2421
2421 4898
4898 3845
3845 4837
4837 7215
7215 8209
8209 7867
7867 8183
8183 9011
9011 9448
9448 2009
2009 9786
9786 6416
6416 3976
3976 6820
6820 7933
7933 6060
6060 5253
5253 4718
4718 1664
1664 3542
3542 4844
4844 7418
7418 3035
3035 1605
1605 6062
6062 7502
7502 7240
7240 3414
3414 8580
8580 5898
5898 8859
8859 1191
1191 7331
7331 7571
7571 3720
3720 1178
1178 6768
6768 5607
5607 2759
2759 3651
3651 8971
8971 3163
3163 8092
8092 823
823 620
620 9807
9807 3963
3963 1341
1341 3038
3038 8893
8893 588
588 7535
7535 6893
6893 8568
8568 2637
2637 9485
9485 4489
4489 6305
6305 6299
6299 8929
8929 8538
8538 9149
9149 1055
1055 1661
1661 659
659 8282
8282 2074
2074 9315
9315 1860
1860 4585
4585 753
753 2084
2084 6320
6320 7353
7353 7033
7033 9911
9911 7797
7797 8952
8952 4917
4917 1211
1211 4040
4040 8439
8439 6188
6188 2088
2088 8451
8451 8468
8468 1128
1128 3987
3987 2791
2791 5526
5526 9357
9357 9714
9714 3435
3435 9081
9081 1179
1179 1383
1383 6308
6308 994
994 15
1291 5918
5918 6591
6591 8725
8725 7686
7686 8288
8288 7007
7007 7416
7416 5028
5028 9635
9635 6040
6040 7629
7629 9019
9019 6358
6358 9383
9383 7762
7762 2592
2592 5383
5383 6397
6397 3509
3509 5996
5996 7058
7058 3807
3807 4238
4238 6503
6503 3268
3268 3529
3529 6902
6902 5316
5316 1291

