999 999
230 611
789 974
811 458
358 113
351 501
633 717
840 400
453 768
192 584
873 406
870 144
547 403
324 474
823 78
8 503
358 634
678 715
478 550
848 498
620 643
511 309
218 483
644 573
38 153
51 711
953 919
47 192
922 950
328 629
842 185
933 959
524 940
868 94
61 630
899 835
79 666
691 388
432 57
849 327
435 956
278 911
567 358
326 906
462 839
739 559
185 701
956 664
906 983
432 816
297 381
101 558
126 215
103 488
94 519
148 639
732 946
414 884
773 984
509 389
575 334
514 742
948 845
49 633
119 859
758 437
72 509
634 896
829 497
24 478
718 886
548 874
299 417
306 941
195 863
953 294
60 818
910 171
539 106
986 993
121 505
169 981
122 631
282 620
78 970
501 646
614 712
908 655
591 948
480 56
711 864
11 233
13 352
566 873
284 1
149 850
667 547
345 496
116 435
666 57
594 68
706 157
22 409
201 488
422 218
29 314
498 347
45 2
860 53
354 510
546 680
289 371
61 373
735 296
194 884
847 635
59 925
473 546
302 328
727 728
655 205
126 749
912 773
398 134
27 218
970 189
696 84
674 801
717 781
650 602
720 926
890 709
549 568
537 841
611 363
532 735
815 678
890 956
52 674
843 130
50 741
318 821
731 801
445 605
848 83
554 103
896 132
522 318
488 176
365 752
933 288
437 777
193 389
612 867
527 414
818 972
804 570
361 876
864 283
346 586
955 74
819 150
294 566
963 670
501 407
299 272
2 821
276 554
512 236
712 688
1 587
661 853
742 460
950 727
649 232
828 463
81 49
387 650
678 277
853 129
389 449
750 153
504 497
441 886
780 590
261 281
457 821
509 630
449 588
558 742
110 615
956 532
513 838
294 961
702 783
661 983
420 301
74 796
52 381
879 159
55 944
347 573
526 148
57 743
609 829
309 61
761 23
898 47
943 436
595 912
932 170
935 859
225 156
741 72
615 750
36 131
462 1
941 255
650 448
430 970
181 387
620 29
232 698
189 498
588 909
734 298
43 691
859 558
882 434
964 95
78 2
295 98
698 906
381 924
723 563
407 595
830 698
210 566
298 261
363 656
902 385
7 890
99 964
446 16
663 539
146 667
388 856
484 793
436 905
16 557
194 78
493 878
563 964
1 815
430 938
989 398
558 858
163 594
326 63
403 575
255 686
952 525
984 459
165 127
573 986
272 110
298 400
900 78
398 725
796 277
266 853
883 910
377 284
23 299
89 244
189 331
535 587
350 47
622 295
753 144
858 764
890 833
55 925
474 738
498 857
629 383
382 902
94 197
492 652
758 524
874 955
400 398
623 299
215 761
43 816
138 169
449 43
270 944
89 127
144 301
338 194
137 24
928 535
771 490
448 47
373 282
408 905
862 181
798 691
34 206
373 956
514 276
983 71
103 952
328 823
802 432
924 668
524 478
642 461
314 101
377 944
775 69
857 358
619 706
933 753
237 650
389 775
694 489
886 412
748 317
400 555
437 842
605 417
176 2
908 198
115 898
940 932
435 512
627 948
747 457
592 334
996 585
24 389
934 839
641 873
762 89
944 493
47 363
566 681
650 851
641 702
687 580
630 711
496 393
316 435
804 509
147 477
102 326
78 881
578 264
96 270
833 661
379 73
922 986
85 758
841 912
672 991
65 929
825 815
334 178
2 769
600 724
232 795
627 22
109 96
11 845
670 401
429 851
565 693
688 28
742 902
84 426
334 43
704 381
1 809
281 49
764 948
156 683
926 601
699 55
944 497
446 778
490 964
691 954
906 790
804 733
584 172
809 955
347 930
991 339
92 649
573 836
497 60
503 521
944 609
381 922
144 430
509 699
291 449
520 699
981 249
667 727
134 511
227 46
835 451
46 547
593 280
844 527
735 382
853 746
790 290
867 928
693 901
251 40
898 754
717 593
909 525
169 864
898 107
299 336
100 136
73 509
521 785
960 338
715 650
858 717
871 745
906 623
383 442
442 348
978 898
839 978
626 843
554 836
525 373
244 94
657 830
769 352
668 687
556 644
153 92
955 124
206 912
278 263
876 734
5 504
587 204
352 966
218 886
510 933
964 429
563 94
290 902
996 134
167 670
66 627
479 936
224 408
136 435
656 578
994 79
475 237
781 609
755 291
340 201
919 570
197 948
510 362
635 146
244 224
38 394
478 162
336 78
546 464
677 884
670 103
274 103
581 13
330 669
381 467
778 441
987 960
648 600
459 5
884 706
184 75
947 744
285 935
258 33
486 943
329 987
387 165
231 326
625 55
71 45
805 260
619 798
838 455
720 481
406 672
124 694
544 246
881 8
950 278
497 400
665 783
823 323
429 912
709 72
411 140
954 486
148 413
146 996
691 948
912 13
243 919
263 507
948 192
171 244
865 423
435 204
777 81
2 304
201 550
27 626
717 704
709 840
929 834
821 752
888 823
438 871
946 29
218 849
95 806
547 378
631 121
734 622
298 82
334 908
400 853
256 314
683 567
701 463
23 637
519 297
75 922
811 316
956 24
586 225
393 850
33 934
677 618
497 422
103 513
426 865
821 244
785 71
47 859
538 23
566 534
317 720
903 682
492 163
413 446
643 899
53 539
132 27
491 365
170 804
959 717
142 306
18 261
426 739
921 205
505 803
822 748
56 144
276 562
68 118
936 361
890 74
672 251
580 415
144 531
304 898
630 910
678 65
896 126
547 485
905 858
371 677
909 352
660 789
910 326
362 866
884 664
587 319
926 23
857 808
140 246
783 868
743 414
637 167
401 723
288 526
339 473
948 38
826 201
544 604
218 830
930 11
156 626
101 263
577 619
508 269
525 200
845 43
301 483
483 194
56 377
39 882
16 350
409 263
983 22
194 347
783 989
615 520
398 671
983 934
816 906
66 445
864 425
886 336
458 969
29 554
259 342
481 40
172 435
535 524
131 156
497 668
955 36
534 717
423 453
733 926
815 312
263 748
652 44
414 908
901 74
43 955
961 888
949 657
977 69
213 994
878 862
801 270
993 193
940 38
198 218
681 848
368 397
134 328
246 142
507 802
200 651
376 755
727 186
765 441
352 379
912 469
680 510
212 890
206 819
752 773
970 995
682 299
669 329
604 874
157 334
326 619
23 581
417 648
365 848
853 28
699 208
934 102
110 896
839 615
78 126
389 415
82 514
884 119
609 189
280 526
639 953
754 665
693 933
715 844
291 535
735 432
899 525
526 676
13 676
845 810
796 289
72 734
94 115
827 780
809 317
559 709
119 446
235 639
312 194
327 66
169 950
98 243
264 266
688 612
363 7
11 620
948 935
762 906
489 906
63 11
806 195
964 641
558 847
774 898
873 630
749 298
347 840
415 718
734 682
840 462
417 737
906 547
745 438
919 99
535 491
686 376
461 38
71 774
74 910
315 231
477 769
139 890
455 629
948 391
150 667
851 885
435 641
640 921
547 730
856 811
249 142
457 256
831 507
263 324
483 556
651 131
717 732
244 948
925 16
664 259
686 497
718 50
590 947
728 661
545 805
425 233
348 111
601 804
935 591
13 563
246 109
773 678
650 836
205 831
507 122
639 278
746 413
11 480
153 811
803 291
208 747
925 137
531 354
698 858
463 210
836 68
451 910
801 614
262 983
260 537
342 347
752 996
602 5
557 909
795 143
890 826
910 139
724 110
986 772
236 274
995 991
861 484
317 119
23 566
111 23
130 549
415 663
885 558
513 686
226 940
127 641
362 544
261 879
22 368
585 958
863 804
911 85
850 218
301 552
570 411
474 861
671 899
49 169
874 822
617 34
626 330
940 148
816 243
43 18
664 631
850 492
966 258
910 116
570 276
442 365
737 709
568 370
692 149
938 717
127 627
28 514
47 100
233 138
769 625
768 809
639 933
118 169
964 226
460 284
555 27
283 660
993 765
631 678
148 206
143 338
630 66
243 47
40 362
550 195
539 949
296 59
525 547
974 513
78 474
190 715
129 696
744 963
323 979
5 642
467 435
441 544
159 993
969 273
562 425
229 890
717 735
851 964
28 262
760 535
40 227
314 857
550 734
676 294
378 213
425 56
808 184
464 420
106 437
991 732
706 429
836 538
319 1
131 377
732 746
830 235
485 735
419 762
413 212
273 52
434 900
233 492
205 43
397 860
192 720
746 501
552 617
725 51
859 796
821 522
270 419
68 940
269 692
370 744
738 771
682 592
352 61
331 505
338 828
435 315
391 565
905 777
505 825
676 298
178 430
836 677
948 101
772 760
69 761
902 232
69 285
113 548
668 312
284 39
162 351
618 302
761 103
641 950
44 731
394 346
204 442
950 146
277 426
744 953
810 508
57 688
646 903
195 640
777 340
912 546
488 475
858 148
793 693
834 883
898 230
312 11
755 190
204 78
859 229
142 112
186 11
709 52
972 691
906 755
469 479
103 13
385 89
730 758
336 462
107 639
463 841
958 545
38 387
748 672
979 577
112 345
74 718
902 977
412 457
277 650
866 398
841 890
711 762
83 147
629 827
886 870
