0
435 512
512 236
236 274
274 103
103 13
13 352
352 379
379 73
73 509
509 72
72 741
741 50
50 718
718 74
74 910
910 116
116 435
47 192
192 584
584 172
172 435
435 136
136 100
100 47
898 115
115 94
94 244
244 89
89 127
127 165
165 387
387 38
38 153
153 811
811 458
458 969
969 273
273 52
52 709
709 72
72 734
734 622
622 295
295 98
98 243
243 47
47 898
131 156
156 225
225 586
586 346
346 394
394 38
38 948
948 192
192 720
720 317
317 119
119 446
446 16
16 350
350 47
47 363
363 7
7 890
890 74
74 796
796 289
289 371
371 677
677 618
618 302
302 328
328 134
134 511
511 309
309 61
61 352
352 966
966 258
258 33
33 934
934 102
102 326
326 63
63 11
11 845
845 810
810 508
508 269
269 692
692 149
149 850
850 393
393 496
496 345
345 112
112 142
142 306
306 941
941 255
255 686
686 513
513 103
103 488
488 201
201 340
340 777
777 81
81 49
49 281
281 261
261 18
18 43
43 955
955 36
36 131
78 204
204 442
442 348
348 111
111 23
23 299
299 272
272 110
110 896
896 132
132 27
27 218
218 849
849 327
327 66
66 630
630 61
61 373
373 525
525 200
200 651
651 131
131 377
377 56
56 144
144 301
301 552
552 617
617 34
34 206
206 148
148 639
639 107
107 898
898 774
774 71
71 45
45 2
2 78
23 566
566 534
534 717
717 633
633 49
49 169
169 118
118 68
68 836
836 538
538 23
908 655
655 205
205 43
43 334
334 908
1 587
587 204
204 435
435 316
316 811
811 856
856 388
388 691
691 43
43 449
449 291
291 755
755 190
190 715
715 844
844 527
527 414
414 908
908 198
198 218
218 830
830 235
235 639
639 278
278 263
263 101
101 948
948 197
197 94
94 563
563 13
13 581
581 23
23 761
761 215
215 126
126 78
78 900
900 434
434 882
882 39
39 284
284 1
146 950
950 278
278 911
911 85
85 758
758 437
437 106
106 539
539 53
53 860
860 397
397 368
368 22
22 983
983 262
262 28
28 514
514 276
276 570
570 411
411 140
140 246
246 109
109 96
96 270
270 801
801 674
674 52
52 381
381 704
704 717
717 593
593 280
280 526
526 148
148 413
413 212
212 890
890 139
139 910
910 883
883 834
834 929
929 65
65 678
678 773
773 984
984 459
459 5
5 642
642 461
461 38
38 940
940 932
932 170
170 804
804 601
601 926
926 23
23 637
637 167
167 670
670 103
103 554
554 29
29 314
314 101
101 558
558 847
847 635
635 146
769 352
352 909
909 557
557 16
16 925
925 59
59 296
296 735
735 432
432 57
57 688
688 28
28 853
853 129
129 696
696 84
84 426
426 277
277 650
650 237
237 475
475 488
488 176
176 2
2 769
78 823
823 328
328 629
629 383
383 442
442 365
365 848
848 83
83 147
147 477
477 769
769 625
625 55
55 944
944 377
377 284
284 460
460 742
742 514
514 82
82 298
298 400
400 398
398 134
134 996
996 146
146 667
667 727
727 186
186 11
11 312
312 194
194 78
263 409
409 22
22 627
627 66
66 445
445 605
605 417
417 299
299 336
336 78
78 474
474 324
324 263
1 809
809 317
317 748
748 263
263 507
507 122
122 631
631 121
121 505
505 803
803 291
291 535
535 587
587 319
319 1
497 400
400 853
853 266
266 264
264 578
578 656
656 363
363 611
611 230
230 898
898 754
754 665
665 783
783 868
868 94
94 519
519 297
297 381
381 467
467 435
435 315
315 231
231 326
326 619
619 798
798 691
691 972
972 818
818 60
60 497
955 124
124 694
694 489
489 906
906 326
326 910
910 171
171 244
244 948
948 391
391 565
565 693
693 901
901 74
74 955
232 795
795 143
143 338
338 194
194 347
347 840
840 400
400 555
555 27
27 626
626 156
156 683
683 567
567 358
358 113
113 548
548 874
874 955
955 809
809 768
768 453
453 423
423 865
865 426
426 739
739 559
559 709
709 737
737 417
417 648
648 600
600 724
724 110
110 615
615 750
750 153
153 92
92 649
649 232
389 193
193 993
993 159
159 879
879 261
261 298
298 749
749 126
126 896
896 634
634 358
358 857
857 314
314 256
256 457
457 747
747 208
208 699
699 55
55 925
925 137
137 24
24 389
462 839
839 978
978 898
898 304
304 2
2 821
821 244
244 224
224 408
408 905
905 777
777 437
437 842
842 185
185 701
701 463
463 210
210 566
566 873
873 406
406 672
672 251
251 40
40 227
227 46
46 547
547 525
525 909
909 588
588 449
449 389
389 415
415 663
663 539
539 949
949 657
657 830
830 698
698 232
232 902
902 385
385 89
89 762
762 419
419 270
270 944
944 493
493 878
878 862
862 181
181 387
387 650
650 602
602 5
5 504
504 497
497 422
422 218
218 886
886 336
336 462
859 796
796 277
277 678
678 715
715 650
650 448
448 47
47 859
884 414
414 743
743 57
57 666
666 79
79 994
994 213
213 378
378 547
547 906
906 790
790 290
290 902
902 742
742 558
558 858
858 148
148 940
940 68
68 594
594 163
163 492
492 850
850 218
218 483
483 194
194 884
1 815
815 825
825 505
505 331
331 189
189 498
498 347
347 342
342 259
259 664
664 884
884 119
119 859
859 229
229 890
890 709
709 840
840 462
462 1
233 425
425 56
56 480
480 11
11 233
912 595
595 407
407 501
501 351
351 162
162 478
478 24
24 956
956 664
664 631
631 678
678 815
815 312
312 668
668 924
924 381
381 922
922 75
75 184
184 808
808 857
857 498
498 848
848 681
681 566
566 294
294 676
676 13
13 912
169 864
864 425
425 562
562 276
276 554
554 836
836 650
650 851
851 429
429 706
706 157
157 334
334 575
575 403
403 547
547 667
667 150
150 819
819 206
206 912
912 773
773 752
752 365
365 491
491 535
535 928
928 867
867 612
612 688
688 712
712 614
614 801
801 731
731 44
44 652
652 492
492 233
233 138
138 169
544 604
604 874
874 822
822 748
748 672
672 991
991 339
339 473
473 546
546 464
464 420
420 301
301 483
483 556
556 644
644 573
573 347
347 930
930 11
11 620
620 282
282 373
373 956
956 435
435 641
641 127
127 627
627 948
948 591
591 935
935 285
285 69
69 775
775 389
389 509
509 804
804 733
733 926
926 720
720 481
481 40
40 362
362 544
550 478
478 524
524 758
758 730
730 547
547 485
485 735
735 382
382 902
902 977
977 69
69 761
761 103
103 952
952 525
525 899
899 671
671 398
398 866
866 362
362 510
510 354
354 531
531 144
144 430
430 178
178 334
334 592
592 682
682 299
299 623
623 906
906 698
698 858
858 905
905 436
436 943
943 486
486 954
954 691
691 948
948 845
845 43
43 816
816 432
432 802
802 507
507 831
831 205
205 921
921 640
640 195
195 550
661 833
833 890
890 826
826 201
201 550
550 734
734 298
298 676
676 526
526 288
288 933
933 639
639 953
953 294
294 961
961 888
888 823
823 323
323 979
979 577
577 619
619 706
706 884
884 677
677 836
836 573
573 986
986 993
993 765
765 441
441 544
544 246
246 142
142 249
249 981
981 169
169 950
950 727
727 728
728 661
821 522
522 318
318 821
983 934
934 839
839 615
615 520
520 699
699 509
509 630
630 873
873 641
641 702
702 783
783 989
989 398
398 725
725 51
51 711
711 864
864 283
283 660
660 789
789 974
974 513
513 838
838 455
455 629
629 827
827 780
780 590
590 947
947 744
744 370
370 568
568 549
549 130
130 843
843 626
626 330
330 669
669 329
329 987
987 960
960 338
338 828
828 463
463 841
841 537
537 260
260 805
805 545
545 958
958 585
585 996
996 752
752 821
821 457
457 412
412 886
886 441
441 778
778 446
446 413
413 746
746 853
853 661
661 983
964 99
99 919
919 570
570 804
804 863
863 195
195 806
806 95
95 964
964 641
641 950
950 922
922 986
986 772
772 760
760 535
535 524
524 940
940 226
226 964
933 693
693 793
793 484
484 861
861 474
474 738
738 771
771 490
490 964
964 429
429 912
912 546
546 680
680 510
510 933
717 735
735 532
532 956
956 890
890 841
841 912
912 469
469 479
479 936
936 361
361 876
876 734
734 682
682 903
903 646
646 501
501 746
746 732
732 717
8 881
881 78
78 970
970 189
189 609
609 781
781 717
717 959
959 933
933 753
753 144
144 870
870 886
886 718
718 415
415 580
580 687
687 668
668 497
497 686
686 376
376 755
755 906
906 983
983 71
71 785
785 521
521 503
503 8
29 946
946 732
732 991
991 995
995 970
970 430
430 938
938 717
717 858
858 764
764 948
948 935
935 859
859 558
558 885
885 851
851 964
964 563
563 723
723 401
401 670
670 963
963 744
744 953
953 919
919 243
243 816
816 906
906 762
762 711
711 630
630 910
910 451
451 835
835 899
899 643
643 620
620 29
438 871
871 745
745 438
497 944
944 609
609 829
829 497

