0
5623 8999
8999 1859
1859 2499
2499 9066
9066 752
752 20
20 9718
9718 2028
2028 5623
146 1807
1807 3436
3436 1796
1796 19
19 2535
2535 4741
4741 838
838 4349
4349 298
298 7022
7022 5668
5668 5197
5197 8127
8127 750
750 807
807 5047
5047 82
82 3099
3099 156
156 8225
8225 4985
4985 69
69 8751
8751 5927
5927 1266
1266 1746
1746 4516
4516 1848
1848 6489
6489 1798
1798 4704
4704 5237
5237 3231
3231 4799
4799 2992
2992 4834
4834 5623
5623 4330
4330 9918
9918 728
728 1861
1861 2792
2792 9354
9354 6864
6864 5140
5140 286
286 122
122 9613
9613 609
609 3032
3032 3546
3546 915
915 667
667 1713
1713 1106
1106 9479
9479 3517
3517 1553
1553 4303
4303 951
951 5265
5265 1817
1817 1532
1532 1702
1702 1247
1247 146
545 4035
4035 7630
7630 8481
8481 1789
1789 5576
5576 8094
8094 668
668 231
231 4010
4010 6737
6737 418
418 2252
2252 1740
1740 8484
8484 1417
1417 3060
3060 8582
8582 5615
5615 2253
2253 9322
9322 5197
5197 6717
6717 2739
2739 303
303 821
821 7154
7154 1056
1056 4828
4828 6455
6455 9838
9838 4370
4370 3161
3161 545
146 3475
3475 8963
8963 9559
9559 741
741 1768
1768 3822
3822 5253
5253 545
545 3540
3540 7082
7082 2602
2602 482
482 2341
2341 5457
5457 806
806 978
978 448
448 16
16 992
992 1474
1474 6093
6093 3081
3081 3103
3103 500
500 3427
3427 108
108 371
371 8195
8195 989
989 6850
6850 286
286 7938
7938 4365
4365 1781
1781 1448
1448 9788
9788 4506
4506 7700
7700 2102
2102 3268
3268 146
2088 1836
1836 1139
1139 1337
1337 5874
5874 3937
3937 7095
7095 1941
1941 1388
1388 1548
1548 648
648 7004
7004 3745
3745 5056
5056 6141
6141 5100
5100 1620
1620 2133
2133 258
258 2575
2575 5239
5239 1839
1839 5182
5182 2685
2685 7606
7606 2840
2840 415
415 757
757 4250
4250 490
490 774
774 3545
3545 7154
7154 6911
6911 4850
4850 330
330 1715
1715 761
761 9211
9211 8566
8566 8863
8863 3150
3150 809
809 5596
5596 1237
1237 8971
8971 2095
2095 4912
4912 3423
3423 8369
8369 9663
9663 7928
7928 3665
3665 1400
1400 8883
8883 1853
1853 2000
2000 8356
8356 8515
8515 9140
9140 4400
4400 3475
3475 756
756 484
484 522
522 1929
1929 6241
6241 6247
6247 297
297 2742
2742 823
823 662
662 3556
3556 7177
7177 2819
2819 6802
6802 2152
2152 4478
4478 4815
4815 644
644 2664
2664 9237
9237 2420
2420 2535
2535 2948
2948 7234
7234 483
483 3792
3792 3853
3853 843
843 8291
8291 2072
2072 8183
8183 4791
4791 1881
1881 1516
1516 3237
3237 5898
5898 800
800 8706
8706 6093
6093 5325
5325 5205
5205 423
423 2150
2150 5094
5094 7379
7379 9841
9841 3128
3128 3209
3209 4769
4769 2362
2362 3027
3027 3162
3162 996
996 8509
8509 4391
4391 4339
4339 6043
6043 3688
3688 6401
6401 4272
4272 5035
5035 1281
1281 2599
2599 142
142 8757
8757 1697
1697 1468
1468 5228
5228 3876
3876 5878
5878 8051
8051 272
272 3779
3779 151
151 6413
6413 7780
7780 1788
1788 7717
7717 1057
1057 387
387 437
437 885
885 744
744 8027
8027 2074
2074 2571
2571 121
121 3159
3159 533
533 2073
2073 3480
3480 6076
6076 431
431 5788
5788 3674
3674 8132
8132 9677
9677 7638
7638 2049
2049 2220
2220 2552
2552 2596
2596 5396
5396 9149
9149 2770
2770 1449
1449 2872
2872 2118
2118 1687
1687 1600
1600 2088
823 5143
5143 8167
8167 717
717 969
969 5720
5720 2505
2505 7365
7365 57
57 711
711 5353
5353 947
947 1591
1591 2806
2806 4436
4436 2200
2200 2597
2597 1349
1349 2933
2933 1550
1550 3796
3796 7221
7221 8036
8036 380
380 7207
7207 1170
1170 2707
2707 113
113 8522
8522 1380
1380 1474
1474 7091
7091 7885
7885 1734
1734 2823
2823 9472
9472 3227
3227 9174
9174 1280
1280 3149
3149 823
1364 6514
6514 7960
7960 9847
9847 878
878 8195
8195 4026
4026 1022
1022 1515
1515 6690
6690 8490
8490 7300
7300 1427
1427 3710
3710 8209
8209 3470
3470 1563
1563 7742
7742 1995
1995 9745
9745 2558
2558 3717
3717 7876
7876 8122
8122 3553
3553 2113
2113 4673
4673 9965
9965 946
946 2497
2497 1578
1578 2358
2358 970
970 3924
3924 5795
5795 3016
3016 9662
9662 9951
9951 4176
4176 7376
7376 4546
4546 7200
7200 4331
4331 5561
5561 1400
1400 7158
7158 2489
2489 3255
3255 3189
3189 208
208 2839
2839 8189
8189 6274
6274 1263
1263 9471
9471 500
500 9766
9766 823
823 8872
8872 4961
4961 265
265 6033
6033 6570
6570 7302
7302 423
423 7670
7670 7413
7413 5395
5395 885
885 1424
1424 9085
9085 60
60 180
180 1159
1159 1940
1940 677
677 4727
4727 3301
3301 5466
5466 667
667 7299
7299 4390
4390 9175
9175 7741
7741 5674
5674 2586
2586 3176
3176 3948
3948 5840
5840 3575
3575 2023
2023 6736
6736 4955
4955 8399
8399 7439
7439 8635
8635 2504
2504 1234
1234 9787
9787 8874
8874 7874
7874 8894
8894 8234
8234 9236
9236 2473
2473 1309
1309 3202
3202 8099
8099 2517
2517 1972
1972 5187
5187 1351
1351 6483
6483 5930
5930 7100
7100 1485
1485 1087
1087 4521
4521 6906
6906 6585
6585 8040
8040 1688
1688 2088
2088 2262
2262 1991
1991 8433
8433 56
56 64
64 801
801 1364
3330 4912
4912 7275
7275 8728
8728 2505
2505 7672
7672 3333
3333 962
962 5812
5812 7263
7263 282
282 931
931 1512
1512 6400
6400 748
748 1115
1115 1111
1111 3955
3955 6883
6883 2920
2920 1482
1482 2947
2947 2901
2901 3911
3911 5727
5727 2290
2290 4672
4672 5891
5891 2593
2593 2808
2808 8344
8344 5210
5210 3136
3136 4113
4113 415
415 6511
6511 7234
7234 4990
4990 1578
1578 3862
3862 3572
3572 58
58 3021
3021 1717
1717 4222
4222 1475
1475 9536
9536 1618
1618 732
732 1347
1347 578
578 1252
1252 743
743 3330
803 4596
4596 1733
1733 1253
1253 6112
6112 9905
9905 8645
8645 9442
9442 41
41 697
697 762
762 374
374 4509
4509 5855
5855 1310
1310 2469
2469 2949
2949 3480
3480 3972
3972 8457
8457 9129
9129 6634
6634 3283
3283 9358
9358 6272
6272 9
9 7241
7241 3330
3330 140
140 964
964 4670
4670 3012
3012 2389
2389 1824
1824 1359
1359 5628
5628 5912
5912 4188
4188 4513
4513 7829
7829 1241
1241 1865
1865 4106
4106 1364
1364 220
220 9305
9305 1058
1058 937
937 417
417 6361
6361 146
146 450
450 907
907 1109
1109 5950
5950 4959
4959 3026
3026 1506
1506 338
338 4900
4900 797
797 2312
2312 7224
7224 5027
5027 3425
3425 2204
2204 5998
5998 3391
3391 6918
6918 693
693 2536
2536 247
247 2164
2164 1274
1274 2207
2207 9627
9627 1665
1665 689
689 4457
4457 1988
1988 1545
1545 6921
6921 9328
9328 107
107 803
2858 3338
3338 8238
8238 1400
1400 9001
9001 597
597 2717
2717 4357
4357 1985
1985 3100
3100 5608
5608 213
213 2839
2839 9666
9666 1377
1377 9983
9983 3025
3025 3750
3750 1360
1360 3468
3468 200
200 4220
4220 2864
2864 5433
5433 1109
1109 1664
1664 1347
1347 777
777 4124
4124 2815
2815 9364
9364 7844
7844 7355
7355 7222
7222 626
626 2634
2634 2858
372 3761
3761 6300
6300 1594
1594 1471
1471 7183
7183 5012
5012 7905
7905 1684
1684 4766
4766 763
763 374
374 9155
9155 5482
5482 10
10 9547
9547 2842
2842 7241
7241 390
390 7157
7157 4202
4202 8223
8223 101
101 5030
5030 4083
4083 7002
7002 6285
6285 1188
1188 1867
1867 3907
3907 2564
2564 4168
4168 4444
4444 868
868 8936
8936 7991
7991 2765
2765 7718
7718 2673
2673 1721
1721 4302
4302 3264
3264 1690
1690 969
969 4730
4730 3805
3805 5176
5176 5214
5214 5436
5436 947
947 8090
8090 8969
8969 2295
2295 4697
4697 3489
3489 5016
5016 9781
9781 4352
4352 792
792 2493
2493 3998
3998 4900
4900 1848
1848 7798
7798 9067
9067 1104
1104 5191
5191 3994
3994 6224
6224 8726
8726 9165
9165 837
837 3133
3133 9447
9447 7343
7343 8461
8461 5560
5560 732
732 5222
5222 4240
4240 962
962 5742
5742 7627
7627 2858
2858 8189
8189 9639
9639 2170
2170 5994
5994 2024
2024 6156
6156 5529
5529 8332
8332 2946
2946 7578
7578 9564
9564 2741
2741 1948
1948 4824
4824 8826
8826 444
444 3987
3987 5773
5773 6359
6359 346
346 6563
6563 3768
3768 3857
3857 9920
9920 4255
4255 7213
7213 6875
6875 6804
6804 1655
1655 4068
4068 1695
1695 228
228 8120
8120 3488
3488 984
984 5165
5165 1583
1583 4620
4620 2031
2031 835
835 7018
7018 8419
8419 6656
6656 1461
1461 1549
1549 2846
2846 2190
2190 448
448 3343
3343 467
467 8364
8364 2053
2053 1807
1807 3320
3320 9524
9524 5074
5074 4555
4555 3385
3385 2150
2150 5420
5420 8213
8213 4996
4996 1836
1836 3148
3148 3739
3739 4777
4777 2461
2461 7884
7884 2572
2572 8382
8382 2489
2489 8542
8542 9672
9672 402
402 2485
2485 6074
6074 6610
6610 2414
2414 4105
4105 9054
9054 4858
4858 132
132 372
8355 7846
7846 3835
3835 8972
8972 2907
2907 646
646 4049
4049 8743
8743 2126
2126 4526
4526 2630
2630 2359
2359 2255
2255 9574
9574 3541
3541 712
712 6442
6442 3215
3215 7976
7976 3782
3782 963
963 955
955 9050
9050 5747
5747 3349
3349 8120
8120 3062
3062 5607
5607 6790
6790 3490
3490 1547
1547 5238
5238 3567
3567 3816
3816 8842
8842 5355
5355 1023
1023 4387
4387 801
801 3945
3945 150
150 1933
1933 853
853 6021
6021 7125
7125 6815
6815 1785
1785 2336
2336 1054
1054 5177
5177 553
553 9750
9750 127
127 1477
1477 3589
3589 8355
8290 310
310 5543
5543 1674
1674 2753
2753 8430
8430 5893
5893 7283
7283 8572
8572 6186
6186 3268
3268 6843
6843 7568
7568 6012
6012 8343
8343 247
247 7037
7037 9122
9122 5115
5115 9393
9393 3819
3819 4362
4362 2449
2449 9913
9913 3200
3200 1763
1763 7350
7350 4569
4569 9206
9206 4681
4681 955
955 9389
9389 8089
8089 1193
1193 2217
2217 504
504 3610
3610 8355
8355 443
443 253
253 2334
2334 2536
2536 4887
4887 3506
3506 6786
6786 71
71 3547
3547 5327
5327 4704
4704 7982
7982 2016
2016 1114
1114 2312
2312 6793
6793 3591
3591 7919
7919 8517
8517 5842
5842 3497
3497 5661
5661 835
835 4845
4845 4741
4741 3685
3685 2594
2594 4989
4989 3398
3398 2721
2721 909
909 588
588 6741
6741 8432
8432 8758
8758 8368
8368 9458
9458 2767
2767 3761
3761 1487
1487 5277
5277 1632
1632 6975
6975 64
64 6372
6372 8094
8094 5687
5687 6446
6446 2618
2618 32
32 5031
5031 8210
8210 5840
5840 6903
6903 2120
2120 1435
1435 5199
5199 3410
3410 8927
8927 3384
3384 4392
4392 5626
5626 2897
2897 278
278 2437
2437 2686
2686 3243
3243 8687
8687 509
509 9510
9510 5921
5921 8200
8200 227
227 9072
9072 3016
3016 7550
7550 245
245 1412
1412 683
683 7090
7090 7872
7872 7938
7938 2401
2401 584
584 2136
2136 2331
2331 3571
3571 372
372 219
219 8290
19 6641
6641 2973
2973 1529
1529 1906
1906 3365
3365 236
236 1129
1129 7438
7438 9596
9596 219
219 1501
1501 6509
6509 8439
8439 300
300 4623
4623 3048
3048 2155
2155 8923
8923 1766
1766 9956
9956 8392
8392 111
111 4644
4644 9453
9453 898
898 117
117 4771
4771 532
532 4482
4482 3173
3173 1438
1438 6878
6878 1115
1115 7653
7653 7599
7599 343
343 3358
3358 4156
4156 1462
1462 3879
3879 2450
2450 1429
1429 8307
8307 3353
3353 9736
9736 5715
5715 6676
6676 7644
7644 1973
1973 8019
8019 1090
1090 6811
6811 5708
5708 3316
3316 8177
8177 4289
4289 8355
8355 3776
3776 5526
5526 4560
4560 2554
2554 3416
3416 19
40 8181
8181 6632
6632 6529
6529 105
105 4453
4453 2535
2535 5485
5485 9164
9164 9941
9941 547
547 3053
3053 1598
1598 2230
2230 9685
9685 2459
2459 2013
2013 4435
4435 2466
2466 5712
5712 1321
1321 916
916 1164
1164 8756
8756 7044
7044 7488
7488 578
578 6522
6522 8558
8558 588
588 7464
7464 769
769 9783
9783 3914
3914 4616
4616 2431
2431 7756
7756 5737
5737 9128
9128 1586
1586 901
901 6437
6437 7376
7376 5926
5926 9885
9885 945
945 5701
5701 4406
4406 5016
5016 6482
6482 3145
3145 211
211 9352
9352 7399
7399 1633
1633 8170
8170 7209
7209 8705
8705 1922
1922 8555
8555 8286
8286 8230
8230 7139
7139 8051
8051 9635
9635 231
231 3554
3554 974
974 6801
6801 3629
3629 515
515 4364
4364 5176
5176 8006
8006 3244
3244 6845
6845 930
930 5207
5207 1375
1375 2868
2868 9508
9508 1339
1339 2565
2565 3933
3933 7690
7690 689
689 4750
4750 1740
1740 9049
9049 9647
9647 2853
2853 88
88 8085
8085 4356
4356 9257
9257 8963
8963 3837
3837 2340
2340 2611
2611 8578
8578 7292
7292 848
848 2081
2081 1140
1140 4728
4728 8271
8271 1753
1753 1077
1077 883
883 4877
4877 1554
1554 9184
9184 5199
5199 5987
5987 7691
7691 2988
2988 8277
8277 2646
2646 1940
1940 1872
1872 1287
1287 3153
3153 2312
2312 5265
5265 2429
2429 2413
2413 3590
3590 4911
4911 2787
2787 4464
4464 117
117 7377
7377 304
304 3977
3977 725
725 4010
4010 6060
6060 7506
7506 5836
5836 1942
1942 9461
9461 9263
9263 203
203 2540
2540 2370
2370 6829
6829 5198
5198 1932
1932 5184
5184 5659
5659 7634
7634 1411
1411 5222
5222 1217
1217 7252
7252 6042
6042 8554
8554 99
99 3966
3966 7175
7175 1191
1191 4613
4613 8201
8201 778
778 1455
1455 68
68 8055
8055 389
389 3664
3664 1602
1602 1887
1887 40
4485 3284
3284 1391
1391 6372
6372 4041
4041 7976
7976 4015
4015 6511
6511 6565
6565 7451
7451 4500
4500 6404
6404 7203
7203 4010
4010 5948
5948 8834
8834 8545
8545 9534
9534 7498
7498 5464
5464 703
703 124
124 5705
5705 5241
5241 3840
3840 2797
2797 6982
6982 3662
3662 1959
1959 4302
4302 2022
2022 1322
1322 664
664 1171
1171 7807
7807 7795
7795 235
235 7490
7490 3605
3605 5770
5770 605
605 9490
9490 9156
9156 633
633 9011
9011 6152
6152 2742
2742 2792
2792 5277
5277 3032
3032 2731
2731 1679
1679 606
606 5045
5045 525
525 1623
1623 332
332 8992
8992 6162
6162 9795
9795 9812
9812 1443
1443 3300
3300 5826
5826 167
167 5029
5029 4504
4504 3149
3149 7947
7947 8055
8055 9351
9351 466
466 7168
7168 1412
1412 6454
6454 7110
7110 2202
2202 3534
3534 4131
4131 4574
4574 6290
6290 3764
3764 2081
2081 9497
9497 6833
6833 926
926 3649
3649 2588
2588 5619
5619 3891
3891 7912
7912 2261
2261 6691
6691 9802
9802 6589
6589 8452
8452 7883
7883 3142
3142 3414
3414 7879
7879 7756
7756 3465
3465 7217
7217 1323
1323 426
426 4537
4537 1354
1354 1607
1607 4367
4367 1843
1843 4466
4466 1764
1764 4485
5050 9518
9518 5743
5743 3066
3066 749
749 7752
7752 9385
9385 1242
1242 5061
5061 9158
9158 181
181 4902
4902 4485
4485 5600
5600 1406
1406 4084
4084 2199
2199 8287
8287 2041
2041 9031
9031 9105
9105 6557
6557 5087
5087 7275
7275 8403
8403 819
819 1039
1039 5543
5543 895
895 3655
3655 1699
1699 4232
4232 8536
8536 429
429 144
144 4953
4953 5553
5553 950
950 2507
2507 9866
9866 6784
6784 3739
3739 7772
7772 3078
3078 654
654 913
913 621
621 9766
9766 2237
2237 5724
5724 5102
5102 6307
6307 6231
6231 6483
6483 5414
5414 4692
4692 6432
6432 5165
5165 6131
6131 2651
2651 5382
5382 1455
1455 5547
5547 1466
1466 4316
4316 5386
5386 734
734 4452
4452 8382
8382 9756
9756 939
939 7973
7973 9657
9657 2018
2018 11
11 9217
9217 9264
9264 3251
3251 4691
4691 7536
7536 612
612 5801
5801 4173
4173 2404
2404 3073
3073 1635
1635 4792
4792 291
291 1112
1112 5331
5331 4914
4914 6927
6927 3164
3164 8692
8692 40
40 8311
8311 4098
4098 2056
2056 2244
2244 1385
1385 662
662 9380
9380 3168
3168 1550
1550 9865
9865 977
977 1713
1713 2675
2675 4095
4095 4591
4591 7299
7299 9579
9579 666
666 9706
9706 3087
3087 1604
1604 4375
4375 7863
7863 488
488 2931
2931 2303
2303 4645
4645 4863
4863 4834
4834 4848
4848 6230
6230 266
266 2486
2486 8633
8633 115
115 4006
4006 437
437 1952
1952 7673
7673 2821
2821 3579
3579 4766
4766 7455
7455 7270
7270 7398
7398 849
849 5063
5063 5050
4830 7449
7449 6956
6956 5050
5050 4830
4482 6014
6014 1560
1560 6702
6702 5111
5111 737
737 5461
5461 9048
9048 5082
5082 6343
6343 709
709 4866
4866 1426
1426 6139
6139 9932
9932 1209
1209 2476
2476 6616
6616 8200
8200 6041
6041 920
920 1774
1774 5113
5113 4565
4565 8657
8657 2316
2316 2719
2719 6533
6533 1226
1226 321
321 2198
2198 2058
2058 2983
2983 5208
5208 114
114 5173
5173 6723
6723 8859
8859 4106
4106 5002
5002 3450
3450 448
448 8899
8899 8908
8908 5700
5700 4482
8650 8770
8770 1146
1146 5298
5298 1764
1764 7508
7508 6677
6677 7004
7004 9806
9806 9159
9159 2444
2444 8101
8101 8203
8203 2288
2288 8883
8883 8207
8207 4935
4935 4058
4058 1960
1960 2380
2380 9214
9214 9358
9358 3822
3822 6786
6786 5901
5901 6202
6202 6136
6136 1879
1879 2910
2910 9825
9825 386
386 9674
9674 2204
2204 6405
6405 8154
8154 3905
3905 3513
3513 3019
3019 3511
3511 6810
6810 625
625 1386
1386 1726
1726 5177
5177 5758
5758 1471
1471 9992
9992 2206
2206 9196
9196 5018
5018 9703
9703 2757
2757 4138
4138 2980
2980 3429
3429 1751
1751 8492
8492 2075
2075 5598
5598 8450
8450 9711
9711 251
251 4570
4570 786
786 3008
3008 7953
7953 22
22 323
323 8285
8285 6229
6229 1197
1197 5899
5899 437
437 5766
5766 376
376 6683
6683 826
826 3540
3540 1504
1504 3726
3726 4677
4677 8408
8408 5397
5397 9682
9682 190
190 4282
4282 8791
8791 7088
7088 4482
4482 915
915 5573
5573 1896
1896 4446
4446 5373
5373 9966
9966 565
565 2188
2188 9397
9397 8369
8369 9222
9222 9243
9243 2795
2795 3613
3613 2246
2246 92
92 2310
2310 3466
3466 8064
8064 290
290 4690
4690 3796
3796 1720
1720 3826
3826 6957
6957 9472
9472 7018
7018 9513
9513 5008
5008 361
361 867
867 8643
8643 1600
1600 9035
9035 396
396 6849
6849 368
368 2671
2671 2207
2207 9700
9700 8955
8955 6728
6728 6776
6776 3604
3604 5511
5511 4890
4890 4032
4032 1194
1194 9975
9975 4131
4131 8650
1711 9362
9362 9560
9560 1865
1865 2766
2766 1253
1253 5172
5172 2496
2496 2094
2094 2585
2585 1711
3221 5653
5653 2771
2771 1711
1711 5011
5011 1271
1271 6021
6021 7491
7491 3390
3390 5465
5465 5494
5494 4483
4483 329
329 638
638 3312
3312 7441
7441 2167
2167 8755
8755 3655
3655 2706
2706 3991
3991 4563
4563 9643
9643 5682
5682 269
269 7265
7265 522
522 9118
9118 4265
4265 2893
2893 6495
6495 2223
2223 1347
1347 2218
2218 4158
4158 6379
6379 1641
1641 3110
3110 8907
8907 506
506 5775
5775 6789
6789 9888
9888 3911
3911 6704
6704 9784
9784 4611
4611 2446
2446 8101
8101 9314
9314 6253
6253 4501
4501 8837
8837 3599
3599 2384
2384 1116
1116 1954
1954 4348
4348 8378
8378 4516
4516 7947
7947 4685
4685 6442
6442 6711
6711 606
606 7065
7065 3818
3818 1545
1545 4531
4531 2772
2772 2370
2370 4226
4226 9311
9311 4758
4758 4590
4590 7284
7284 3696
3696 6722
6722 9495
9495 8650
8650 1607
1607 9611
9611 1246
1246 4342
4342 9340
9340 2788
2788 331
331 2181
2181 5633
5633 5419
5419 4830
4830 1330
1330 1666
1666 2734
2734 6084
6084 1746
1746 8674
8674 342
342 6696
6696 7574
7574 9394
9394 839
839 4577
4577 5308
5308 6543
6543 8086
8086 2748
2748 3729
3729 5784
5784 2606
2606 315
315 1971
1971 4476
4476 6613
6613 6292
6292 3676
3676 3792
3792 8496
8496 2217
2217 7109
7109 19
19 2109
2109 8290
8290 4402
4402 5143
5143 2724
2724 3498
3498 3957
3957 6096
6096 454
454 3221
3 5301
5301 6910
6910 9601
9601 2005
2005 3363
3363 2671
2671 3998
3998 9914
9914 900
900 1098
1098 8087
8087 7936
7936 8108
8108 5339
5339 1531
1531 8495
8495 372
372 5160
5160 9312
9312 356
356 4771
4771 3525
3525 5549
5549 1823
1823 5654
5654 4053
4053 7095
7095 9546
9546 1217
1217 9319
9319 9966
9966 7747
7747 5621
5621 7984
7984 1422
1422 2628
2628 9565
9565 5925
5925 7634
7634 9293
9293 8503
8503 5145
5145 4592
4592 1532
1532 4387
4387 5306
5306 1506
1506 8861
8861 4631
4631 8361
8361 9
9 7650
7650 3140
3140 6858
6858 9461
9461 7474
7474 697
697 1028
1028 3037
3037 4473
4473 9205
9205 620
620 8151
8151 2585
2585 2947
2947 4394
4394 113
113 8023
8023 6711
6711 7286
7286 3498
3498 5379
5379 1325
1325 4508
4508 1180
1180 9493
9493 1128
1128 2269
2269 3221
3221 2337
2337 4711
4711 1468
1468 2386
2386 6719
6719 7799
7799 3772
3772 7764
7764 3473
3473 4419
4419 4773
4773 246
246 6172
6172 587
587 2465
2465 1185
1185 2989
2989 9896
9896 803
803 1640
1640 3548
3548 3
2604 9143
9143 503
503 3519
3519 3412
3412 3649
3649 3673
3673 5491
5491 8053
8053 8026
8026 457
457 686
686 5716
5716 5701
5701 4742
4742 993
993 3256
3256 1666
1666 9536
9536 9590
9590 2766
2766 6356
6356 7457
7457 7307
7307 1687
1687 4275
4275 4235
4235 621
621 6461
6461 4453
4453 7459
7459 1954
1954 4351
4351 7112
7112 1399
1399 9227
9227 7743
7743 9325
9325 8255
8255 9677
9677 8245
8245 9213
9213 4537
4537 1079
1079 1150
1150 2604
9554 8923
8923 7538
7538 341
341 6578
6578 1569
1569 1928
1928 3254
3254 2300
2300 1891
1891 6809
6809 1098
1098 4975
4975 9022
9022 8097
8097 4560
4560 6032
6032 4997
4997 9493
9493 4931
4931 7134
7134 8844
8844 1337
1337 3194
3194 1150
1150 6779
6779 242
242 6571
6571 4628
4628 1001
1001 6120
6120 4824
4824 3389
3389 2312
2312 6972
6972 9077
9077 348
348 2311
2311 6619
6619 3224
3224 3748
3748 3893
3893 6568
6568 5406
5406 5519
5519 1912
1912 9915
9915 446
446 566
566 1509
1509 1500
1500 4869
4869 5642
5642 2642
2642 1395
1395 589
589 6748
6748 3102
3102 9421
9421 2042
2042 2604
2604 4398
4398 8577
8577 9554
4 7513
7513 1677
1677 5658
5658 821
821 4204
4204 2519
2519 3908
3908 5083
5083 9089
9089 4683
4683 5305
5305 2033
2033 637
637 8723
8723 4254
4254 9566
9566 156
156 7278
7278 32
32 8049
8049 6088
6088 5552
5552 5328
5328 2569
2569 8866
8866 2062
2062 8553
8553 4079
4079 1794
1794 6604
6604 918
918 9994
9994 6377
6377 2541
2541 2701
2701 264
264 5675
5675 238
238 2258
2258 1047
1047 8570
8570 9778
9778 6895
6895 2384
2384 4891
4891 6521
6521 88
88 5163
5163 4902
4902 1984
1984 2483
2483 9573
9573 1943
1943 1866
1866 8373
8373 9975
9975 2432
2432 7373
7373 2461
2461 5998
5998 8157
8157 7269
7269 619
619 3641
3641 6571
6571 9092
9092 2672
2672 383
383 72
72 3130
3130 7063
7063 4357
4357 5894
5894 3479
3479 9016
9016 1327
1327 6798
6798 2798
2798 3873
3873 6731
6731 9447
9447 7605
7605 5064
5064 5360
5360 100
100 3022
3022 7097
7097 4327
4327 8136
8136 2413
2413 4075
4075 2013
2013 6478
6478 3031
3031 3945
3945 1682
1682 7076
7076 3361
3361 7692
7692 1884
1884 2941
2941 1046
1046 4447
4447 3936
3936 413
413 2371
2371 2266
2266 9799
9799 5856
5856 30
30 2911
2911 5330
5330 877
877 6574
6574 384
384 6985
6985 6230
6230 6265
6265 9051
9051 8993
8993 8954
8954 3190
3190 6945
6945 2065
2065 5148
5148 157
157 2393
2393 5113
5113 8883
8883 4349
4349 5218
5218 9622
9622 9546
9546 7655
7655 2958
2958 387
387 7235
7235 3236
3236 3063
3063 6645
6645 5418
5418 8296
8296 507
507 5032
5032 2592
2592 5174
5174 9934
9934 6651
6651 7759
7759 2548
2548 3959
3959 7154
7154 4575
4575 7327
7327 6706
6706 8364
8364 3800
3800 2841
2841 3510
3510 7301
7301 3651
3651 4832
4832 6037
6037 8478
8478 27
27 6488
6488 7241
7241 4113
4113 3786
3786 6672
6672 2345
2345 3892
3892 886
886 2885
2885 9230
9230 208
208 6080
6080 7350
7350 2844
2844 7014
7014 5166
5166 2287
2287 1576
1576 8659
8659 4135
4135 308
308 7572
7572 2719
2719 9751
9751 654
654 5786
5786 6212
6212 1210
1210 2181
2181 7165
7165 1467
1467 7208
7208 1654
1654 7464
7464 3730
3730 4570
4570 2730
2730 3277
3277 3376
3376 6481
6481 1051
1051 442
442 827
827 136
136 175
175 6663
6663 5213
5213 6872
6872 4975
4975 8606
8606 4433
4433 9783
9783 6243
6243 6916
6916 9873
9873 4735
4735 328
328 3418
3418 278
278 9170
9170 4901
4901 1275
1275 807
807 1890
1890 8015
8015 3678
3678 1234
1234 9516
9516 5104
5104 1185
1185 8434
8434 3138
3138 8455
8455 1264
1264 1252
1252 9726
9726 9554
9554 1351
1351 9401
9401 1484
1484 3934
3934 4
1389 3554
3554 5349
5349 4428
4428 9287
9287 6841
6841 6015
6015 9716
9716 580
580 8841
8841 2894
2894 4459
4459 7771
7771 4963
4963 1219
1219 3858
3858 5729
5729 4840
4840 4814
4814 3892
3892 4774
4774 6404
6404 8363
8363 828
828 6576
6576 5807
5807 2512
2512 949
949 2130
2130 3927
3927 6350
6350 9569
9569 1509
1509 4382
4382 2557
2557 6097
6097 1350
1350 2064
2064 430
430 450
450 8267
8267 9926
9926 7469
7469 1473
1473 1389
2837 9753
9753 8128
8128 1718
1718 2954
2954 9283
9283 6067
6067 9174
9174 4793
4793 5828
5828 7600
7600 1102
1102 9919
9919 1701
1701 2871
2871 3954
3954 718
718 6590
6590 3872
3872 5709
5709 7798
7798 8196
8196 711
711 6254
6254 7614
7614 5208
5208 3690
3690 9505
9505 9352
9352 5708
5708 9901
9901 7968
7968 4777
4777 9160
9160 2480
2480 8067
8067 8159
8159 1819
1819 5688
5688 4246
4246 5801
5801 4485
4485 5535
5535 7156
7156 3530
3530 5437
5437 1239
1239 2424
2424 8130
8130 4633
4633 9937
9937 8010
8010 9194
9194 8888
8888 7099
7099 1381
1381 6950
6950 5645
5645 4854
4854 2638
2638 6133
6133 9316
9316 2875
2875 3352
3352 3885
3885 2947
2947 8832
8832 5038
5038 6822
6822 1341
1341 1319
1319 6259
6259 6963
6963 1828
1828 874
874 5023
5023 2665
2665 4653
4653 6372
6372 4783
4783 85
85 852
852 3735
3735 8287
8287 8848
8848 1173
1173 4761
4761 5766
5766 1389
1389 2837
1049 3449
3449 6478
6478 7352
7352 2837
2837 7959
7959 2553
2553 512
512 7396
7396 8202
8202 9472
9472 9336
9336 4935
4935 8700
8700 9801
9801 6006
6006 8028
8028 6326
6326 1875
1875 8819
8819 1942
1942 7766
7766 2451
2451 5986
5986 1683
1683 2717
2717 6201
6201 4348
4348 6462
6462 1471
1471 8070
8070 2700
2700 1729
1729 7197
7197 7848
7848 5378
5378 3388
3388 6700
6700 3862
3862 2591
2591 1521
1521 3405
3405 5119
5119 1966
1966 6351
6351 5327
5327 5533
5533 6982
6982 9391
9391 3761
3761 8910
8910 1243
1243 8384
8384 3224
3224 9419
9419 1253
1253 8918
8918 1764
1764 8358
8358 1449
1449 4087
4087 502
502 1314
1314 5733
5733 3241
3241 6879
6879 1780
1780 2411
2411 7508
7508 4444
4444 9613
9613 7208
7208 2030
2030 7572
7572 3047
3047 2936
2936 5977
5977 753
753 1783
1783 3443
3443 8757
8757 367
367 7963
7963 3880
3880 2661
2661 8476
8476 9182
9182 141
141 6964
6964 2140
2140 8644
8644 5716
5716 2255
2255 5884
5884 1506
1506 7183
7183 7703
7703 7816
7816 2391
2391 8318
8318 2571
2571 2839
2839 861
861 8862
8862 321
321 6236
6236 1720
1720 4082
4082 16
16 1968
1968 6667
6667 4846
4846 4570
4570 9021
9021 9348
9348 1629
1629 8759
8759 3786
3786 4181
4181 4175
4175 1619
1619 5536
5536 7953
7953 5815
5815 1274
1274 8489
8489 9481
9481 6028
6028 6135
6135 5369
5369 1965
1965 8868
8868 371
371 4268
4268 4588
4588 6299
6299 7630
7630 4995
4995 573
573 1049
3515 4392
4392 8508
8508 739
739 6375
6375 4844
4844 6003
6003 7204
7204 5005
5005 2915
2915 3515
2239 8847
8847 1501
1501 539
539 4343
4343 4383
4383 5575
5575 4158
4158 4521
4521 7058
7058 698
698 7612
7612 5483
5483 1034
1034 8940
8940 574
574 8677
8677 4437
4437 4761
4761 7587
7587 887
887 4445
4445 3717
3717 4884
4884 9086
9086 9716
9716 9569
9569 7886
7886 8291
8291 5004
5004 1756
1756 8027
8027 2553
2553 7994
7994 8900
8900 3700
3700 8401
8401 4654
4654 4457
4457 3581
3581 7403
7403 7361
7361 9555
9555 7866
7866 1720
1720 9201
9201 8001
8001 3810
3810 9322
9322 7227
7227 3770
3770 1855
1855 562
562 7138
7138 1960
1960 6428
6428 5688
5688 9723
9723 2273
2273 2352
2352 3850
3850 7224
7224 9274
9274 6130
6130 3949
3949 1093
1093 567
567 4972
4972 949
949 9473
9473 7679
7679 4237
4237 2879
2879 1048
1048 5978
5978 5950
5950 7082
7082 5148
5148 7537
7537 8373
8373 4734
4734 3055
3055 5633
5633 4644
4644 1322
1322 4845
4845 9793
9793 9030
9030 2162
2162 6522
6522 2426
2426 6271
6271 3099
3099 5995
5995 7785
7785 383
383 9335
9335 5032
5032 8058
8058 3179
3179 6681
6681 3985
3985 4866
4866 3613
3613 6287
6287 2230
2230 4022
4022 2054
2054 1500
1500 1731
1731 9791
9791 2466
2466 9675
9675 7238
7238 8269
8269 1991
1991 5036
5036 9148
9148 187
187 1933
1933 9558
9558 2217
2217 9436
9436 5981
5981 3805
3805 6174
6174 3515
3515 608
608 7516
7516 3825
3825 2601
2601 2511
2511 1858
1858 2304
2304 59
59 4172
4172 9249
9249 1755
1755 7910
7910 8372
8372 5699
5699 5709
5709 8214
8214 9608
9608 3263
3263 4986
4986 6457
6457 7331
7331 9552
9552 122
122 4808
4808 3170
3170 766
766 3329
3329 5991
5991 6351
6351 2715
2715 2454
2454 2613
2613 4649
4649 3537
3537 8510
8510 5023
5023 2353
2353 2239
11 5952
5952 7946
7946 8325
8325 8235
8235 1193
1193 9959
9959 8236
8236 6826
6826 8214
8214 6082
6082 7734
7734 470
470 7733
7733 3457
3457 7658
7658 2493
2493 2040
2040 5222
5222 9001
9001 5787
5787 6343
6343 7010
7010 2909
2909 1366
1366 6967
6967 226
226 5291
5291 9575
9575 970
970 4361
4361 7049
7049 2239
2239 3184
3184 5317
5317 3711
3711 7333
7333 827
827 4940
4940 8074
8074 9797
9797 9811
9811 754
754 3709
3709 758
758 8124
8124 7644
7644 8049
8049 1370
1370 1049
1049 6219
6219 5134
5134 6547
6547 1763
1763 5641
5641 51
51 5026
5026 5636
5636 637
637 4957
4957 5598
5598 2500
2500 3556
3556 4044
4044 5388
5388 11
7479 6532
6532 4728
4728 6072
6072 4711
4711 8598
8598 239
239 9055
9055 1021
1021 3059
3059 1707
1707 1844
1844 8348
8348 8199
8199 1700
1700 639
639 2923
2923 8226
8226 5600
5600 4905
4905 621
621 4556
4556 7187
7187 1164
1164 9696
9696 121
121 4686
4686 2059
2059 1117
1117 5714
5714 8972
8972 4050
4050 6280
6280 2776
2776 1721
1721 6421
6421 7075
7075 2591
2591 5986
5986 2614
2614 9563
9563 314
314 1892
1892 4819
4819 4305
4305 2258
2258 8125
8125 7221
7221 6573
6573 81
81 8626
8626 4257
4257 2454
2454 8898
8898 8916
8916 3442
3442 5823
5823 214
214 7857
7857 8808
8808 6531
6531 6958
6958 5385
5385 6020
6020 5622
5622 492
492 2501
2501 9155
9155 4105
4105 2645
2645 2475
2475 4381
4381 7768
7768 5019
5019 9628
9628 4714
4714 546
546 4680
4680 4375
4375 5853
5853 5271
5271 8254
8254 1640
1640 3922
3922 2596
2596 7396
7396 5549
5549 5320
5320 5431
5431 2856
2856 9536
9536 8565
8565 421
421 5151
5151 2467
2467 2117
2117 7257
7257 9376
9376 7104
7104 6301
6301 2424
2424 5359
5359 5757
5757 2411
2411 7064
7064 6031
6031 4042
4042 9273
9273 8474
8474 7845
7845 4204
4204 6452
6452 7744
7744 8573
8573 7441
7441 6299
6299 8518
8518 9937
9937 4928
4928 7479
6880 4394
4394 7930
7930 2277
2277 5689
5689 6288
6288 7316
7316 6166
6166 5386
5386 5172
5172 9497
9497 5329
5329 2650
2650 2536
2536 3106
3106 2019
2019 1256
1256 8352
8352 2311
2311 2829
2829 2710
2710 4635
4635 8673
8673 5379
5379 8078
8078 4915
4915 9501
9501 1455
1455 8182
8182 3734
3734 8967
8967 9055
9055 6622
6622 9254
9254 7183
7183 2527
2527 4172
4172 1690
1690 7308
7308 4027
4027 6396
6396 1810
1810 4206
4206 2393
2393 4647
4647 4314
4314 3366
3366 6283
6283 771
771 6880
4503 3180
3180 5173
5173 8495
8495 3438
3438 3706
3706 8985
8985 5940
5940 8027
8027 7045
7045 1963
1963 6880
6880 6440
6440 6877
6877 1052
1052 7518
7518 6389
6389 2477
2477 7098
7098 1406
1406 9111
9111 3024
3024 1736
1736 8764
8764 2065
2065 9456
9456 505
505 4236
4236 7566
7566 1552
1552 80
80 7372
7372 5045
5045 6735
6735 6574
6574 9171
9171 9248
9248 8025
8025 2195
2195 3909
3909 853
853 4503
7236 3385
3385 9864
9864 8249
8249 5253
5253 9777
9777 3962
3962 3944
3944 1395
1395 3022
3022 2599
2599 5177
5177 6187
6187 4805
4805 6722
6722 6185
6185 9113
9113 453
453 2141
2141 7729
7729 4503
4503 1666
1666 4218
4218 1793
1793 7236
5307 8349
8349 8160
8160 1424
1424 1664
1664 3370
3370 4661
4661 7812
7812 1728
1728 694
694 9445
9445 5888
5888 2455
2455 5007
5007 6523
6523 9019
9019 9082
9082 854
854 6413
6413 9128
9128 7716
7716 2771
2771 8964
8964 1404
1404 6987
6987 6709
6709 2554
2554 9138
9138 3223
3223 8805
8805 6818
6818 990
990 3494
3494 7877
7877 664
664 5112
5112 1046
1046 4379
4379 4436
4436 2855
2855 7751
7751 3282
3282 3808
3808 6758
6758 9412
9412 4266
4266 1856
1856 7693
7693 2472
2472 8158
8158 4819
4819 7236
7236 3641
3641 3270
3270 2332
2332 8247
8247 8140
8140 1219
1219 7138
7138 7905
7905 8130
8130 3446
3446 1368
1368 1525
1525 7019
7019 7479
7479 3629
3629 7606
7606 7420
7420 744
744 1739
1739 6863
6863 7090
7090 6330
6330 6428
6428 5088
5088 3636
3636 5978
5978 9833
9833 642
642 7237
7237 4695
4695 6791
6791 4149
4149 5085
5085 1442
1442 3631
3631 3202
3202 7922
7922 2664
2664 3100
3100 2691
2691 3928
3928 1126
1126 7419
7419 1322
1322 4703
4703 3317
3317 5696
5696 4674
4674 309
309 6473
6473 8117
8117 2848
2848 5307
6213 6317
6317 5932
5932 9580
9580 9454
9454 4465
4465 3833
3833 1534
1534 6928
6928 7274
7274 5644
5644 6213
8103 9345
9345 5245
5245 9483
9483 1747
1747 2969
2969 3100
3100 6967
6967 6808
6808 5491
5491 3989
3989 6277
6277 5264
5264 8448
8448 5163
5163 6479
6479 2479
2479 5905
5905 3284
3284 7358
7358 4927
4927 4929
4929 3762
3762 7955
7955 7574
7574 8099
8099 9932
9932 6345
6345 6137
6137 6150
6150 487
487 3485
3485 8575
8575 5576
5576 9682
9682 7151
7151 180
180 6965
6965 7641
7641 3588
3588 1744
1744 3721
3721 5599
5599 3695
3695 1376
1376 2490
2490 3405
3405 7596
7596 5189
5189 5484
5484 7330
7330 4845
4845 8579
8579 8477
8477 7762
7762 6540
6540 9665
9665 3524
3524 278
278 5488
5488 6191
6191 486
486 5788
5788 2653
2653 2516
2516 1807
1807 8858
8858 4647
4647 8942
8942 1525
1525 5941
5941 4193
4193 4355
4355 8472
8472 508
508 3570
3570 6544
6544 6300
6300 5573
5573 5453
5453 6284
6284 911
911 2745
2745 3281
3281 9958
9958 1543
1543 8396
8396 2885
2885 9150
9150 2654
2654 9186
9186 5850
5850 1448
1448 4523
4523 9955
9955 2027
2027 4806
4806 4655
4655 7425
7425 2923
2923 3824
3824 4878
4878 3778
3778 8189
8189 7905
7905 8798
8798 2746
2746 6275
6275 3256
3256 9796
9796 9689
9689 354
354 5657
5657 8469
8469 6213
6213 850
850 672
672 4141
4141 8032
8032 758
758 5908
5908 2573
2573 4487
4487 1769
1769 3899
3899 6994
6994 5883
5883 5598
5598 9434
9434 1230
1230 1363
1363 7251
7251 665
665 322
322 3367
3367 1811
1811 1631
1631 9712
9712 8127
8127 5868
5868 5999
5999 8668
8668 6562
6562 8796
8796 5785
5785 3293
3293 2531
2531 3499
3499 2369
2369 1117
1117 4317
4317 7724
7724 298
298 8681
8681 4231
4231 3159
3159 8103
8084 7946
7946 6323
6323 4208
4208 3944
3944 6793
6793 2337
2337 8782
8782 1406
1406 8953
8953 9502
9502 3194
3194 4185
4185 436
436 4395
4395 7520
7520 9623
9623 8843
8843 6180
6180 2891
2891 8084
11 6981
6981 8840
8840 6170
6170 3743
3743 8168
8168 5590
5590 3232
3232 1709
1709 3141
3141 1717
1717 5780
5780 5102
5102 9432
9432 949
949 7907
7907 1147
1147 5639
5639 207
207 5772
5772 345
345 8641
8641 6414
6414 346
346 7487
7487 432
432 9252
9252 6648
6648 2782
2782 7733
7733 3270
3270 9280
9280 5361
5361 202
202 2639
2639 2974
2974 1373
1373 5353
5353 9933
9933 8857
8857 162
162 6623
6623 6849
6849 1263
1263 8771
8771 5604
5604 9087
9087 8101
8101 9766
9766 9665
9665 9488
9488 9444
9444 8666
8666 5812
5812 6423
6423 8084
8084 7778
7778 8885
8885 7835
7835 8103
8103 6378
6378 9919
9919 7304
7304 313
313 4539
4539 7829
7829 6996
6996 5048
5048 5307
5307 9718
9718 8058
8058 7039
7039 913
913 8611
8611 3605
3605 9214
9214 3350
3350 2303
2303 6668
6668 2009
2009 5447
5447 11
1540 6852
6852 6519
6519 5480
5480 2699
2699 1439
1439 4170
4170 1162
1162 191
191 9059
9059 8726
8726 7518
7518 3134
3134 3064
3064 1007
1007 7570
7570 1310
1310 8965
8965 2424
2424 6897
6897 4280
4280 9183
9183 4205
4205 2681
2681 2622
2622 160
160 5200
5200 3458
3458 1914
1914 3791
3791 479
479 7699
7699 9720
9720 4129
4129 1086
1086 8776
8776 5430
5430 6668
6668 4112
4112 3865
3865 6046
6046 2753
2753 7396
7396 4882
4882 6820
6820 4568
4568 1540
11 8046
8046 8547
8547 4819
4819 8792
8792 7265
7265 3463
3463 7964
7964 2057
2057 3794
3794 5797
5797 3119
3119 1482
1482 4823
4823 7235
7235 2203
2203 931
931 1257
1257 8727
8727 3312
3312 8880
8880 6361
6361 1189
1189 7456
7456 5633
5633 6962
6962 905
905 1977
1977 462
462 7701
7701 9221
9221 5103
5103 5143
5143 5323
5323 4746
4746 1208
1208 262
262 8815
8815 3644
3644 5472
5472 6517
6517 621
621 5469
5469 4806
4806 6071
6071 6755
6755 6546
6546 531
531 5961
5961 5119
5119 4140
4140 8043
8043 4473
4473 3538
3538 8479
8479 9397
9397 6985
6985 6604
6604 6665
6665 2882
2882 1721
1721 3842
3842 1366
1366 5066
5066 6915
6915 4679
4679 2373
2373 4442
4442 4880
4880 8293
8293 3129
3129 653
653 9632
9632 1540
1540 4203
4203 8707
8707 3321
3321 6811
6811 9031
9031 3879
3879 9154
9154 19
19 8270
8270 9528
9528 1172
1172 6226
6226 4848
4848 6512
6512 2130
2130 8983
8983 936
936 1095
1095 6558
6558 3652
3652 4766
4766 5135
5135 6257
6257 9445
9445 4175
4175 7606
7606 7963
7963 4069
4069 7717
7717 9479
9479 9058
9058 8061
8061 1694
1694 5941
5941 9520
9520 3226
3226 2139
2139 3141
3141 7869
7869 8569
8569 3396
3396 3566
3566 5837
5837 11
1892 8715
8715 6236
6236 9877
9877 9863
9863 978
978 3549
3549 3908
3908 8023
8023 5770
5770 6465
6465 2880
2880 6894
6894 7186
7186 6322
6322 2694
2694 6708
6708 17
17 8583
8583 8522
8522 4426
4426 1892
2533 3464
3464 7064
7064 2731
2731 4981
4981 1939
1939 43
43 4859
4859 5277
5277 5346
5346 3816
3816 7028
7028 7460
7460 776
776 5387
5387 4531
4531 1637
1637 5041
5041 8442
8442 4659
4659 8468
8468 1549
1549 6444
6444 7464
7464 4729
4729 4211
4211 789
789 742
742 9284
9284 6351
6351 9859
9859 5852
5852 7403
7403 7494
7494 9919
9919 7603
7603 6488
6488 3815
3815 6690
6690 7758
7758 7553
7553 2328
2328 4117
4117 9389
9389 1347
1347 9813
9813 9992
9992 8433
8433 6108
6108 9001
9001 9695
9695 4967
4967 5761
5761 6507
6507 3689
3689 2711
2711 6887
6887 3519
3519 4191
4191 24
24 120
120 5825
5825 8842
8842 9765
9765 6379
6379 5638
5638 9015
9015 7684
7684 3164
3164 9846
9846 1573
1573 5117
5117 1897
1897 8740
8740 1433
1433 3598
3598 6241
6241 3020
3020 7651
7651 477
477 375
375 8992
8992 4362
4362 7237
7237 1723
1723 2737
2737 1693
1693 2668
2668 6928
6928 7102
7102 8943
8943 4905
4905 9439
9439 2996
2996 5007
5007 8126
8126 7069
7069 1892
1892 6749
6749 1626
1626 9809
9809 6256
6256 7923
7923 1437
1437 6431
6431 2181
2181 9177
9177 3320
3320 6600
6600 7396
7396 7245
7245 1736
1736 9335
9335 2263
2263 2629
2629 1579
1579 4413
4413 7266
7266 3521
3521 5952
5952 1769
1769 8462
8462 4799
4799 6104
6104 7516
7516 7630
7630 8538
8538 4569
4569 9607
9607 4387
4387 6334
6334 4022
4022 5711
5711 6114
6114 8024
8024 6518
6518 6790
6790 5724
5724 5035
5035 4977
4977 6752
6752 4764
4764 7405
7405 3722
3722 6834
6834 2662
2662 2533
5244 6320
6320 3829
3829 3011
3011 8007
8007 9290
9290 364
364 3120
3120 9785
9785 7326
7326 9158
9158 6437
6437 4551
4551 5543
5543 1293
1293 896
896 4930
4930 6347
6347 9280
9280 6645
6645 3149
3149 6271
6271 6118
6118 5584
5584 8052
8052 6139
6139 7394
7394 3060
3060 7115
7115 6324
6324 4896
4896 4458
4458 4263
4263 8947
8947 5255
5255 4808
4808 6416
6416 843
843 5015
5015 2616
2616 4346
4346 5244
7934 7034
7034 7249
7249 6945
6945 7934
9629 1528
1528 3654
3654 6463
6463 5786
5786 3804
3804 3462
3462 8232
8232 3830
3830 5873
5873 7733
7733 8748
8748 3162
3162 7197
7197 9820
9820 4686
4686 8695
8695 5283
5283 2486
2486 8653
8653 6671
6671 4458
4458 5832
5832 8441
8441 9959
9959 6768
6768 1602
1602 8745
8745 7391
7391 1126
1126 5448
5448 9117
9117 5019
5019 9278
9278 8290
8290 2872
2872 8243
8243 1163
1163 2520
2520 6375
6375 1376
1376 4804
4804 4303
4303 3543
3543 1083
1083 3311
3311 6617
6617 6986
6986 6263
6263 7695
7695 7301
7301 5488
5488 2678
2678 2060
2060 4600
4600 4957
4957 9798
9798 8040
8040 9137
9137 3300
3300 8633
8633 4741
4741 7475
7475 4674
4674 6794
6794 1129
1129 7979
7979 846
846 534
534 3402
3402 9994
9994 9626
9626 9300
9300 7310
7310 521
521 3167
3167 2701
2701 4343
4343 8833
8833 3078
3078 8464
8464 9346
9346 4504
4504 9474
9474 61
61 9629
8316 8221
8221 6428
6428 9707
9707 1033
1033 7340
7340 8688
8688 1664
1664 4903
4903 8303
8303 6558
6558 7718
7718 8596
8596 3938
3938 8475
8475 3491
3491 5177
5177 9853
9853 2663
2663 3809
3809 5171
5171 5086
5086 8280
8280 5665
5665 6517
6517 6675
6675 2043
2043 6086
6086 4159
4159 5992
5992 2019
2019 3253
3253 6750
6750 4834
4834 6725
6725 3067
3067 7360
7360 5036
5036 8316
14 7544
7544 2492
2492 198
198 8829
8829 4004
4004 4009
4009 5656
5656 1818
1818 5155
5155 9175
9175 7879
7879 9162
9162 7156
7156 8316
8316 7091
7091 4879
4879 4904
4904 671
671 3523
3523 5047
5047 8340
8340 7080
7080 6245
6245 8636
8636 3193
3193 1928
1928 4396
4396 8020
8020 6521
6521 7808
7808 1330
1330 9551
9551 7941
7941 7049
7049 7541
7541 2969
2969 5316
5316 7246
7246 329
329 8054
8054 9111
9111 1777
1777 7640
7640 7695
7695 9517
9517 8447
8447 8151
8151 6527
6527 5007
5007 8917
8917 3604
3604 9327
9327 6342
6342 1100
1100 9392
9392 1053
1053 6010
6010 2622
2622 5564
5564 2534
2534 4252
4252 9154
9154 6971
6971 621
621 9289
9289 1434
1434 1882
1882 9310
9310 2503
2503 9455
9455 941
941 9347
9347 909
909 5097
5097 6760
6760 1647
1647 5439
5439 3959
3959 3405
3405 4607
4607 154
154 4913
4913 9712
9712 8387
8387 2120
2120 9404
9404 4708
4708 9291
9291 5015
5015 4665
4665 2985
2985 2732
2732 5444
5444 4477
4477 1520
1520 965
965 8913
8913 96
96 5183
5183 206
206 2929
2929 3510
3510 6618
6618 8653
8653 6786
6786 8318
8318 8344
8344 3296
3296 5474
5474 4570
4570 5112
5112 1165
1165 5039
5039 430
430 9246
9246 7158
7158 2596
2596 8655
8655 2469
2469 2210
2210 6739
6739 8755
8755 8157
8157 9788
9788 3873
3873 4395
4395 1125
1125 3211
3211 4484
4484 2423
2423 1952
1952 5266
5266 1268
1268 1317
1317 8288
8288 6964
6964 5017
5017 4778
4778 1148
1148 3419
3419 6693
6693 7771
7771 9815
9815 4886
4886 8991
8991 4784
4784 3598
3598 9629
9629 1810
1810 7732
7732 2666
2666 4798
4798 287
287 8416
8416 7210
7210 1395
1395 7909
7909 6384
6384 9703
9703 7351
7351 5979
5979 3332
3332 5291
5291 8869
8869 7549
7549 7848
7848 8931
8931 27
27 8724
8724 6295
6295 9465
9465 5434
5434 7562
7562 4797
4797 766
766 8523
8523 8521
8521 7934
7934 3629
3629 9326
9326 262
262 3378
3378 5159
5159 9143
9143 5646
5646 3944
3944 8677
8677 8883
8883 9214
9214 9975
9975 8391
8391 7461
7461 8619
8619 3692
3692 3917
3917 4727
4727 7881
7881 6689
6689 7994
7994 5244
5244 4138
4138 9270
9270 7255
7255 3991
3991 3709
3709 8418
8418 2533
2533 2442
2442 7377
7377 9736
9736 4003
4003 4275
4275 6373
6373 2835
2835 6533
6533 8930
8930 6487
6487 8981
8981 5792
5792 4259
4259 3660
3660 4960
4960 1465
1465 7803
7803 6199
6199 817
817 6661
6661 8324
8324 6184
6184 852
852 9198
9198 4264
4264 2110
2110 3610
3610 9000
9000 5058
5058 4360
4360 8081
8081 8181
8181 5915
5915 2656
2656 14
72 4660
4660 4856
4856 9197
9197 2889
2889 4304
4304 7081
7081 3292
3292 3201
3201 8470
8470 6522
6522 4545
4545 3419
3419 3335
3335 8134
8134 6142
6142 7650
7650 5766
5766 5983
5983 9441
9441 6927
6927 9658
9658 808
808 2313
2313 4620
4620 4150
4150 9134
9134 8022
8022 2901
2901 9547
9547 8612
8612 1319
1319 2804
2804 9275
9275 4823
4823 6380
6380 4528
4528 3964
3964 4386
4386 1622
1622 7857
7857 3872
3872 8765
8765 5525
5525 1214
1214 72
8400 1630
1630 4462
4462 1308
1308 8400
74 8560
8560 8644
8644 8046
8046 6883
6883 7087
7087 6195
6195 7732
7732 8400
8400 6705
6705 9715
9715 2356
2356 4236
4236 3271
3271 5141
5141 1993
1993 280
280 2349
2349 5578
5578 5164
5164 3742
3742 7547
7547 3683
3683 8702
8702 8155
8155 7301
7301 7767
7767 5330
5330 9653
9653 4085
4085 1107
1107 6839
6839 1212
1212 2141
2141 6506
6506 3264
3264 8523
8523 6074
6074 2768
2768 6602
6602 9581
9581 2353
2353 5672
5672 5265
5265 3499
3499 4212
4212 9184
9184 4855
4855 9751
9751 5946
5946 3373
3373 7165
7165 3578
3578 3573
3573 375
375 6436
6436 1804
1804 4553
4553 2471
2471 6293
6293 5889
5889 6402
6402 7884
7884 7266
7266 9547
9547 4727
4727 6850
6850 6874
6874 3598
3598 8786
8786 8347
8347 858
858 8661
8661 515
515 7055
7055 1471
1471 8802
8802 8835
8835 8972
8972 5801
5801 8457
8457 6033
6033 2622
2622 6471
6471 4778
4778 5845
5845 6347
6347 5291
5291 5081
5081 6578
6578 1232
1232 6281
6281 4424
4424 7839
7839 4300
4300 6909
6909 4097
4097 7023
7023 8388
8388 8696
8696 7010
7010 9053
9053 1012
1012 1294
1294 9961
9961 850
850 9313
9313 1092
1092 3843
3843 8974
8974 1886
1886 807
807 3609
3609 9641
9641 8489
8489 6454
6454 5022
5022 4936
4936 9405
9405 2465
2465 2971
2971 759
759 74
4124 6811
6811 7475
7475 7401
7401 9768
9768 6643
6643 5998
5998 4548
4548 7918
7918 1436
1436 9025
9025 1405
1405 2476
2476 7193
7193 8182
8182 3791
3791 2908
2908 4124
4087 6052
6052 6663
6663 9103
9103 7773
7773 3228
3228 8912
8912 2565
2565 6653
6653 9303
9303 8707
8707 8126
8126 6880
6880 6619
6619 9155
9155 7769
7769 5848
5848 4350
4350 7857
7857 9138
9138 3610
3610 5142
5142 5237
5237 8593
8593 2436
2436 7490
7490 1711
1711 9970
9970 7157
7157 6811
6811 8354
8354 1117
1117 6658
6658 330
330 5624
5624 9896
9896 8129
8129 7519
7519 8266
8266 4803
4803 563
563 4991
4991 8542
8542 2807
2807 6660
6660 568
568 1418
1418 3245
3245 662
662 2924
2924 4087
4078 7805
7805 9125
9125 7030
7030 4687
4687 7377
7377 4181
4181 6154
6154 4809
4809 5880
5880 5316
5316 8826
8826 5331
5331 1646
1646 5613
5613 6596
6596 2936
2936 9106
9106 4087
4087 8401
8401 6623
6623 4822
4822 5729
5729 9997
9997 6804
6804 9476
9476 4955
4955 9963
9963 4768
4768 3459
3459 4490
4490 395
395 8185
8185 9395
9395 7740
7740 6967
6967 5675
5675 4771
4771 8132
8132 4831
4831 3672
3672 9922
9922 7670
7670 6349
6349 3184
3184 6029
6029 8820
8820 7771
7771 9517
9517 9624
9624 1469
1469 3585
3585 1716
1716 7478
7478 9379
9379 8262
8262 9685
9685 4288
4288 6802
6802 2876
2876 8581
8581 5533
5533 7892
7892 2846
2846 4559
4559 8309
8309 2681
2681 7294
7294 3608
3608 9726
9726 7493
7493 9302
9302 6690
6690 8190
8190 7289
7289 5773
5773 6375
6375 3694
3694 8710
8710 6722
6722 5948
5948 9507
9507 3595
3595 1807
1807 7053
7053 7987
7987 9933
9933 7979
7979 4777
4777 8139
8139 1538
1538 2097
2097 5425
5425 9799
9799 4124
4124 6201
6201 6780
6780 2933
2933 8718
8718 8747
8747 4419
4419 6091
6091 6305
6305 3429
3429 9519
9519 7622
7622 6840
6840 2798
2798 8224
8224 8641
8641 793
793 9189
9189 7833
7833 8715
8715 3618
3618 1278
1278 5821
5821 3073
3073 9602
9602 7410
7410 7614
7614 6528
6528 7634
7634 7974
7974 3479
3479 8756
8756 5264
5264 6600
6600 3637
3637 6691
6691 7548
7548 9279
9279 4296
4296 8005
8005 6693
6693 3999
3999 4121
4121 6120
6120 8988
8988 2667
2667 2689
2689 8348
8348 2031
2031 7407
7407 4284
4284 490
490 6882
6882 8837
8837 9690
9690 1751
1751 4194
4194 4074
4074 3452
3452 3969
3969 8680
8680 4360
4360 9749
9749 6982
6982 7064
7064 3927
3927 9852
9852 7058
7058 7898
7898 9794
9794 280
280 5772
5772 4078
3482 8396
8396 3549
3549 5939
5939 8277
8277 9155
9155 6765
6765 4739
4739 5433
5433 3255
3255 9791
9791 6529
6529 8120
8120 8570
8570 5930
5930 7801
7801 3584
3584 1247
1247 7126
7126 5432
5432 9163
9163 7236
7236 6402
6402 7550
7550 5505
5505 3426
3426 163
163 7106
7106 3598
3598 7869
7869 6957
6957 5983
5983 9958
9958 4552
4552 5092
5092 2804
2804 6655
6655 3152
3152 5429
5429 2483
2483 3143
3143 8427
8427 7446
7446 6600
6600 6827
6827 5370
5370 9705
9705 5322
5322 3982
3982 5510
5510 3876
3876 7482
7482 5869
5869 265
265 8814
8814 4005
4005 6400
6400 5293
5293 8987
8987 736
736 1299
1299 7463
7463 9726
9726 6809
6809 4019
4019 9745
9745 8348
8348 5051
5051 5227
5227 5572
5572 3367
3367 4508
4508 4074
4074 4407
4407 3482
4376 6223
6223 382
382 9338
9338 7557
7557 2082
2082 9728
9728 4804
4804 2515
2515 9027
9027 6896
6896 7037
7037 9551
9551 7466
7466 9994
9994 4870
4870 8376
8376 8967
8967 8709
8709 4878
4878 4200
4200 5992
5992 4693
4693 3612
3612 9196
9196 4778
4778 7880
7880 3012
3012 5473
5473 3146
3146 9094
9094 7534
7534 2483
2483 8683
8683 598
598 2142
2142 5478
5478 1972
1972 8180
8180 3729
3729 4036
4036 6886
6886 6879
6879 6537
6537 5839
5839 5986
5986 7329
7329 5677
5677 8241
8241 5733
5733 7501
7501 8833
8833 7106
7106 2376
2376 6779
6779 9042
9042 6928
6928 8756
8756 9316
9316 8338
8338 9233
9233 7524
7524 3482
3482 9675
9675 3839
3839 4613
4613 8357
8357 5601
5601 1928
1928 8341
8341 3365
3365 6509
6509 3540
3540 5374
5374 4286
4286 9792
9792 6872
6872 6514
6514 7706
7706 8362
8362 4604
4604 3797
3797 8038
8038 344
344 1013
1013 1624
1624 5301
5301 3609
3609 5332
5332 1251
1251 2247
2247 2366
2366 9620
9620 4031
4031 7373
7373 4354
4354 7893
7893 1322
1322 8965
8965 6156
6156 9334
9334 7649
7649 9573
9573 7783
7783 3928
3928 6516
6516 8583
8583 1933
1933 780
780 2286
2286 6146
6146 3817
3817 7837
7837 5622
5622 7967
7967 8665
8665 1108
1108 7026
7026 6413
6413 6412
6412 5056
5056 5309
5309 6357
6357 5950
5950 7205
7205 7853
7853 1287
1287 9367
9367 2352
2352 6852
6852 5827
5827 4859
4859 8680
8680 7273
7273 5230
5230 8802
8802 7915
7915 2634
2634 1398
1398 3163
3163 2251
2251 7159
7159 4843
4843 8218
8218 3867
3867 6949
6949 2554
2554 8264
8264 7202
7202 6395
6395 1334
1334 7467
7467 4829
4829 5947
5947 2448
2448 6771
6771 6421
6421 6511
6511 5428
5428 1150
1150 5945
5945 9799
9799 6503
6503 570
570 3472
3472 1007
1007 6298
6298 6198
6198 6640
6640 6737
6737 9809
9809 6965
6965 7711
7711 5157
5157 5929
5929 4376
8546 5349
5349 5859
5859 7138
7138 4871
4871 1979
1979 9399
9399 6079
6079 5269
5269 9773
9773 7930
7930 5706
5706 8804
8804 5228
5228 9071
9071 2857
2857 9693
9693 5423
5423 8708
8708 4376
4376 8430
8430 5388
5388 6066
6066 1352
1352 9200
9200 2938
2938 9762
9762 8974
8974 4078
4078 8546
92 5920
5920 671
671 9977
9977 8238
8238 8003
8003 8092
8092 1465
1465 7612
7612 1657
1657 6040
6040 9718
9718 9719
9719 4416
4416 4673
4673 9866
9866 9277
9277 8342
8342 938
938 3754
3754 7995
7995 1768
1768 9903
9903 553
553 7313
7313 9381
9381 3905
3905 8496
8496 8805
8805 4240
4240 7372
7372 1040
1040 9714
9714 3013
3013 9043
9043 3673
3673 4488
4488 7558
7558 4933
4933 9793
9793 6375
6375 6536
6536 8964
8964 4559
4559 6858
6858 5726
5726 1826
1826 5009
5009 5411
5411 7551
7551 1185
1185 7545
7545 6478
6478 6201
6201 8508
8508 9164
9164 7432
7432 1165
1165 5760
5760 8924
8924 6337
6337 7246
7246 7582
7582 8042
8042 7757
7757 3843
3843 6283
6283 5508
5508 9044
9044 5593
5593 4918
4918 8540
8540 6373
6373 9456
9456 3594
3594 7910
7910 5589
5589 5041
5041 7631
7631 2762
2762 4585
4585 6227
6227 3165
3165 3277
3277 9425
9425 4413
4413 7408
7408 874
874 8267
8267 867
867 5909
5909 8546
8546 1229
1229 4945
4945 957
957 6817
6817 6284
6284 7701
7701 8614
8614 5535
5535 6436
6436 8917
8917 9805
9805 5640
5640 92
322 9990
9990 2769
2769 1225
1225 4788
4788 7127
7127 3558
3558 322
1537 3501
3501 1681
1681 1537
780 6460
6460 2358
2358 8881
8881 4626
4626 2537
2537 8246
8246 2615
2615 5220
5220 9557
9557 1537
1537 8682
8682 8746
8746 5537
5537 780
1120 7068
7068 4290
4290 2187
2187 2605
2605 1120
1138 9804
9804 5089
5089 9655
9655 4830
4830 7863
7863 9437
9437 3459
3459 9553
9553 3183
3183 4196
4196 8578
8578 4111
4111 9062
9062 3391
3391 6939
6939 7995
7995 7444
7444 9403
9403 6392
6392 4920
4920 9831
9831 9150
9150 9246
9246 4944
4944 1390
1390 7652
7652 7064
7064 8856
8856 3546
3546 5107
5107 4921
4921 5301
5301 7692
7692 7373
7373 7838
7838 8430
8430 6117
6117 1301
1301 3204
3204 4738
4738 8862
8862 6249
6249 1138
5671 7533
7533 6538
6538 5671

