10000 5000
7909 1395
2466 9791
5145 8503
7100 1485
2519 4204
753 1783
6897 4280
2746 8798
3183 9553
977 1713
7845 4204
5050 9518
4477 1520
1734 2823
9657 2018
2472 8158
9682 7151
1600 8643
6820 4568
3506 4887
7537 5148
8659 1576
7772 3739
850 9313
8128 9753
4482 7088
1664 1424
5839 6537
9030 2162
5480 2699
1682 7076
4246 5801
6737 6640
9865 977
6263 6986
2841 3800
946 2497
8917 9805
1033 7340
7934 3629
8195 371
6957 5983
5952 11
1275 807
7837 3817
1364 6514
6641 2973
6281 4424
7964 2057
206 2929
1234 9787
1028 3037
5575 4383
9756 939
8234 9236
2024 6156
1351 9554
2475 2645
1764 7508
1287 3153
5619 2588
780 5537
3717 2558
5560 732
1191 4613
5200 160
3391 6939
3945 3031
3292 7081
8132 4771
2949 3480
3429 6305
7928 3665
7365 2505
6322 2694
6618 3510
5183 206
9445 6257
2461 5998
4771 117
7651 3020
6379 9765
2000 1853
1723 7237
4168 2564
7953 5536
2349 280
5439 3959
3081 6093
1377 9983
6043 4339
2642 5642
7444 7995
5092 2804
7283 8572
6521 8020
8195 989
2033 5305
8067 8159
7019 7479
8972 3835
4124 777
9573 2483
4607 3405
5041 5589
2536 2334
8430 6117
1266 5927
962 4240
2985 2732
7907 949
9280 5361
1360 3468
5134 6547
4563 3991
156 9566
6801 974
7063 4357
6033 8457
6728 8955
8232 3462
8168 3743
1977 905
741 9559
9118 4265
6452 7744
1657 6040
2469 2949
5729 3858
2420 2535
7045 1963
4750 689
1422 7984
4703 3317
5880 5316
5978 3636
965 8913
4859 43
1839 5239
6326 1875
9784 6704
3060 1417
1721 2776
4635 8673
1139 1337
2808 2593
3810 8001
9183 4205
3949 6130
3610 9000
9536 1475
2345 3892
8262 9379
4773 4419
9334 7649
3936 4447
7703 7816
6815 7125
8455 1264
8653 6618
838 4741
2772 4531
6965 9809
1398 2634
8182 3734
597 9001
8362 4604
1720 4082
7747 9966
3862 3572
315 2606
1858 2511
5598 8450
8633 115
5766 1389
2717 1683
5241 5705
7441 2167
5758 5177
8027 5940
732 1618
5244 4138
8496 2217
1350 6097
298 8681
4623 300
1818 5155
4761 1173
5271 5853
2358 1578
5002 3450
6681 3179
8214 6826
2558 9745
3908 8023
5983 5766
4075 2013
3605 5770
8078 4915
573 1049
8382 9756
4552 5092
4202 7157
2424 6897
8723 637
8325 7946
5331 4914
1716 3585
8036 380
8290 9278
5893 7283
7551 5411
3497 5661
3452 3969
482 2341
1679 606
4831 8132
2009 6668
978 9863
3994 5191
2645 4105
3226 9520
3376 3277
1294 9961
4735 328
239 8598
6655 3152
858 8347
7203 6404
5533 7892
800 5898
247 2164
3879 2450
8058 7039
839 9394
395 8185
4806 5469
4799 8462
1966 5119
4220 2864
7377 117
7488 7044
578 7488
8829 4004
2239 3184
5950 5978
534 3402
9011 6152
7650 5766
6982 7064
4413 1579
4006 437
1664 1347
1347 9813
328 3418
7606 3629
5388 6066
9665 9766
4955 8399
2837 1389
7670 9922
4791 8183
6384 7909
5821 3073
3162 3027
8180 3729
7672 2505
9623 8843
8969 8090
6949 3867
5604 9087
563 4991
6413 854
6347 4930
6198 6298
2685 5182
1165 7432
1467 7208
4317 7724
2140 6964
7460 7028
9932 1209
5291 8869
1185 8434
1474 6093
1586 901
6186 3268
3515 6174
8477 7762
1471 5758
1620 5100
8715 3618
9389 1347
3373 5946
6437 9158
5716 8644
265 8814
7771 4459
6878 1438
6265 9051
6578 5081
4078 7805
7732 2666
8782 1406
142 8757
4124 9799
1252 9726
3595 1807
8657 4565
2476 6616
9558 1933
6345 9932
5182 1839
5915 2656
7994 5244
6982 2797
6307 5102
4869 1500
9442 8645
7058 698
8293 4880
5491 6808
5766 4761
1473 7469
949 2130
1368 1525
5547 1455
5998 8157
4985 8225
5711 6114
5220 2615
5770 6465
8598 4711
3567 5238
7570 1007
4761 4437
1607 8650
578 6522
4927 7358
4435 2466
9956 1766
5151 421
3419 6693
213 2839
4265 2893
7766 1942
621 6461
667 915
4996 1836
620 9205
4665 2985
156 3099
1540 6852
5064 7605
9955 4523
9641 3609
7331 6457
1684 4766
7549 7848
5561 4331
2844 7350
7419 1322
6247 6241
8757 1697
5174 9934
7879 3414
2130 3927
3067 6725
157 5148
4570 5474
8448 5264
2493 7658
9905 6112
4704 1798
7273 8680
1323 7217
4559 8964
8236 9959
6156 9334
4458 4896
7269 8157
9919 1701
2737 1723
9385 1242
3277 3165
6379 4158
6401 3688
2596 5396
9275 2804
6290 4574
5589 7910
4173 2404
8792 7265
1347 2218
121 4686
6511 6421
1856 7693
5378 7848
8927 3410
6139 9932
8340 5047
7127 4788
6442 4685
113 4394
4084 1406
1465 4960
3209 3128
7630 7516
2948 2535
8182 3791
5004 1756
9941 547
4674 309
2707 113
4240 7372
9536 1666
8593 2436
4714 9628
4797 766
2049 2220
1740 9049
6351 2715
4424 7839
3876 7482
8492 1751
7138 7905
6691 2261
3134 7518
4342 1246
2303 2931
107 9328
3414 3142
1388 1548
5727 3911
797 2312
6972 9077
2885 9150
6529 105
9425 4413
4268 371
8358 1764
1646 5613
6271 6118
7463 1299
9785 3120
3367 1811
2691 3928
2384 6895
6527 8151
2958 7655
3494 990
6522 4545
4352 792
2700 8070
9326 3629
769 9783
3016 5795
9027 2515
9736 5715
9852 7058
354 9689
8432 8758
7080 8340
621 4556
6811 5708
6074 6610
5654 1823
208 6080
490 774
4935 4058
6191 486
2857 9693
1995 7742
3540 826
6236 8715
1471 7183
9965 946
1322 4845
5950 7082
1777 7640
3458 5200
8418 3709
3245 662
6254 7614
1193 8235
5812 8666
253 443
6822 5038
2572 8382
4406 5016
1665 9627
9685 4288
1540 9632
644 2664
2199 4084
1208 262
7886 8291
6558 3652
7394 6139
8303 4903
3459 4768
5983 9958
6243 6916
3200 9913
7069 8126
9574 2255
7562 4797
6137 6345
9726 7493
4686 8695
4078 8546
3797 8038
6875 7213
1896 4446
5113 8883
7976 3215
2731 3032
8991 4886
2681 2622
4095 4591
490 6882
2515 4804
2286 780
4531 5387
3130 7063
8049 1370
750 807
6863 1739
5245 9345
9051 8993
11 5837
9812 1443
2594 4989
5773 3987
9174 6067
3873 2798
9726 6809
8650 8770
3998 4900
9926 8267
7936 8087
9111 8054
5772 207
5952 3521
6915 5066
1640 803
509 9510
9517 7695
262 8815
6372 64
5177 2599
3905 9381
6529 8120
8540 6373
8972 5801
5081 5291
2164 1274
7898 9794
2060 4600
1769 3899
4764 6752
3515 4392
6887 3519
3547 5327
3149 7947
4963 1219
2082 9728
6256 9809
1664 1109
6958 5385
6437 7376
4296 9279
1928 1569
3032 609
6230 6265
7236 9163
1959 4302
7979 4777
1836 3148
6811 8354
1171 664
9751 4855
453 2141
3750 1360
8746 8682
1247 3584
4032 1194
2454 4257
1150 2604
4458 6671
5525 1214
4690 3796
3957 6096
505 4236
3189 3255
4677 8408
8070 1471
9975 8373
7205 7853
5056 3745
8226 2923
7536 4691
3511 6810
1400 7158
3012 7880
4026 8195
3805 5981
2788 9340
1327 9016
1952 2423
1952 437
5238 1547
4670 3012
6834 3722
2596 3922
8841 580
1810 6396
9198 4264
3480 6076
9445 694
8338 9233
9715 6705
4730 969
3945 1682
8384 1243
5063 5050
3152 5429
7300 8490
8052 6139
2656 14
4777 7968
1482 4823
298 7022
7630 4995
4036 6886
6964 8288
3879 1462
9177 2181
926 6833
3228 7773
1600 2088
120 24
9201 1720
3282 3808
1807 3320
9059 8726
3367 5572
9316 2875
5950 7205
7839 4300
807 5047
1400 5561
5016 9781
531 6546
430 2064
8740 1897
4074 4508
8802 7915
1104 9067
2516 1807
437 387
5277 3032
2217 7109
2496 2094
6964 141
5658 1677
6590 3872
7706 8362
3964 4528
1972 8180
3426 163
3264 4302
5189 5484
1049 6219
3762 4929
1709 3232
5845 4778
1098 900
3651 4832
2094 2585
3604 5511
4504 9474
8089 9389
5747 9050
2120 9404
5155 9175
1100 6342
6749 1892
4304 2889
9156 633
8570 8120
6455 4828
2312 5265
8238 3338
2933 6780
2678 2060
2536 2650
6229 8285
9140 8515
1501 219
9700 2207
8707 4203
5163 88
2432 7373
8269 1991
122 4808
7905 8130
6487 8930
771 6880
2840 415
8230 7139
1165 5760
371 8868
3365 236
7316 6166
9783 4433
5370 9705
9913 2449
2266 2371
7139 8051
4465 9454
1943 1866
9214 3350
5638 6379
7759 2548
2605 2187
8913 96
6185 9113
1794 4079
6076 431
3804 5786
3928 1126
3119 1482
1077 883
6894 7186
6722 3696
4387 1532
2741 9564
258 2133
4915 9501
5411 5009
9557 5220
8756 6928
9105 9031
7265 3463
8309 2681
1607 1354
113 8023
4727 7881
2920 6883
3396 8569
4711 6072
9155 5482
7410 7614
3202 7922
7740 6967
749 7752
1865 4106
9831 4920
9129 6634
7778 8885
8898 8916
8241 5677
3605 9214
2615 8246
2303 6668
9227 1399
9596 219
1180 9493
6883 8046
3465 7756
1013 1624
7372 1040
2599 142
7953 3008
5355 1023
5447 2009
766 3329
2311 2829
4804 4303
146 6361
6771 6421
1351 5187
1569 6578
1699 3655
5770 605
7557 2082
1424 9085
3826 6957
8626 81
5050 4830
5787 9001
8743 4049
1046 4379
6414 8641
297 6247
6886 6879
5222 4240
6428 9707
5874 3937
4205 2681
6343 709
5135 4766
200 4220
8681 4231
146 1247
5330 2911
9230 208
2204 6405
6349 7670
6683 376
4739 6765
667 1713
9352 211
4959 5950
117 4464
683 7090
1892 4426
763 374
5379 1325
3800 8364
4149 6791
88 8085
6794 1129
737 5461
1048 2879
2500 5598
1578 3862
2269 3221
5633 5419
2988 8277
1954 1116
1391 6372
662 9380
5853 4375
2493 2040
8201 4613
8987 5293
4140 5119
7403 7494
1188 6285
322 3367
9575 5291
2251 3163
9547 8612
8523 6074
1623 332
7857 9138
3087 9706
7329 5986
3358 343
1763 3200
3598 9629
1707 1844
3510 7301
4050 8972
9221 7701
1764 4485
7634 5925
9312 356
9189 7833
6708 17
4644 1322
6457 4986
7396 512
4117 9389
7801 5930
5901 6202
7286 3498
3955 6883
7606 2685
467 3343
565 2188
3689 2711
8687 509
443 8355
1733 4596
7168 1412
9300 7310
1826 5726
1504 3726
6786 71
4819 4305
2923 3824
1482 2920
6927 3164
5772 4078
2057 3794
9481 8489
5094 2150
1214 72
1823 5549
2426 6522
5701 5716
918 9994
8808 6531
907 450
8668 5999
4259 5792
3223 9138
6793 3591
2167 8755
2554 6949
6950 5645
3815 6690
7350 4569
6400 748
4254 8723
190 9682
5883 5598
2359 2630
3436 1796
3796 1550
2569 5328
7612 1657
1855 3770
3164 8692
2520 6375
8707 3321
1116 2384
9184 4212
7833 8715
9243 9222
8097 4560
6574 877
1554 9184
7446 8427
7482 5869
1988 4457
9362 9560
1140 2081
4400 9140
1528 3654
4286 9792
5115 9122
1471 7055
9277 9866
1150 5428
7438 9596
2442 2533
3876 5878
2195 8025
4387 5306
941 9347
4693 5992
1529 1906
5505 3426
236 1129
6784 9866
8554 99
5639 1147
9620 4031
5709 3872
7910 8372
4997 9493
606 6711
85 852
8553 2062
5277 5346
27 8724
1115 1111
2770 1449
2136 2331
5301 3609
8542 9672
6880 8126
5039 1165
9806 9159
3830 8232
1117 2059
8868 1965
6488 3815
7200 4546
115 4006
7848 8931
9479 7717
4112 3865
4771 532
8709 8967
5483 1034
1881 4791
9643 4563
3427 500
1263 6849
5601 1928
1395 589
1417 8484
7292 8578
1058 9305
4769 3209
7533 5671
2483 1984
8581 5533
5191 1104
108 3427
2253 5615
5621 7747
9319 1217
5590 8168
712 3541
9707 1033
3991 3709
567 1093
3588 7641
2667 8988
6619 2311
1465 7612
3100 5608
1448 1781
6060 4010
8140 8247
609 9613
3739 4777
1007 3472
9085 60
3388 5378
2880 6894
9313 1092
3556 7177
7377 4181
7081 4304
4691 3251
8883 1400
8101 9766
3180 4503
6543 5308
6811 9031
4113 3136
4159 5992
7241 2842
4170 1162
2585 1711
8450 9711
4613 3839
4019 9745
4365 7938
2673 7718
9389 955
6463 5786
621 9289
7795 7807
6570 6033
140 964
3168 1550
3136 5210
8489 6454
8190 7289
4912 3330
3215 6442
3629 7479
8357 5601
1928 8341
4302 1721
4375 4680
8038 344
9149 2770
7304 9919
850 6213
4501 6253
2448 6771
6412 5056
1532 1817
3330 743
5599 3721
64 56
1736 7245
621 913
8243 1163
1960 7138
9158 7326
8661 858
7718 8596
7475 4674
9502 3194
2130 8983
9766 500
6249 8862
5222 1411
6436 8917
8771 5604
6152 2742
4834 2992
6986 6617
8583 8522
341 6578
2933 1349
9766 621
2056 2244
8382 4452
9915 1912
827 442
8862 861
4859 5277
2835 6533
5265 5672
7844 9364
2424 8130
1146 5298
5941 1525
278 5488
228 1695
5074 9524
9718 9719
2606 5784
1632 6975
2206 9196
9461 7474
1720 3826
3021 1717
3554 231
322 3558
8396 2885
3989 5491
9629 1810
6444 7464
7157 6811
4516 1746
3948 5840
9607 4387
5308 4577
807 1886
3589 1477
4569 9607
2423 4484
777 1347
7640 7695
3335 8134
8352 1256
4845 8579
3908 2519
6602 9581
878 8195
6259 6963
1973 7644
7976 4015
9705 5322
6665 6604
3255 2489
5608 213
2466 5712
5977 753
9154 3879
1448 5850
3301 5466
4778 5017
9977 8238
4022 2230
7372 5045
9958 1543
6465 2880
1109 907
8705 1922
2672 9092
9833 5978
8728 7275
4383 4343
1337 5874
1618 9536
2065 8764
71 3547
9794 280
4503 853
2907 8972
4280 9183
4940 827
525 1623
7039 913
9310 2503
1641 6379
589 6748
9264 9217
6471 4778
4620 2313
1242 5061
6533 1226
9031 2041
4526 2126
6356 7457
272 3779
6378 9919
8160 8349
2451 7766
7679 9473
5828 4793
5788 3674
5148 2065
9559 8963
7090 6863
22 7953
853 3909
2202 3534
8710 6722
6495 2223
6895 9778
2218 4158
4131 9975
6080 7350
8399 7439
2766 1253
6600 6827
6717 5197
2954 1718
7413 5395
5112 664
6461 4453
6839 1107
7289 5773
3641 7236
1506 3026
9745 8348
9766 823
9937 8518
1573 9846
3330 140
7104 9376
6361 1189
9273 8474
2489 8542
6758 9412
9922 3672
7204 5005
1455 68
2552 2596
4681 9206
5428 6511
346 7487
5360 5064
6571 3641
487 6150
7857 8808
7004 6677
7816 2391
9054 4858
1263 8771
7534 9094
3489 4697
5939 3549
5994 2024
6574 384
8726 6224
8578 4111
835 7018
5986 2614
9461 6858
4487 1769
9918 4330
6610 2414
7064 6031
7126 1247
5688 9723
3194 1150
5688 4246
7257 2117
9254 6622
5329 9497
5176 3805
3672 4831
6395 1334
8354 1117
1449 8358
7691 2988
3998 2493
689 1665
4556 7187
74 759
3575 2023
9564 7578
3709 754
4097 7023
88 6521
5659 5184
1129 7979
310 8290
1891 2300
2537 4626
5047 82
9914 3998
3629 515
3353 9736
2768 6602
7459 1954
6337 7246
4005 6400
1715 330
1253 1733
6852 5827
7869 3141
7237 4362
4659 8442
2391 8318
3540 5374
6736 4955
828 8363
8682 1537
1624 5301
7425 4655
1807 3436
5543 1039
9236 2473
7207 1170
6288 7316
4944 1390
6446 5687
8510 3537
4856 4660
8032 4141
9736 7377
3598 1433
8401 4654
6706 8364
3146 5473
2332 3270
7946 5952
2766 6356
3333 7672
6010 1053
545 3540
9507 3595
1789 8481
7650 9
9016 3479
3545 7154
3779 151
4330 5623
308 4135
7456 5633
4222 1717
6804 6875
5908 2573
7716 9128
9959 8441
5671 6538
7758 7553
1257 8727
1310 7570
1299 736
3031 6478
4574 4131
4742 5701
442 1051
1713 2675
1049 3449
2492 198
8677 8883
4766 7455
7333 3711
6440 6877
2534 5564
5361 202
9335 5032
1731 9791
6538 7533
9920 3857
1695 4068
2247 2366
6596 2936
1537 1681
2531 3293
1746 1266
6428 5688
9340 4342
5689 6288
5873 3830
9510 5921
9718 8058
7241 3330
4834 4848
8235 8325
6021 853
1466 5547
5291 226
2742 2792
2181 6431
5709 7798
7138 4871
3786 4181
7717 1057
4362 3819
2312 1114
1563 3470
187 9148
5930 7100
562 1855
7138 562
9162 7156
5322 3982
8218 4843
6896 9027
3554 5349
7238 8269
6257 5135
4560 6032
9175 7741
321 6236
9674 2204
1219 8140
124 703
4079 8553
477 7651
4381 2475
4348 6462
3792 8496
626 7222
3927 9852
4490 395
9001 9695
9524 3320
4904 4879
5947 2448
8955 9700
1189 7456
2753 8430
4553 1804
8489 9641
8758 8368
3819 9393
5724 5035
9196 3612
5026 5636
1774 5113
7490 3605
664 7877
375 3573
1278 5821
1560 6702
7396 4882
5472 6517
3498 5379
7439 8635
2891 8084
3464 2533
9143 5159
7918 1436
807 1890
8213 4996
4778 9196
9547 4727
9347 909
5850 9186
9160 2480
6748 3102
9186 2654
5008 9513
8470 3201
7968 9901
1879 2910
5623 4834
5478 1972
226 6967
2031 4620
1314 5733
2611 8578
9703 6384
6201 2717
9456 505
1598 2230
5687 8094
823 662
3283 9358
9257 8963
808 9658
1120 2605
8139 4777
6604 1794
5177 1054
4302 2022
4685 7947
1185 7551
3824 4878
8834 5948
8835 8802
2622 6471
8542 2807
2719 7572
697 41
4485 3284
3332 5291
5508 9044
792 2493
2593 5891
6565 6511
2486 8653
4545 3419
6342 9327
2352 6852
421 8565
3193 8636
6481 3376
8967 9055
1897 5117
14 7544
1468 4711
8081 8181
1739 744
5015 843
7255 9270
3473 7764
5228 3876
3696 7284
6927 9441
6676 7644
4727 3301
5674 2586
6668 5430
754 9811
4692 5414
8288 1317
6104 4799
3893 3748
3944 4208
6392 9403
5633 2181
1194 9975
9399 6079
5172 2496
9053 1012
3541 9574
4611 9784
9397 8369
5598 9434
429 8536
8132 9677
6112 1253
9128 5737
1112 5331
3462 3804
3271 4236
6791 4695
9437 3459
8814 4005
5780 5102
8650 9495
4673 9965
901 6437
739 6375
5419 4830
2366 9620
448 978
3519 3412
4537 426
2748 8086
1633 8170
7869 6957
9150 9831
8727 3312
4250 490
5330 7767
361 5008
58 3021
3012 2389
7863 4375
5112 1165
2461 7884
4672 2290
3499 2369
3412 3649
7478 1716
793 9189
4263 4458
6227 4585
3629 6801
3816 8842
6483 6231
3709 758
3366 6283
3927 6350
483 3792
9932 8099
8848 8287
1193 8089
5672 2353
6573 7221
6563 346
332 8992
5786 654
8856 7064
7558 4933
6705 8400
9809 1626
6146 2286
6507 3689
7516 6104
6667 4846
6789 5775
8900 3700
8264 7202
72 383
1412 683
2414 4105
7877 3494
9647 2853
9672 402
3485 487
6827 5370
1366 3842
6845 930
1437 7923
7963 4069
7541 7049
7701 6284
3637 6600
5222 1217
114 5173
2312 7224
732 5222
8888 7099
6300 5573
8391 7461
2936 5977
8756 9316
5086 8280
6120 4824
6230 266
3513 3019
372 3761
3579 2821
4513 7829
4766 3579
2353 5023
7087 6195
877 5330
9155 2501
5927 8751
9753 2837
9666 1377
5987 7691
111 8392
3165 6227
8521 7934
8046 8644
6351 1966
931 1257
6600 7396
6431 1437
9970 7157
9546 7095
2573 4487
2745 3281
1640 8254
3173 4482
867 8267
3100 2691
6503 9799
3839 9675
6850 6874
6768 9959
2876 8581
4124 6811
1148 3419
5600 4905
9436 2217
8126 8707
9508 1339
2097 1538
5932 6317
2771 1711
5661 835
383 9335
8373 7537
8992 375
6072 4728
666 9579
9456 6373
2074 8027
3423 4912
2974 1373
2947 4394
3446 1368
2554 3416
3350 2303
5786 6212
1694 5941
1941 1388
7125 6021
2190 2846
1319 1341
8653 6786
141 9182
2380 1960
4792 291
8022 9134
5677 7329
6557 9105
5307 9718
8805 8496
3244 6845
8748 7733
2102 3268
5801 612
8085 4356
4446 5373
547 3053
7622 6840
7572 3047
2654 9150
6293 2471
9536 9590
2597 2200
1363 7251
6921 1545
2053 1807
4741 3685
861 2839
7249 6945
3928 7783
8441 5832
3343 448
3674 8132
9863 9877
5431 2856
5048 6996
5184 1932
8468 4659
8086 6543
5553 4953
2946 8332
1788 7780
8883 4349
7923 6256
4360 9749
5675 4771
1226 321
8770 1146
8940 574
3133 9447
8427 3143
5041 1637
4728 1140
2479 6479
1347 732
5737 7756
4158 5575
1892 7069
9662 3016
7058 7898
8844 1337
5792 8981
1534 3833
5298 1764
1126 7391
2533 8418
8364 2053
9811 9797
9788 1448
3148 3739
9021 9348
2553 7959
8874 7874
7548 6691
2341 5457
5743 3066
1751 4194
7912 3891
2005 9601
2664 9237
8376 4870
6003 7204
132 372
3636 5088
6967 5675
9815 7771
3211 1125
4738 8862
9711 251
2601 3825
2630 4526
448 2190
8992 6162
6786 3506
6985 6604
5159 3378
9455 941
105 4453
4362 8992
8200 227
2072 8291
4236 2356
9322 2253
1701 2871
7853 1287
9246 430
5775 506
3389 2312
2223 1347
6180 2891
7501 8833
7299 4390
4419 3473
3164 7684
9086 4884
8090 947
9283 2954
7741 5674
574 8677
7848 7197
7376 5926
4846 4570
1687 4275
978 3549
2613 2454
8569 7869
6872 6514
3338 2858
2109 8290
3937 7095
3026 4959
7991 2765
2356 9715
4921 5107
9174 1280
6120 1001
121 2571
423 7302
874 5023
2336 1785
9799 5425
6454 1412
9793 9030
1866 8373
1109 5950
7210 1395
1532 4592
8885 7835
8641 793
323 22
9768 7401
3711 5317
6623 8401
5307 5048
2622 6033
7343 8461
3320 6600
4464 2787
1506 8861
5995 7785
1162 191
2252 1740
6522 8470
5199 1435
6421 7075
8476 2661
8546 5349
304 7377
8912 3228
7494 9919
6517 6675
6512 2130
522 9118
9479 9058
2894 8841
5012 7183
533 2073
8124 758
6317 6213
1021 3059
9677 8255
5029 4504
9750 553
5100 6141
8496 3905
3911 9888
606 5045
3959 3405
8930 6533
9802 6691
4141 672
7407 4284
774 3545
4989 3398
6404 4774
8645 9905
4896 6324
3470 8209
1322 4703
8665 1108
6201 8508
6850 286
1404 6987
2023 6736
5888 9445
7326 9785
136 827
3673 4488
5979 3332
6985 6230
5172 1253
9602 7410
3293 5785
8718 2933
5253 545
2389 1824
9546 9622
936 1095
3140 7650
6166 5386
9663 7928
5036 8316
5724 2237
5626 2897
9412 4266
9217 11
8392 9956
6511 415
6558 8303
6780 6201
2839 208
5624 9896
5309 6357
1525 8942
6280 4050
8181 6632
6963 1828
3066 749
180 6965
9846 3164
8791 4282
6131 2651
1929 522
8286 8230
5729 4822
5801 4173
1438 3173
1594 1471
8490 6690
5543 4551
331 2788
150 3945
2486 8633
8224 8641
8136 4327
1412 245
7351 5979
4339 4391
6957 9472
1239 2424
1106 9479
5009 1826
1406 8953
8103 6378
4466 1843
4734 3055
7405 4764
9471 1263
3159 121
7158 9246
4288 6802
3204 4738
9163 5432
389 3664
7550 5505
1867 1188
3391 5998
6359 346
7544 2492
6675 2043
2237 9766
5437 1239
5058 4360
853 1933
7227 9322
486 5788
6571 242
6478 6201
9720 7699
8461 5560
1334 7467
269 5682
8403 7275
6589 9802
3501 1537
2769 9990
9290 8007
5374 4286
7053 7987
8291 5004
6478 2013
3917 4727
7209 8705
5633 4644
5855 1310
6421 1721
9284 742
7432 9164
5113 2393
8536 4232
19 8270
9497 5172
4995 573
8126 5007
8296 5418
9793 6375
4343 539
7799 6719
1319 6259
9293 7634
2371 413
1933 187
8388 8696
7631 5041
4654 4457
5305 4683
7630 4035
9405 4936
664 1322
7088 8791
219 8290
4331 7200
3405 1521
5011 1711
1721 2882
7805 9125
5613 6596
8859 4106
3899 6994
5387 776
7466 9551
6802 2152
3078 8464
545 3161
8074 4940
5164 5578
1683 5986
9465 5434
2261 7912
6285 7002
4912 2095
2152 4478
2181 7165
5474 3296
5030 101
6478 7545
6689 7994
3270 9280
9419 3224
1411 7634
4729 7464
1366 2909
3466 8064
4138 2980
9919 7603
1537 9557
1993 5141
9031 3879
4848 6230
1484 9401
8965 1310
1728 7812
1604 3087
7237 642
7538 341
5005 2915
1381 6950
8344 8318
450 146
4854 2638
2217 9558
5945 1150
7355 7844
7177 2819
2411 7064
3534 4131
7769 5848
4957 9798
2290 5727
3843 6283
4015 6511
4300 6909
8247 2332
203 9263
6528 7634
7455 7270
11 8046
1824 1359
7673 1952
5433 1109
371 108
8020 4396
6287 3613
7641 6965
3161 4370
1461 1549
5143 5103
7106 2376
8523 8521
3649 926
1274 8489
1243 8910
7396 2596
7110 2202
2739 6717
8883 9214
4442 2373
8442 5041
3726 4677
1884 2941
9358 9214
5628 5912
5815 7953
1086 4129
444 8826
7183 9254
2782 7733
3419 3335
7294 3608
5573 1896
6295 9465
3853 3792
1117 4317
2118 1687
3170 766
4933 9793
5607 3062
6187 4805
3754 938
4290 7068
7876 3717
7919 8517
2444 8101
1325 4508
6622 9055
9263 9461
5097 6760
6987 6709
500 9471
7938 286
7884 6402
6786 5901
7165 1467
2030 7572
1844 8348
6752 4977
2239 7049
4815 644
642 9833
8840 6981
5171 5086
1229 8546
4355 8472
6604 918
4805 6722
4645 2303
849 5063
5773 6359
584 2136
3641 619
4158 4521
2505 5720
8452 6589
1281 2599
5035 4272
5432 7126
2469 8655
5801 4485
7785 383
3384 8927
9476 6804
265 4961
8307 3353
5535 6436
9951 9662
5395 885
264 5675
6334 4022
4172 9249
1726 5177
7099 1381
3690 9505
4003 9736
431 5788
8606 4975
4087 1449
4649 2613
2938 9762
3862 6700
1677 7513
8819 1942
9249 1755
937 1058
938 8342
6283 771
2088 1836
654 9751
8612 1319
330 6658
9726 7463
8024 6518
8019 1973
9128 1586
6074 2768
5766 437
2671 3998
4560 2554
7655 9546
1690 3264
415 4113
3241 5733
6071 4806
5859 7138
1948 2741
9665 3524
330 5624
8015 3678
5716 2255
4506 7700
492 5622
756 484
8316 8221
5327 6351
9885 945
4010 7203
7224 5027
3599 8837
7780 6413
9896 8129
367 7963
1700 639
7693 2472
5015 4665
2041 8287
5277 1632
8324 6661
9719 4416
2797 3840
6668 4112
3488 984
7930 2277
8043 4140
7718 6558
3543 4303
6201 4124
3138 8455
7518 6389
7301 3651
945 5701
5198 6829
5103 9221
8280 5665
9959 1193
711 57
3962 9777
383 2672
8270 9528
8947 4263
4041 7976
6084 2734
3482 9675
4531 1545
484 522
8378 4348
5946 9751
9048 5082
4235 621
4407 4074
3443 8757
7519 8266
3548 1640
7004 9806
9901 5708
5701 4406
344 1013
3449 6478
2370 2772
2337 8782
167 5029
8054 329
5022 6454
4327 7097
220 1364
4105 9155
7866 9555
3316 8177
2571 2839
227 9072
3792 3676
8267 450
6117 1301
1247 1702
2599 3022
2910 9825
8099 3202
8692 40
7109 19
3416 19
2762 7631
4069 7717
7652 7064
5646 3944
59 2304
3954 718
9655 5089
6880 6440
8863 8566
8154 3905
6731 3873
4191 3519
1001 4628
5636 637
4870 9994
2996 5007
9336 4935
6600 7446
1630 4462
8558 588
4777 2461
9809 6737
8522 113
7947 8055
8611 3605
3032 3546
8954 3190
9055 239
1439 4170
2848 5307
9825 386
7734 6082
6645 3149
7751 3282
1256 2019
1746 6084
4585 2762
3969 8680
1321 916
1079 4537
8508 4392
1655 6804
8368 9458
7014 2844
3660 4259
27 6488
2971 2465
2316 8657
6375 6536
4822 6623
8053 8026
1330 7808
2511 2601
4596 803
9866 2507
6858 4559
6711 7286
3585 1469
3721 1744
9528 1172
3655 895
6519 5480
2340 2611
1375 2868
8755 6739
6840 2798
6918 3391
8931 27
823 2742
9693 5423
7744 8573
7068 1120
4504 3149
5157 5929
9379 7478
898 9453
1711 9970
2856 9536
8677 3944
7474 697
3805 4730
5894 4357
9200 2938
1810 4206
1034 8940
598 2142
1721 2673
5836 7506
5807 6576
4150 4620
734 5386
1087 4521
9820 7197
6841 6015
568 1418
3905 3513
4858 132
7251 665
1783 3443
2139 3226
566 446
8481 7630
7457 7307
8644 8560
4181 4175
7373 7838
5998 4548
1046 5112
4509 5855
9338 7557
7403 5852
5143 5323
5019 7768
1337 3194
1764 4466
7175 1191
1322 8965
4879 7091
9799 2266
7973 9657
1687 1600
202 2639
1520 965
6136 1879
3255 5433
4444 868
3284 5905
4257 8626
4360 8081
291 1112
8474 7845
390 7241
1232 6281
5325 5205
3059 1707
3410 5199
7026 6413
7236 1793
5682 9643
7974 3479
1309 3202
8408 5397
5930 6483
1052 7518
7377 2442
7684 9015
6755 6071
9703 7351
9248 9171
1781 4365
1550 9865
843 3853
9439 2996
7002 4083
4175 9445
2931 488
3977 304
6347 5845
3739 6784
3525 5549
7467 4829
8833 3078
1253 8918
9381 7313
4416 4673
8942 4647
8475 3491
251 4570
9050 955
8363 6404
7064 3927
6460 780
8832 2947
4814 4840
6373 4275
8842 5355
356 4771
1230 1363
4483 5494
3891 5619
6274 1263
3073 9602
7049 7941
2871 3954
5549 7396
6141 5056
653 3129
553 5177
3162 8748
4175 7606
9718 20
2837 7352
7076 3361
7115 3060
2483 7534
6833 9497
4945 1229
1875 8819
4387 6334
9569 1509
7846 8355
3498 3957
6882 8837
4697 2295
3644 5472
8683 598
4237 7679
1093 3949
6536 8964
9778 8570
4266 1856
6578 1232
3025 3750
8343 247
2429 2413
5317 3184
9551 1330
2490 1376
744 7420
4832 6037
7310 521
4391 8509
4386 3964
2853 88
8183 2072
4346 2616
8356 2000
1954 4348
3966 7175
5349 5859
5214 5176
4920 6392
3201 3292
3609 5332
8101 8203
9787 8874
9581 2353
639 2923
9553 3459
7224 3850
3037 4473
6416 4808
8964 2771
8396 3482
5418 6645
4172 59
951 5265
8547 4819
4282 190
6741 8432
7653 1115
8802 5230
6277 3989
506 8907
1108 7026
7183 7703
3735 852
7091 7885
969 717
9458 2767
2517 8099
2255 5884
3510 2841
6114 8024
9841 7379
6330 7090
1963 6880
8708 4376
211 3145
1939 4981
342 8674
7360 3067
3796 1720
693 6918
5465 3390
1755 7910
2614 9563
1747 9483
1317 1268
9560 1865
3491 5177
2436 7490
9608 8214
2681 7294
9472 9336
5047 3523
4482 5700
8546 5909
9723 2273
374 762
6798 1327
2376 6779
3822 5253
4746 1208
7235 2203
6910 5301
5795 3924
3695 5599
4928 9937
2535 19
7947 4516
4419 8747
314 1892
915 4482
9421 2042
2501 492
2915 3515
1887 40
2618 6446
3468 200
7934 7034
40 8311
4436 2806
6375 3694
867 361
9222 8369
8907 3110
8285 323
6672 2345
8755 3655
7808 6521
3717 4445
7098 1406
2596 7158
9067 7798
4010 725
1525 7019
570 6503
1674 5543
3224 6619
4866 3985
9380 3168
2565 6653
32 7278
1780 2411
1406 9111
6299 7630
9552 7331
6091 4419
5912 4188
9305 220
1435 2120
885 1424
9682 5576
1538 8139
8348 2031
989 6850
6096 454
3631 1442
8311 4098
9391 6982
4680 546
6858 3140
7768 4381
4058 1960
4546 7376
5425 2097
7995 3754
3987 444
6735 6574
462 1977
9520 5941
4804 1376
9554 9726
3840 5241
6677 7508
2040 5222
8387 2120
7091 8316
8579 8477
9401 1351
6585 8040
671 9977
2027 9955
3761 9391
5436 5214
3649 3673
1991 8433
2246 92
8847 2239
3867 8218
990 6818
8820 7771
2411 5757
1293 5543
4211 4729
7208 2030
9675 7238
3024 9111
8005 4296
4027 7308
6826 8236
8861 4631
10 9547
8355 3776
7742 1563
1807 7053
7863 9437
8457 9129
343 7599
3149 6271
7018 8419
3277 9425
9497 2081
4111 9062
8963 3837
7221 3796
6042 8554
3020 6241
9143 5646
3184 6349
6514 7960
5089 9804
3251 9264
1462 4156
7771 4963
1219 7138
8857 162
2401 584
2504 1234
2591 3862
4303 1553
3099 5995
5038 8832
9000 5058
99 3966
8696 7010
9325 7743
7881 6689
6540 9665
5584 8052
3665 1400
2288 8883
57 7365
448 16
6506 3264
9071 2857
375 477
9483 5245
8355 3589
3149 823
9866 4673
2893 6495
313 7304
1128 2269
1252 578
6516 3928
175 136
6093 8706
8287 2199
4768 9963
2879 4237
7829 4539
7361 7403
5823 214
3613 2246
5197 9322
3120 364
3822 6786
7401 7475
8457 5801
6040 9718
6372 4041
7547 3742
5644 7274
3558 7127
2527 4172
8117 2848
8815 3644
5494 5465
7044 8756
3329 5991
2536 693
3320 9177
7692 5301
3768 6563
3885 2947
8566 9211
9113 453
4085 9653
7596 5189
1209 2476
9505 9352
9279 7548
3519 503
151 6413
6517 621
9804 1138
522 7265
6916 9873
3150 8863
7350 1763
4990 7234
238 2258
5045 525
2013 4435
4289 8355
7884 2572
1984 4902
757 4250
6118 5584
9404 4708
329 4483
9019 6523
4236 7566
6357 5950
4631 8361
1253 9419
9635 231
9134 4150
4275 4003
7301 8155
2277 5689
4343 8833
1690 4172
8094 5576
5827 4859
2081 3764
1487 5277
280 5772
5552 6088
309 6473
3578 7165
5510 3876
7010 6343
3385 4555
2352 9367
4727 6850
3598 4784
2312 6972
5173 3180
3770 7227
7156 5535
1882 9310
2450 1429
9554 8923
4953 144
6849 396
3237 1516
5253 8249
2989 1185
7717 1788
9624 9517
7327 6706
3363 2005
9695 4967
8316 7156
515 8661
4843 7159
4600 4957
1234 9516
4824 3389
5379 8078
2592 5174
4803 563
4379 4436
6015 9716
4523 1448
7756 7879
7922 2664
7197 3162
3604 6776
3786 6672
1475 4222
4508 1180
8573 7441
4181 6154
6389 2477
8267 874
5420 8213
2113 3553
1932 5198
2719 2316
3300 8633
4783 85
3743 6170
3924 970
3782 7976
7574 7955
9043 3673
1090 8019
4679 6915
662 3556
396 9035
9677 7638
4004 4009
1354 4537
6012 8343
7302 6570
3073 1635
4855 9184
1173 8848
1804 6436
2864 5433
5992 4200
6704 3911
1619 4175
6130 9274
4500 7451
1352 9200
7756 2431
4850 330
40 8181
4350 7857
4394 6880
8318 6786
3594 9456
9364 2815
4314 3366
4866 3613
5230 7273
2792 5277
996 3162
8332 5529
8127 9712
949 4972
502 1314
6093 5325
8967 8376
8151 620
2170 5994
9613 122
7391 8745
5199 5987
6028 9481
2449 4362
4591 7299
1341 6822
819 8403
3694 8710
4981 2731
9613 4444
6790 5724
4348 6201
6879 1780
5999 5868
8129 7519
8666 9444
5665 6517
2088 2262
4798 287
8349 5307
5921 8200
6776 6728
2230 6287
1828 874
6299 4588
8680 4360
1102 7600
5177 9853
9611 1607
1968 6667
3 3548
3571 372
758 8032
5264 6600
3418 278
7767 7301
5485 9164
8064 290
7183 2527
3934 1484
1940 2646
3676 6292
2564 3907
5491 8053
8447 9517
9975 2432
6301 7104
16 992
4200 4878
6809 4019
9580 5932
9490 9156
852 9198
885 744
2575 258
6086 4159
8025 9248
1471 8802
4902 5163
2686 3243
6483 1351
612 7536
8619 3692
8983 936
5466 667
5572 5227
3202 3631
4482 6014
9058 8061
5160 9312
3479 8756
2753 1674
2295 8969
4074 3452
8099 7574
6292 6613
1400 8238
9495 6722
4661 3370
748 1115
7236 3385
6479 5163
5714 8972
6817 957
3590 2413
8917 3604
8369 9663
5397 9682
9513 7018
2054 4022
7634 5659
3365 6509
3064 3134
5056 5309
3349 5747
9302 6690
9453 4644
4453 2535
2653 2516
5051 8348
2711 6887
3829 6320
9125 7030
8203 2288
6690 8190
4462 1308
4354 7373
6509 3540
3842 1721
2273 2352
8401 4087
6380 4823
6219 5134
7743 9227
8223 4202
6709 2554
686 5716
2622 6010
5353 711
8028 6326
6660 568
8724 6295
7764 3772
939 7973
1485 1087
5891 4672
4975 9022
3734 8967
3264 8523
689 7690
4087 6052
895 5543
2663 3809
364 9290
7838 8430
5359 2424
2337 6793
6174 3805
6029 8820
2370 2540
3808 6758
4830 7449
6142 7650
6906 6585
11 5388
725 3977
7946 8084
6213 8469
2923 7425
9062 3391
2701 4343
2969 7541
5027 3425
8341 3365
5032 507
2362 4769
4695 7237
9001 5222
6432 4692
1406 5600
955 4681
8582 3060
4741 4845
8001 9201
6283 5508
2133 1620
5082 6343
9903 1768
2162 6522
947 5436
7399 1633
4485 5535
8965 2424
694 1728
1125 4395
3944 6793
1960 6428
7464 1654
8434 3138
4203 1540
4844 6003
8369 3423
3352 3885
9213 8245
3991 7255
2724 3498
8094 6372
7037 247
3284 1391
8103 3159
4845 835
1579 2629
1405 2476
9765 8842
1666 4503
4660 72
7638 2049
8092 1465
2855 7751
2230 9685
957 4945
4551 6437
4392 5626
9395 7740
2662 6834
3253 6750
8167 5143
8843 6180
7358 3284
6509 1501
546 4714
6162 9795
7516 608
1711 9362
7106 3598
488 7863
4516 8378
1807 146
3959 7154
286 5140
1197 6229
2651 5382
4900 797
6874 3598
900 9914
8680 4859
5797 3119
9983 3025
8246 2537
3016 7550
3907 1867
7461 8619
7246 329
7165 3373
9873 4735
4231 3159
9196 5018
4376 6223
1843 4367
7274 6928
3730 4570
9432 949
2310 3466
3145 6482
7893 4354
2207 1274
2042 2604
4819 8792
2207 2671
1666 3256
6872 4975
817 6199
4788 1225
6945 7934
4082 16
6170 8840
1548 648
4252 2534
1872 1940
7018 9472
7880 4778
1376 3695
3405 2490
2489 8382
3850 2352
7599 7653
7960 9847
6623 6849
4957 5598
5265 3499
2373 4679
9888 6789
4626 8881
1264 1252
2311 8352
7065 606
7627 5742
5396 9149
3163 1398
8572 6186
60 180
3521 7266
3022 1395
6568 3893
625 1386
246 4773
8238 8003
7095 4053
9798 8040
7690 3933
7695 6263
2353 2239
9214 9975
8469 5657
3873 9788
8266 4803
2787 4911
8974 3843
8614 7701
7874 8894
6537 6879
3880 7963
2798 8224
1819 5688
6454 7110
9712 8387
3944 3962
346 6414
2431 4616
3809 5171
1386 1726
8084 7778
2334 253
6413 6412
5578 2349
1583 5165
9933 8857
437 5899
6375 4844
144 429
5237 8593
2973 1529
5715 6676
7524 3482
5598 2075
4476 1971
2872 8243
2454 8898
6877 1052
280 1993
5266 1952
9206 4569
2804 1319
608 3515
8503 9293
423 7670
9164 9941
8051 272
9518 5743
8869 7549
8177 4289
2505 8728
6790 5607
1848 4900
1053 9392
282 7263
3892 886
6911 4850
823 5143
1635 4792
1717 3141
7154 821
5889 6293
6640 6198
8026 457
6883 7087
8255 9325
621 6971
7644 8124
7582 7246
1798 6489
5488 6191
9328 6921
4823 7235
883 4877
3100 2969
20 752
4808 3170
41 9442
9352 7399
372 8495
5239 2575
2262 1991
1553 3517
8084 6423
5102 5724
8221 6428
2188 9397
9447 7343
6725 4834
4204 6452
2120 6903
3911 2901
2732 5444
8726 9165
9716 9086
8751 69
1056 7154
329 638
3909 2195
2730 3277
5448 1126
1940 677
6928 2668
8918 1764
6275 2746
9291 5015
9270 4138
3530 5437
1906 3365
887 7587
8007 3011
2480 8067
9639 2170
6719 2386
3933 2565
2535 4741
9958 4552
4049 646
7729 2141
4121 6120
6236 1720
3729 2748
1442 5085
4098 2056
9287 6841
235 7795
8478 27
4871 1979
214 7857
5623 2028
9937 8010
207 5639
231 4010
2393 4647
3835 7846
7102 8943
8484 1740
2477 7098
4777 9160
7513 4
2815 4124
8202 7396
4138 2757
588 6741
8759 3786
9214 2380
9159 2444
8271 1753
9358 3822
2792 1861
2019 3106
7275 4912
4503 7729
2455 5888
7451 6565
3609 807
9314 8101
5085 4149
7134 8844
7376 4176
426 1323
7518 8726
181 4902
9749 6982
5884 1506
5940 8985
7299 667
5346 3816
5986 5839
368 2671
180 1159
9171 6574
6962 5633
3581 7403
9274 7224
9751 2719
1922 8555
2909 7010
387 7235
8210 5031
1364 801
479 3791
4830 9655
5423 8708
4437 8677
278 9170
9796 3256
7082 3540
5032 2592
3546 8856
3761 6300
2028 9718
4053 5654
9170 4901
1047 8570
2019 3253
2858 8189
2244 1385
6404 4500
1436 9025
507 8296
7733 5873
5087 6557
4884 3717
4357 1985
6442 712
8189 6274
2665 4653
786 4570
2839 8189
1433 8740
7892 2846
2842 9547
1159 1940
5429 2483
6473 8117
5720 969
2204 5998
7732 1810
4604 3797
7600 5828
8641 345
1268 5266
3692 3917
6135 6028
930 5207
3256 6275
9997 5729
8157 8755
7605 9447
8842 5825
2331 3571
4799 3231
7037 6896
5316 2969
4528 6380
3370 1664
4711 2337
4824 1948
9519 7622
6377 2541
7186 6322
9601 6910
3764 6290
5909 867
4478 4815
5656 1818
7398 849
2969 1747
2868 9508
4569 8538
6088 8049
4955 9476
874 7408
827 7333
637 4957
9714 3013
2155 3048
82 3099
8702 3683
4457 689
9799 5945
6722 5948
1308 8400
962 3333
5705 124
8826 5331
9472 3227
7955 3762
11 5447
2287 5166
9783 6243
6046 2753
4877 1554
7373 7692
7151 180
5213 6872
2413 8136
852 6184
3078 7772
2882 6665
5848 4350
5473 3012
5163 8448
6172 246
7352 6478
6981 11
3553 8122
3490 6790
4902 4485
633 9011
5237 4704
4031 7373
9788 4506
5712 1321
1427 7300
92 5920
7479 6532
3263 9608
1322 7893
9 6272
5998 6643
6829 2370
3442 5823
8577 9554
9685 8262
5700 8908
503 9143
4708 9291
4398 8577
2386 1468
321 2198
553 9903
7695 7301
752 9066
6021 1271
8765 5525
6184 8324
4613 8357
418 2252
4284 490
803 107
1217 9546
7235 3236
9394 7574
2639 2974
2497 1578
4673 2113
4628 6571
5388 4044
5842 3497
4929 4927
2150 423
4351 1954
6031 4042
1057 387
4176 9951
1474 7091
9106 4087
8858 1807
5433 4739
7587 4761
6663 175
4382 1509
3818 7065
1287 1872
3549 3908
1301 3204
4845 9793
8158 4819
5406 6568
6656 1461
780 1933
1115 6878
287 8416
1736 3024
7307 1687
9055 1021
8209 3710
7221 8036
8747 8718
2846 1549
9303 8707
6037 8478
4232 1699
4349 298
5102 9432
9579 7299
9795 9812
3402 9994
8583 6516
2901 8022
4647 4314
5488 2678
6323 7946
4396 1928
3141 1709
6305 6091
2203 931
4808 5255
1217 7252
413 3936
2304 1858
5511 4890
4784 8991
6413 9128
6139 1426
9990 322
8101 2446
7700 2102
19 6641
2897 278
2924 4087
9138 3610
1385 662
1359 5628
8249 9864
2731 1679
4188 4513
7491 6021
7028 3816
1979 9399
3662 1959
6613 4476
2058 2983
826 6683
5119 5961
8880 6361
587 6172
4936 5022
4793 9174
7938 2401
8495 1531
5036 7360
2013 2459
3221 2337
1729 2700
1711 7490
4087 502
4570 9021
1631 9712
5593 4918
6482 5016
3591 7919
1991 5036
1509 566
5925 9565
9551 7037
1626 6749
3159 533
1756 8027
9087 8101
6361 417
8055 9351
9316 8338
8361 9
3791 1914
6350 9569
6928 7102
7979 846
8560 74
970 9575
7408 4413
4452 734
5244 4346
6975 64
4272 6401
2875 3352
242 6779
5142 5237
7208 9613
950 5553
9801 6006
4548 7918
964 4670
7771 6693
3312 8880
9434 1230
1163 2520
7644 8049
6154 4809
4447 1046
1370 1049
1602 6768
886 2885
6006 8028
3317 5696
5283 2486
7883 8452
1164 9696
2604 9143
1455 8182
5536 1619
9653 5330
432 9252
4620 1583
9590 2766
3143 2483
909 5097
7915 2634
6880 6619
5023 8510
3321 6811
1521 2591
3982 5510
16 1968
1793 4218
6199 7803
146 3475
5760 8924
4633 9937
2043 6086
3300 5826
3776 5526
6213 5644
7508 4444
3613 2795
4068 1655
9797 8074
4930 896
3385 2150
2446 4611
8509 996
8058 5032
7379 5094
2804 6655
1443 3300
7420 7606
6097 2557
8185 9395
6702 5111
9066 2499
43 1939
4568 1540
5197 8127
1763 5641
7241 4113
7265 269
3598 7869
4129 9720
8964 1404
8974 4078
3129 8293
9919 1102
5173 6723
1971 315
2073 3480
1751 3429
949 2512
3791 2908
6723 8859
671 4904
8430 5388
8416 7210
4903 1664
5733 8241
508 3570
9493 1128
7464 3730
7835 8103
9963 4955
374 4509
5640 92
2947 1482
5708 9352
6226 4848
3700 8401
5653 2771
909 588
5293 6400
9447 6731
3479 5894
5869 265
1039 819
8040 1688
2095 8971
8347 8786
3837 2340
4204 821
8245 9677
6531 6958
6033 265
7034 7249
3794 5797
7075 2591
7520 9623
3053 1598
4484 3211
3778 8189
470 7734
3985 6681
7803 1465
9072 3016
993 4742
6041 920
8786 3598
5007 6527
1225 2769
2585 8151
278 2437
3011 3829
4156 3358
1426 4866
8122 7876
5941 4193
7396 2753
5208 114
96 5183
605 9490
7159 2251
3459 4490
5657 354
8051 9635
3572 58
8134 6142
2541 2701
8872 823
8636 6245
539 1501
8049 32
504 2217
7157 390
1578 4990
9792 6872
6067 9283
9933 7979
9565 2628
1688 2088
7023 8388
5316 8826
662 2924
9233 7524
7049 4361
1111 3955
8170 7209
4305 2258
3047 2936
8200 6041
4395 7520
6351 9284
436 4395
6967 3100
5143 2724
3678 1234
8003 8092
7857 1622
7330 4845
6514 7706
8963 3475
6402 7236
9573 1943
1138 6249
4829 5947
7022 5668
4009 5656
2823 9472
6231 6307
913 654
2554 8264
4778 1148
245 7550
3517 9479
1469 9624
4035 545
8061 1694
7885 1734
5529 6156
9092 6571
1576 2287
2358 6460
1506 7183
4106 1364
7373 2461
5564 2622
5926 9885
7030 4687
7701 462
2150 5420
372 5160
3236 3063
3761 1487
6133 9316
4426 8522
3938 8475
1129 7438
6643 9768
743 1252
7095 1941
5641 51
2437 2686
1717 5780
5205 423
2200 4436
4361 970
8130 3446
5537 8746
3892 4814
163 7106
2668 1693
4106 5002
1865 2766
3546 915
8318 2571
1418 3245
3062 8120
7578 2946
2473 1309
4413 7266
446 9915
9658 6927
1836 1139
2992 4799
2983 5208
9791 3255
7112 4351
7566 1552
5148 7082
8916 3442
4453 7459
9994 9626
30 5856
711 6254
8923 7538
809 3150
17 8583
4683 9089
3184 6029
8894 8234
8290 2872
1280 3149
6818 8805
1274 5815
6690 7758
2533 2662
846 534
6511 7234
8655 2596
2591 5986
6691 3637
9994 6377
2220 2552
8910 3761
2141 1212
2384 3599
2671 3363
2499 1859
6693 8005
2393 157
9311 4226
5785 8796
1399 7112
4473 8043
9205 4473
6032 4997
9289 1434
3685 2594
5840 8210
7441 6299
2819 6802
1150 1079
1429 8307
8695 5283
2889 9197
9138 2554
7064 3464
3270 3641
9015 5638
9150 9246
2062 8866
4402 5143
4457 3581
5349 4428
6082 8214
3817 6146
5699 5709
7545 1185
2126 8743
3652 4766
2807 6660
2210 2469
5852 9859
6945 2065
4357 2717
4771 3525
5017 6964
68 8055
6521 4891
7154 4575
4433 8606
384 6985
5461 9048
4367 1607
5385 6020
3843 7757
4918 8540
5019 9117
7154 6911
9838 6455
3232 5590
1468 5228
2059 4686
8291 843
5675 238
4570 2730
9246 4944
4728 8271
2771 7716
9994 7466
4863 4645
9777 5253
8981 6487
2255 2359
4891 2384
717 8167
3475 756
6765 9155
8796 6562
8495 5173
4356 9257
821 303
6939 7995
6661 817
9182 8476
8993 8954
801 4387
8010 9194
992 1474
7910 3594
2588 3649
9847 878
1550 2933
970 2358
2031 7407
3390 7491
3268 146
348 2311
6903 5840
9346 4504
6298 1007
2798 6798
9493 4931
5981 9436
122 9552
2911 30
5453 6284
4485 5600
4741 7475
6802 2876
2258 1047
1766 8923
2413 4075
4264 2110
9563 314
2689 2667
4986 3263
1718 8128
5088 6428
208 3189
3872 7857
1210 2181
5526 4560
512 2553
8199 1700
1602 1887
1552 80
5986 2451
1591 947
7263 5812
6653 9303
3833 4465
1500 1731
801 3945
8555 8286
7829 1241
5141 3271
3618 1278
6405 8154
7711 5157
9877 6236
345 5772
6284 6817
4577 839
8155 8702
127 9750
2117 2467
7479 4928
8936 7991
1768 741
4185 436
9155 7769
8189 9639
6645 9280
7963 7606
1271 5011
5696 4674
5353 9933
5434 7562
8673 5379
7752 9385
5066 1366
3008 786
2806 1591
6576 828
7222 7355
8225 156
969 1690
4848 6512
1892 4819
6245 7080
9689 9796
9696 121
7574 6696
4042 9273
9629 1528
4647 8858
7553 2328
1720 7866
6343 5787
4392 3384
4901 1275
5117 1573
920 1774
911 2745
117 898
8745 1602
4445 887
81 6573
2483 8683
5788 2653
8151 8447
1455 778
9472 8202
9042 6928
709 4866
8764 1736
4135 8659
6284 911
2142 5478
955 963
9516 5104
457 686
7449 6956
1549 8468
5708 3316
4395 3873
8883 8207
654 3078
5176 8006
1114 2016
4961 8872
3224 8384
7498 9534
5826 167
6956 5050
5600 8226
7197 1729
5328 5552
974 3554
1753 1077
3296 8344
8971 1237
4275 4235
1740 4750
1246 9611
7202 6395
3361 7692
646 2907
736 8987
963 3782
8545 8834
2022 1322
6372 4783
5119 3405
4226 2370
2715 2454
6779 9042
776 7460
9566 4254
2795 9243
9278 5019
4240 8805
219 372
7266 9547
5573 5453
8596 3938
6722 6185
3019 3511
5484 7330
3825 7516
4537 9213
9155 374
9473 949
6544 6300
7301 5488
1543 8396
2699 1439
761 1715
454 3221
1500 2054
677 4727
6300 1594
521 3167
2821 7673
8433 6108
9454 9580
6428 6330
7464 769
5386 5172
7308 1690
5642 4869
9517 7771
9675 2466
9864 3385
6272 9358
2634 626
8644 2140
742 789
266 2486
6864 9354
3378 262
4882 6820
9961 850
3610 504
3472 570
837 3133
2198 2058
5061 9158
9622 5218
2471 4553
6779 1150
8518 6299
415 757
6373 2835
5961 531
7252 6042
8953 9502
7692 1884
5018 9703
7487 432
1172 6226
9348 1629
5929 4376
5784 3729
2757 9703
6396 4027
1349 2597
2586 3176
154 4607
3110 1641
6523 5007
4394 7930
1092 3843
9762 8974
2604 4398
5208 3690
588 7464
3922 1640
417 937
9474 61
4193 4355
8207 4935
1347 578
4364 5176
9197 4856
1933 150
1117 5714
6488 7241
8837 9690
7614 6528
1339 2565
7270 7398
1389 3554
2110 3610
1022 4026
8508 739
72 3130
6223 382
2701 264
5111 737
8120 3488
3655 2706
8023 5770
2706 3991
5519 5406
4521 7058
5899 1197
2710 4635
450 430
1697 1468
9706 666
8348 8199
6760 1647
7812 4661
7234 483
6195 7732
1389 1473
430 5039
3099 6271
1310 2469
8287 3735
7266 7884
8355 3610
1702 1532
4704 5327
4444 4168
8127 750
9403 7444
5382 1455
4819 7236
1942 5836
101 8223
8908 8899
8899 448
2557 4382
1629 8759
3194 4185
9626 9300
5414 6483
4935 8700
3865 6046
6014 1560
4887 2536
1531 5339
5978 1048
5878 8051
7508 2411
1942 9461
1509 1500
1515 1022
5255 8947
1817 5265
9966 565
3450 448
8159 1819
2717 597
2258 8125
5868 8127
5837 3566
2485 6074
6241 1929
286 122
4686 9820
80 7372
759 2971
2476 7193
5430 8776
4206 2393
4436 2855
5031 32
5464 7498
3167 2701
2141 6506
2328 4117
8757 367
4565 5113
2571 2074
9716 9569
4473 3538
7245 7396
6020 5622
8688 1664
7475 6811
5023 2665
7090 7872
9934 6651
9035 1600
4905 9439
7757 8042
5469 621
1681 3501
6634 3283
1095 6558
3729 4036
7490 235
9896 2989
5327 5533
6808 6967
8372 5699
7670 7413
6562 8668
6533 2719
5301 3
4588 4268
5035 1281
4823 9275
5339 8108
6271 2426
5706 8804
5291 6347
5757 5359
2553 7994
5210 8344
7699 479
9137 3300
3060 7394
3063 6645
2459 9685
5596 809
4687 7377
2507 950
7658 3457
638 3312
9044 5593
3722 7405
6522 8558
4655 4806
5369 6135
6423 5812
4570 5112
5482 10
4886 9815
9184 5199
5825 120
4194 4074
1549 6444
61 9629
9089 5083
1501 8847
6811 1090
7064 2731
6052 6663
9773 7930
3706 3438
8130 4633
9805 5640
9547 2901
4459 2894
6462 1471
6658 1117
8046 8547
2885 9230
4905 621
6651 7759
5832 4458
9025 1405
4911 3590
8400 7732
231 668
2767 3761
6994 5883
843 6416
4972 567
198 8829
5622 7967
6150 6137
9501 1455
2512 5807
8157 9788
6671 8653
8087 1098
5535 8614
4616 3914
3573 3578
402 2485
8120 228
8023 6711
9712 4913
1170 2707
1107 4085
3664 1602
4255 9920
8472 508
1023 4387
2776 6280
1477 127
1545 1988
1622 4386
7905 5012
2616 5015
6809 1891
5533 6982
3311 1083
2646 8277
9397 6985
5992 2019
8027 7045
8108 7936
8042 7582
7603 6488
7783 9573
8430 5893
7275 5087
5386 4316
5668 5197
3312 7441
4828 1056
8988 6120
32 2618
6711 6442
9853 2663
9534 8545
9001 1400
1449 2872
8479 9397
5007 2455
24 4191
3231 5237
1853 8883
1933 8583
9351 466
7872 7938
6320 5244
7156 3530
7493 9302
8277 9155
6546 6755
4834 4863
9077 348
5165 6131
3524 278
466 7168
5615 8582
9094 3146
338 1506
2666 4798
8419 6656
7606 2840
4758 9311
806 978
2638 6133
728 9918
2694 6708
9966 9319
3425 2204
6737 418
1654 7208
4590 4758
1713 1106
1637 4531
8181 5915
4113 3786
5045 6735
4212 3499
5228 9071
9165 837
1212 6839
9632 653
5265 2429
4131 8650
2734 1666
4022 5711
5140 6864
2721 909
7634 7974
6202 6136
4428 9287
3429 9519
2901 2947
5812 962
4653 6372
3523 671
7905 1684
5107 3546
1769 5952
64 801
9728 4804
1965 5369
8833 7106
2018 11
5905 2479
1859 8999
7733 3270
4880 4442
5576 8575
4010 6737
1914 3458
2941 1046
2839 9666
3683 7547
3475 4400
7313 553
380 7207
9444 9488
9280 6347
92 2310
5948 9507
6693 3999
4674 6794
2634 2858
3857 3768
1083 3543
9164 8508
8364 467
4890 4032
2548 3959
3556 2500
2742 297
6810 625
1890 8015
9488 9665
8433 9992
9252 6648
6843 7568
916 1164
2540 203
6375 5773
4196 3183
762 697
8578 4196
7082 2602
8462 1769
1330 4830
4218 1666
668 8094
2664 3100
8866 2569
6066 1352
2467 5151
7158 2489
6402 5889
9992 2206
7506 6060
8570 5930
3673 5491
9569 7886
1928 3193
5207 1375
8972 8835
4809 5880
1693 2737
5269 9773
7568 6012
6909 4097
6224 3994
3570 6544
3816 3567
8881 2358
4555 5074
665 322
4878 3778
3438 8495
2858 7627
7773 9103
1185 2465
2064 1350
3102 9421
8538 7630
905 6962
9237 2420
6518 6790
7879 9162
2980 3429
3281 9958
9441 5983
5104 1185
1516 1881
6793 2312
1768 3822
3537 4649
4559 8309
262 9326
1007 3064
637 2033
4931 7134
2675 4095
4977 5035
3179 8058
3103 3081
6532 4728
8344 2808
2081 848
3142 7883
1237 5596
6739 2210
4376 8430
5840 3575
4575 7327
5323 4746
9354 2792
5166 7014
835 2031
2187 4290
3405 7596
1912 5519
2829 2710
6108 9001
5227 5051
8837 4501
69 4985
3745 7004
4960 3660
3872 8765
2075 8492
4914 6927
9148 5036
9175 7879
7187 1164
1164 8756
3463 7964
8715 1892
8999 5623
3972 8457
2300 3254
162 6623
5733 7501
5306 1506
3499 2531
7572 308
8798 7905
6967 1366
4644 111
7649 9573
1647 5439
7724 298
3176 3948
5187 1972
6253 9314
6241 3598
4592 5145
3398 2721
8924 6337
5856 9799
2065 9456
515 4364
3221 5653
4208 6323
913 8611
3141 2139
7284 4590
3013 9043
698 7612
8635 2504
6489 1848
1848 4516
4539 313
3243 8687
5331 1646
5301 4921
4488 7558
382 9338
1545 3818
7994 8900
7055 515
1241 1865
8348 2689
5622 7837
2628 1422
7213 4255
8040 9137
1547 3490
7278 156
766 8523
3190 6945
8756 5264
437 885
8515 8356
5332 1251
6982 3662
4991 8542
4975 1098
9 7241
9322 3810
9158 181
6436 375
3048 4623
2765 7718
191 9059
758 5908
1666 1330
8006 3244
8439 6509
789 4211
8125 7221
1434 1882
3027 2362
8575 3485
8826 4824
8522 1380
7930 5706
9122 7037
7469 9926
1380 1474
1972 2517
4105 9054
8706 800
7246 5316
1390 7652
8700 9801
387 2958
6849 368
3153 2312
300 8439
386 9674
7995 1768
160 2622
9327 3604
8196 711
4840 5729
1147 7907
854 9082
3742 5164
8517 5842
1744 3588
8633 4741
8674 1746
648 7004
3480 3972
4044 3556
6852 6519
7984 5621
5549 5320
4508 3367
9392 1100
4913 154
2650 5329
3610 5142
6700 3388
9628 5019
2936 9106
1054 2336
1098 6809
3227 9174
6632 6529
500 3103
6690 1515
7959 2837
290 4690
6619 9155
4806 2027
6079 5269
6996 7829
8804 5228
1051 6481
5920 671
3748 3224
7550 6402
4766 763
1424 8160
9745 1995
9049 9647
4316 1466
3710 1427
8776 1086
3055 5633
1126 7419
1811 1631
7010 9053
2629 2263
744 8027
1512 931
9555 7361
1985 3100
9992 1471
6965 7711
8400 1630
6879 3241
7217 3465
6616 8200
8027 2553
3022 100
2424 6301
1376 6375
4303 951
9082 9019
4349 838
9813 9992
5007 8917
2313 808
803 9896
3482 4407
2369 1117
8862 321
6928 1534
7733 470
9335 1736
5016 3489
7614 5208
3584 7801
2503 9455
703 5464
7762 6540
3457 7733
8277 5939
580 9716
19 9154
3914 9783
5177 6187
2263 9335
3999 4121
7987 9933
2465 9405
4521 6906
51 5026
6617 3311
2535 5485
7798 8196
8923 2155
4375 1604
1040 9714
6696 342
6400 1512
6324 7115
6156 8965
303 2739
9627 2207
2846 4559
6648 2782
3688 6043
2929 3510
5320 5431
3608 9726
1796 19
7097 3022
8120 3349
8464 9346
8805 3223
8373 4734
2661 3880
8254 5271
5165 6432
5645 4854
6971 9154
3256 993
9154 4252
9690 1751
9791 6529
7982 4704
2181 331
3858 1219
5218 4349
2217 1193
2602 482
9103 6663
896 1293
8189 7905
3268 6843
9194 8888
3106 2536
6547 1763
5083 3908
868 8936
8290 4402
2016 7982
3566 3396
5742 962
4390 9175
7193 8182
6663 5213
7807 1171
9111 1777
619 7269
778 8201
7612 5483
5457 806
9781 4352
5726 6858
247 2536
2465 587
3612 4693
9393 5115
8214 5709
9022 8097
7234 2948
8643 867
3772 7799
984 5165
8342 9277
6212 1210
1251 2247
672 850
532 4482
3128 9841
5991 6351
1395 2642
697 1028
3254 1928
6750 4834
915 5573
3540 1504
100 5360
4370 9838
5543 310
1861 728
8943 4905
9345 8103
4878 8709
7798 1848
19 2109
4774 3892
947 5353
376 5766
9975 8391
821 5658
3549 8396
3654 6463
1395 3944
9211 761
931 282
1373 5353
2947 2585
5264 6277
718 6590
9859 6351
9117 5448
4967 5761
4900 338
2872 2118
1012 1294
5576 1789
7967 8665
4830 7863
5898 3237
1785 6815
3538 8479
9376 7257
7340 8688
9367 1287
2565 8912
56 8433
7941 9551
2404 3073
5761 6507
1886 8974
848 7292
8055 389
6804 9997
4 3934
8565 9536
8985 3706
5444 4477
2908 4124
5948 4010
5373 9966
4083 5030
